* Source of data    : SEQ_F1_S1 - Piracicaba - SP
* File content      : Input weather file for Swap 3.2 (www.swap.alterra.nl)
* File generated by : R-Script 
* File generated at : 13-Sep-2019
station,DD,MM,YYYY,Rad,Tmin,Tmax,Rain,Wind,Hum
'SEQ_F1_S1', 1, 1,2013,23140.0,18.61,31.37, 8.0,0.88,3.36
'SEQ_F1_S1', 2, 1,2013,23120.0,17.77,27.48, 0.0,1.71,2.73
'SEQ_F1_S1', 3, 1,2013,23480.0,17.09,25.06, 0.0,2.27,2.43
'SEQ_F1_S1', 4, 1,2013,26070.0,18.04,29.71, 1.4,0.92,2.92
'SEQ_F1_S1', 5, 1,2013,30000.0,17.83,30.45, 0.0,0.72,2.89
'SEQ_F1_S1', 6, 1,2013,19090.0,18.77,29.46, 1.0,0.95,3.10
'SEQ_F1_S1', 7, 1,2013,26650.0,17.75,29.35, 0.0,0.72,2.78
'SEQ_F1_S1', 8, 1,2013,25070.0,19.20,29.83,21.3,0.92,3.06
'SEQ_F1_S1', 9, 1,2013,20630.0,19.72,27.20, 0.1,1.16,2.96
'SEQ_F1_S1',10, 1,2013, 8940.0,17.53,22.55, 1.5,1.60,2.37
'SEQ_F1_S1',11, 1,2013,24010.0,15.60,23.62, 0.0,2.18,2.09
'SEQ_F1_S1',12, 1,2013,11170.0,14.54,21.07,29.2,0.97,2.08
'SEQ_F1_S1',13, 1,2013, 5020.0,17.04,19.89,50.4,1.11,2.13
'SEQ_F1_S1',14, 1,2013,11080.0,17.06,24.63, 6.9,0.57,2.53
'SEQ_F1_S1',15, 1,2013,12940.0,17.92,23.02,10.1,0.52,2.43
'SEQ_F1_S1',16, 1,2013,10100.0,17.26,23.89,10.4,0.85,2.47
'SEQ_F1_S1',17, 1,2013,24910.0,16.47,25.98, 1.0,1.11,2.53
'SEQ_F1_S1',18, 1,2013,30000.0,16.54,29.36, 5.2,0.68,2.62
'SEQ_F1_S1',19, 1,2013,23280.0,18.82,28.49, 1.1,0.97,2.95
'SEQ_F1_S1',20, 1,2013,29010.0,17.42,27.05, 0.0,2.34,2.45
'SEQ_F1_S1',21, 1,2013,30000.0,15.60,25.81, 0.0,2.57,2.27
'SEQ_F1_S1',22, 1,2013,30000.0,15.48,27.67, 0.0,2.01,2.35
'SEQ_F1_S1',23, 1,2013,20450.0,17.28,27.96,17.8,1.11,2.67
'SEQ_F1_S1',24, 1,2013,25880.0,17.97,29.41, 0.0,0.55,2.89
'SEQ_F1_S1',25, 1,2013,22420.0,19.33,29.24,21.0,1.06,3.05
'SEQ_F1_S1',26, 1,2013,13870.0,19.43,27.12,28.1,0.97,2.93
'SEQ_F1_S1',27, 1,2013,17650.0,18.88,25.25, 0.0,2.07,2.57
'SEQ_F1_S1',28, 1,2013,21450.0,17.97,26.54, 0.0,2.32,2.56
'SEQ_F1_S1',29, 1,2013,23380.0,18.27,27.17, 0.0,2.11,2.61
'SEQ_F1_S1',30, 1,2013,21020.0,19.51,28.43, 1.2,1.50,2.95
'SEQ_F1_S1',31, 1,2013,17030.0,18.63,27.80, 9.0,0.72,2.89
'SEQ_F1_S1', 1, 2,2013,26910.0,19.43,28.83, 2.9,0.69,3.04
'SEQ_F1_S1', 2, 2,2013,18730.0,19.46,28.56, 7.6,0.71,3.08
'SEQ_F1_S1', 3, 2,2013,13150.0,18.39,24.56, 6.9,0.89,2.61
'SEQ_F1_S1', 4, 2,2013,22290.0,17.75,27.15, 6.3,1.31,2.74
'SEQ_F1_S1', 5, 2,2013,27380.0,16.42,27.90, 0.0,1.66,2.53
'SEQ_F1_S1', 6, 2,2013,14740.0,17.53,26.47, 0.7,0.97,2.71
'SEQ_F1_S1', 7, 2,2013, 8960.0,17.82,22.43, 0.7,0.76,2.38
'SEQ_F1_S1', 8, 2,2013,17110.0,18.04,24.67,14.5,0.72,2.59
'SEQ_F1_S1', 9, 2,2013, 8510.0,17.96,22.43, 7.6,0.42,2.39
'SEQ_F1_S1',10, 2,2013,12720.0,18.41,25.23, 2.8,0.43,2.67
'SEQ_F1_S1',11, 2,2013,25360.0,18.34,30.27,34.8,0.80,3.21
'SEQ_F1_S1',12, 2,2013,26880.0,17.74,32.40, 1.2,0.72,3.17
'SEQ_F1_S1',13, 2,2013,24940.0,19.50,30.09, 0.0,0.76,3.04
'SEQ_F1_S1',14, 2,2013,26360.0,19.21,32.04, 0.2,0.60,3.27
'SEQ_F1_S1',15, 2,2013,26330.0,20.28,31.85, 3.1,0.89,3.31
'SEQ_F1_S1',16, 2,2013,29380.0,19.58,32.25, 2.4,0.84,3.16
'SEQ_F1_S1',17, 2,2013,18760.0,19.53,29.46, 0.3,0.53,2.97
'SEQ_F1_S1',18, 2,2013,29120.0,19.37,31.95, 0.1,0.97,3.03
'SEQ_F1_S1',19, 2,2013,27060.0,18.89,31.37, 0.6,0.88,3.13
'SEQ_F1_S1',20, 2,2013,28990.0,17.60,31.49, 3.5,0.73,2.70
'SEQ_F1_S1',21, 2,2013,25560.0,17.63,30.45, 2.0,1.11,2.80
'SEQ_F1_S1',22, 2,2013,25440.0,17.09,29.42, 0.0,0.92,2.75
'SEQ_F1_S1',23, 2,2013,17780.0,19.28,28.95, 6.1,1.24,3.05
'SEQ_F1_S1',24, 2,2013,29830.0,17.70,30.54, 0.1,0.66,2.92
'SEQ_F1_S1',25, 2,2013,26980.0,19.41,29.96, 0.0,0.76,2.94
'SEQ_F1_S1',26, 2,2013,22360.0,18.90,28.56, 6.3,1.06,2.89
'SEQ_F1_S1',27, 2,2013,19980.0,18.93,27.61, 0.0,1.42,2.80
'SEQ_F1_S1',28, 2,2013,25950.0,18.40,29.29, 0.0,1.12,2.78
'SEQ_F1_S1', 1, 3,2013,24050.0,19.03,28.43, 0.0,1.18,2.78
'SEQ_F1_S1', 2, 3,2013,25030.0,17.04,29.00, 0.0,0.78,2.64
'SEQ_F1_S1', 3, 3,2013,27020.0,18.64,30.30, 0.0,0.75,2.85
'SEQ_F1_S1', 4, 3,2013,27980.0,19.02,31.85, 0.0,0.90,2.87
'SEQ_F1_S1', 5, 3,2013,24920.0,19.32,31.37, 0.2,1.09,2.93
'SEQ_F1_S1', 6, 3,2013,21760.0,18.85,30.46, 0.5,0.69,3.14
'SEQ_F1_S1', 7, 3,2013,23690.0,19.23,32.07, 0.1,0.83,3.30
'SEQ_F1_S1', 8, 3,2013,29080.0,18.91,32.32, 0.0,1.04,3.03
'SEQ_F1_S1', 9, 3,2013,22690.0,19.91,31.40,34.4,0.95,3.31
'SEQ_F1_S1',10, 3,2013,20170.0,18.87,29.88,38.6,1.38,3.13
'SEQ_F1_S1',11, 3,2013,19650.0,18.88,28.77,14.6,0.62,3.07
'SEQ_F1_S1',12, 3,2013,24750.0,19.38,30.99,15.0,0.70,3.27
'SEQ_F1_S1',13, 3,2013,14690.0,19.40,26.81,10.6,0.93,2.89
'SEQ_F1_S1',14, 3,2013,13110.0,20.10,26.33, 0.2,2.08,2.83
'SEQ_F1_S1',15, 3,2013,20060.0,18.71,28.95, 0.0,0.76,2.91
'SEQ_F1_S1',16, 3,2013,16190.0,20.37,27.47, 0.0,0.73,3.03
'SEQ_F1_S1',17, 3,2013, 8470.0,18.11,24.37, 1.5,1.72,2.57
'SEQ_F1_S1',18, 3,2013,15130.0,16.53,22.67, 0.3,2.31,2.22
'SEQ_F1_S1',19, 3,2013, 9190.0,16.80,21.83, 0.0,1.50,2.20
'SEQ_F1_S1',20, 3,2013, 9350.0,16.90,22.56, 1.7,0.80,2.34
'SEQ_F1_S1',21, 3,2013,14050.0,17.49,24.64,11.8,0.90,2.55
'SEQ_F1_S1',22, 3,2013,15190.0,17.95,28.22, 0.0,0.75,2.91
'SEQ_F1_S1',23, 3,2013,18630.0,17.73,28.35, 0.0,1.86,2.75
'SEQ_F1_S1',24, 3,2013,18680.0,17.35,28.05, 0.0,0.83,2.79
'SEQ_F1_S1',25, 3,2013,19970.0,18.89,28.20, 0.0,0.69,2.86
'SEQ_F1_S1',26, 3,2013, 7000.0,18.64,23.82, 6.2,0.88,2.55
'SEQ_F1_S1',27, 3,2013,20410.0,17.60,27.91, 0.1,1.11,2.78
'SEQ_F1_S1',28, 3,2013,25340.0,16.91,26.21, 0.0,1.58,2.27
'SEQ_F1_S1',29, 3,2013,23200.0,14.60,26.95, 0.0,1.95,2.33
'SEQ_F1_S1',30, 3,2013,22140.0,15.94,28.57, 0.0,1.55,2.49
'SEQ_F1_S1',31, 3,2013,21220.0,16.46,28.68, 0.0,0.77,2.65
'SEQ_F1_S1', 1, 4,2013,20550.0,18.06,30.40, 0.0,0.66,2.93
'SEQ_F1_S1', 2, 4,2013, 5370.0,17.92,21.60,72.5,0.68,2.32
'SEQ_F1_S1', 3, 4,2013,15210.0,18.31,26.72, 0.3,0.46,2.81
'SEQ_F1_S1', 4, 4,2013,14280.0,18.06,27.73, 4.4,0.45,2.90
'SEQ_F1_S1', 5, 4,2013, 9360.0,19.09,25.98,48.9,0.94,2.79
'SEQ_F1_S1', 6, 4,2013,17780.0,19.53,27.68, 0.0,0.47,2.90
'SEQ_F1_S1', 7, 4,2013,17400.0,19.69,28.29, 0.0,0.70,3.03
'SEQ_F1_S1', 8, 4,2013,18380.0,19.53,31.32, 0.0,0.98,3.20
'SEQ_F1_S1', 9, 4,2013,20110.0,18.06,28.01, 0.0,1.09,2.68
'SEQ_F1_S1',10, 4,2013,12290.0,17.65,25.61, 0.0,0.82,2.49
'SEQ_F1_S1',11, 4,2013,18780.0,17.55,28.58, 0.2,0.68,2.79
'SEQ_F1_S1',12, 4,2013,15280.0,18.92,27.83, 1.7,0.77,2.92
'SEQ_F1_S1',13, 4,2013, 6940.0,18.73,23.74,33.2,1.21,2.55
'SEQ_F1_S1',14, 4,2013,13120.0,15.56,22.74, 0.0,1.23,2.23
'SEQ_F1_S1',15, 4,2013,17650.0,14.14,23.43, 0.1,0.49,2.21
'SEQ_F1_S1',16, 4,2013,24520.0,12.20,24.81, 0.1,0.68,2.03
'SEQ_F1_S1',17, 4,2013,24080.0,13.04,24.75, 0.0,1.21,1.96
'SEQ_F1_S1',18, 4,2013,23210.0,12.36,25.71, 0.0,0.81,2.10
'SEQ_F1_S1',19, 4,2013,23020.0,13.23,27.31, 0.0,0.84,2.33
'SEQ_F1_S1',20, 4,2013,23320.0,13.06,25.32, 0.0,1.08,2.09
'SEQ_F1_S1',21, 4,2013,22260.0,11.81,25.47, 0.0,1.59,2.09
'SEQ_F1_S1',22, 4,2013,22480.0,14.26,24.71, 0.0,1.91,1.99
'SEQ_F1_S1',23, 4,2013,20160.0,12.56,25.59, 0.0,0.83,1.99
'SEQ_F1_S1',24, 4,2013,19850.0,13.32,26.07, 0.0,0.73,2.05
'SEQ_F1_S1',25, 4,2013,19260.0,13.31,26.11, 0.0,0.44,2.01
'SEQ_F1_S1',26, 4,2013,20270.0,13.01,26.80, 0.0,0.60,2.14
'SEQ_F1_S1',27, 4,2013,20540.0,13.79,26.85, 0.0,0.98,2.20
'SEQ_F1_S1',28, 4,2013,19150.0,13.91,26.40, 0.0,0.50,2.29
'SEQ_F1_S1',29, 4,2013,17350.0,15.44,27.44, 0.0,0.50,2.49
'SEQ_F1_S1',30, 4,2013,19270.0,15.02,28.86, 0.0,0.41,2.50
'SEQ_F1_S1', 1, 5,2013,17220.0,15.50,28.46, 0.0,0.86,2.55
'SEQ_F1_S1', 2, 5,2013,19030.0,15.94,28.48, 0.0,0.56,2.57
'SEQ_F1_S1', 3, 5,2013,18080.0,15.17,29.62, 0.0,0.54,2.60
'SEQ_F1_S1', 4, 5,2013,18630.0,16.38,28.91, 0.0,0.65,2.46
'SEQ_F1_S1', 5, 5,2013,16630.0,15.77,28.48, 0.0,0.89,2.59
'SEQ_F1_S1', 6, 5,2013,19140.0,14.13,23.72, 0.0,1.29,1.91
'SEQ_F1_S1', 7, 5,2013,20790.0,10.74,22.60, 0.0,1.21,1.64
'SEQ_F1_S1', 8, 5,2013,20030.0, 9.95,22.15, 0.0,0.87,1.55
'SEQ_F1_S1', 9, 5,2013,19830.0, 7.59,24.87, 0.0,0.77,1.67
'SEQ_F1_S1',10, 5,2013,19050.0, 9.17,26.59, 0.0,0.46,1.93
'SEQ_F1_S1',11, 5,2013,18580.0,11.36,26.79, 0.0,0.46,2.08
'SEQ_F1_S1',12, 5,2013,18620.0,11.78,26.61, 0.0,0.61,2.08
'SEQ_F1_S1',13, 5,2013,17970.0,12.40,27.22, 0.0,0.68,2.16
'SEQ_F1_S1',14, 5,2013,15620.0,13.04,28.21, 0.0,1.01,2.38
'SEQ_F1_S1',15, 5,2013,15220.0,15.05,28.73, 0.0,0.98,2.41
'SEQ_F1_S1',16, 5,2013,13070.0,16.03,27.85, 0.0,1.10,2.49
'SEQ_F1_S1',17, 5,2013,10080.0,14.93,21.72, 0.0,1.97,2.00
'SEQ_F1_S1',18, 5,2013,16480.0,13.11,25.36, 0.0,1.21,2.20
'SEQ_F1_S1',19, 5,2013,15280.0,14.32,26.65, 0.0,0.62,2.40
'SEQ_F1_S1',20, 5,2013,16700.0,15.10,27.38, 0.0,0.66,2.41
'SEQ_F1_S1',21, 5,2013,12000.0,16.40,25.30, 0.0,0.51,2.36
'SEQ_F1_S1',22, 5,2013, 6120.0,15.15,21.76, 4.3,0.36,2.17
'SEQ_F1_S1',23, 5,2013, 8310.0,15.62,21.76, 0.4,0.86,2.19
'SEQ_F1_S1',24, 5,2013, 7320.0,14.67,20.57, 0.4,0.42,2.05
'SEQ_F1_S1',25, 5,2013,16910.0,10.94,24.13, 0.0,0.60,1.94
'SEQ_F1_S1',26, 5,2013,18110.0, 9.81,25.12, 0.0,0.49,1.92
'SEQ_F1_S1',27, 5,2013, 6750.0,17.17,24.61, 0.1,0.45,2.53
'SEQ_F1_S1',28, 5,2013,11880.0,15.79,26.27, 0.1,0.31,2.61
'SEQ_F1_S1',29, 5,2013,15200.0,14.43,28.75, 1.5,1.22,2.62
'SEQ_F1_S1',30, 5,2013, 6920.0,17.43,23.56,10.3,0.53,2.45
'SEQ_F1_S1',31, 5,2013,13270.0,15.33,25.10, 0.0,0.74,2.41
'SEQ_F1_S1', 1, 6,2013,16480.0,12.43,27.65, 0.1,0.45,2.49
'SEQ_F1_S1', 2, 6,2013, 4680.0,15.87,21.11,25.5,0.57,2.15
'SEQ_F1_S1', 3, 6,2013, 7440.0,14.67,21.19, 0.1,0.54,2.10
'SEQ_F1_S1', 4, 6,2013,16390.0,11.18,23.34, 0.1,0.36,2.04
'SEQ_F1_S1', 5, 6,2013,15950.0,10.88,25.39, 0.2,0.30,2.12
'SEQ_F1_S1', 6, 6,2013,17020.0,12.47,26.44, 0.0,0.82,2.18
'SEQ_F1_S1', 7, 6,2013,16460.0,12.74,26.63, 0.0,0.42,2.21
'SEQ_F1_S1', 8, 6,2013,15730.0,12.08,24.83, 0.1,0.51,2.19
'SEQ_F1_S1', 9, 6,2013,15530.0,12.66,26.39, 0.1,0.34,2.29
'SEQ_F1_S1',10, 6,2013,14020.0,12.65,26.82, 0.0,0.50,2.27
'SEQ_F1_S1',11, 6,2013,10860.0,15.59,26.75, 5.4,0.46,2.61
'SEQ_F1_S1',12, 6,2013,14100.0,15.81,25.59, 2.1,0.56,2.54
'SEQ_F1_S1',13, 6,2013,10830.0,15.55,23.51, 0.1,0.35,2.34
'SEQ_F1_S1',14, 6,2013, 9700.0,14.17,23.86, 0.4,0.34,2.29
'SEQ_F1_S1',15, 6,2013, 9340.0,13.74,21.71, 0.3,0.56,2.08
'SEQ_F1_S1',16, 6,2013,11300.0,14.39,25.85,24.3,0.60,2.43
'SEQ_F1_S1',17, 6,2013,13880.0,14.25,22.64, 1.9,1.03,2.17
'SEQ_F1_S1',18, 6,2013,16200.0,11.75,25.04, 0.2,0.39,2.15
'SEQ_F1_S1',19, 6,2013,14940.0,12.68,28.21, 0.0,0.43,2.42
'SEQ_F1_S1',20, 6,2013, 7910.0,16.58,24.34, 0.0,0.33,2.45
'SEQ_F1_S1',21, 6,2013, 9560.0,15.33,25.99, 0.0,1.10,2.28
'SEQ_F1_S1',22, 6,2013,12370.0,14.21,22.75, 3.4,1.34,2.02
'SEQ_F1_S1',23, 6,2013, 7020.0,13.93,20.26,11.8,0.34,1.99
'SEQ_F1_S1',24, 6,2013,10770.0,13.87,22.98, 0.0,0.77,2.20
'SEQ_F1_S1',25, 6,2013, 3960.0,15.25,19.76,12.1,0.53,2.02
'SEQ_F1_S1',26, 6,2013, 3350.0,16.44,21.25,21.7,0.45,2.20
'SEQ_F1_S1',27, 6,2013, 6750.0,17.17,24.61, 0.1,0.45,2.53
'SEQ_F1_S1',28, 6,2013,11880.0,15.79,26.27, 0.1,0.31,2.61
'SEQ_F1_S1',29, 6,2013,15200.0,14.43,28.75, 1.5,1.22,2.62
'SEQ_F1_S1',30, 6,2013, 6920.0,17.43,23.56,10.3,0.53,2.45
'SEQ_F1_S1', 1, 7,2013, 6430.0,16.16,21.34,11.8,0.85,2.19
'SEQ_F1_S1', 2, 7,2013,14250.0,14.42,22.57, 0.0,1.27,2.12
'SEQ_F1_S1', 3, 7,2013,16890.0,11.70,25.69, 0.1,0.45,2.27
'SEQ_F1_S1', 4, 7,2013,17260.0,12.15,25.19, 0.0,0.41,2.17
'SEQ_F1_S1', 5, 7,2013,17100.0,12.74,26.60, 0.0,0.40,2.23
'SEQ_F1_S1', 6, 7,2013,17450.0,11.57,28.11, 0.0,0.41,2.34
'SEQ_F1_S1', 7, 7,2013,17640.0,12.37,26.76, 0.0,0.55,2.18
'SEQ_F1_S1', 8, 7,2013,14440.0,12.56,24.93, 0.0,1.38,2.23
'SEQ_F1_S1', 9, 7,2013,16750.0,14.23,24.08, 0.0,1.64,2.17
'SEQ_F1_S1',10, 7,2013,16460.0,12.67,25.05, 0.0,0.53,2.21
'SEQ_F1_S1',11, 7,2013,14910.0,12.44,23.83, 0.1,0.31,2.15
'SEQ_F1_S1',12, 7,2013,16090.0,10.85,25.73, 0.0,0.43,2.11
'SEQ_F1_S1',13, 7,2013,15960.0,12.55,26.35, 0.0,0.54,2.20
'SEQ_F1_S1',14, 7,2013,12350.0,13.21,26.44, 3.2,0.49,2.49
'SEQ_F1_S1',15, 7,2013,16740.0,12.13,26.11, 0.3,0.54,2.22
'SEQ_F1_S1',16, 7,2013,16570.0,13.85,23.24, 0.0,0.46,2.17
'SEQ_F1_S1',17, 7,2013,17030.0,10.97,25.32, 0.2,0.48,2.13
'SEQ_F1_S1',18, 7,2013,17840.0,10.58,28.24, 0.0,0.71,2.18
'SEQ_F1_S1',19, 7,2013, 9520.0,13.27,27.44, 2.1,1.07,2.59
'SEQ_F1_S1',20, 7,2013,15980.0,14.86,28.18, 0.1,1.40,2.57
'SEQ_F1_S1',21, 7,2013,10570.0,18.27,27.61,12.3,1.67,2.64
'SEQ_F1_S1',22, 7,2013,10730.0,17.03,23.35, 0.2,1.29,2.41
'SEQ_F1_S1',23, 7,2013, 2750.0, 9.64,18.40, 1.8,1.01,1.66
'SEQ_F1_S1',24, 7,2013, 6920.0, 8.70,13.65, 2.3,0.98,1.32
'SEQ_F1_S1',25, 7,2013, 6140.0, 9.08,13.88, 7.2,0.70,1.37
'SEQ_F1_S1',26, 7,2013, 9000.0, 7.43,17.77, 0.0,1.70,1.53
'SEQ_F1_S1',27, 7,2013,19880.0, 7.21,22.70, 0.1,0.71,1.68
'SEQ_F1_S1',28, 7,2013,19080.0, 7.09,21.99, 0.1,0.47,1.69
'SEQ_F1_S1',29, 7,2013,20270.0, 8.91,24.30, 0.1,0.81,1.59
'SEQ_F1_S1',30, 7,2013,20040.0, 7.46,26.74, 0.0,0.47,1.80
'SEQ_F1_S1',31, 7,2013,20480.0, 9.39,27.86, 0.0,0.60,1.94
'SEQ_F1_S1', 1, 8,2013,20260.0, 9.83,28.44, 0.0,0.59,1.98
'SEQ_F1_S1', 2, 8,2013,19840.0,10.30,28.49, 0.0,0.44,2.01
'SEQ_F1_S1', 3, 8,2013,19940.0,10.89,30.14, 0.0,0.58,2.18
'SEQ_F1_S1', 4, 8,2013,20020.0,12.40,28.89, 0.0,1.16,1.95
'SEQ_F1_S1', 5, 8,2013,19250.0,13.55,28.27, 0.0,0.64,2.24
'SEQ_F1_S1', 6, 8,2013,18490.0,12.92,29.15, 0.0,1.11,2.40
'SEQ_F1_S1', 7, 8,2013,19770.0,11.70,28.08, 0.0,0.46,2.06
'SEQ_F1_S1', 8, 8,2013,19790.0,12.38,27.45, 0.0,1.10,1.92
'SEQ_F1_S1', 9, 8,2013,19610.0,13.43,28.07, 0.0,0.81,2.10
'SEQ_F1_S1',10, 8,2013,19940.0,12.00,26.81, 0.0,2.37,1.96
'SEQ_F1_S1',11, 8,2013,14980.0, 9.00,16.78, 0.0,0.76,1.31
'SEQ_F1_S1',12, 8,2013,21300.0, 6.61,25.58, 0.0,0.83,1.71
'SEQ_F1_S1',13, 8,2013,14480.0,11.12,27.68, 0.0,0.73,2.10
'SEQ_F1_S1',14, 8,2013, 5980.0, 9.37,18.84, 0.4,1.59,1.66
'SEQ_F1_S1',15, 8,2013,17010.0, 7.44,17.16, 0.0,2.77,1.29
'SEQ_F1_S1',16, 8,2013,22550.0, 7.84,24.71, 0.0,1.05,1.72
'SEQ_F1_S1',17, 8,2013,15090.0, 9.09,21.67, 0.0,1.71,1.78
'SEQ_F1_S1',18, 8,2013,17780.0,12.80,22.44, 0.0,2.79,1.83
'SEQ_F1_S1',19, 8,2013,20170.0,11.57,24.45, 0.0,1.42,1.89
'SEQ_F1_S1',20, 8,2013,23030.0,11.29,25.35, 0.0,0.71,1.77
'SEQ_F1_S1',21, 8,2013,20630.0,10.10,26.00, 0.0,0.89,1.74
'SEQ_F1_S1',22, 8,2013,14060.0,14.60,26.85, 0.0,1.20,1.91
'SEQ_F1_S1',23, 8,2013,21450.0,12.96,30.13, 0.0,0.90,2.08
'SEQ_F1_S1',24, 8,2013,21020.0,13.13,29.91, 0.0,0.56,2.19
'SEQ_F1_S1',25, 8,2013,22100.0,12.62,29.34, 0.0,0.81,1.90
'SEQ_F1_S1',26, 8,2013,12660.0,13.64,24.74, 0.0,2.03,2.08
'SEQ_F1_S1',27, 8,2013, 6600.0, 9.99,15.09, 2.2,1.76,1.44
'SEQ_F1_S1',28, 8,2013,18690.0, 7.62,20.13, 0.0,1.41,1.40
'SEQ_F1_S1',29, 8,2013,24540.0, 6.27,24.71, 0.0,0.76,1.56
'SEQ_F1_S1',30, 8,2013,25170.0, 7.79,28.18, 0.0,0.81,1.70
'SEQ_F1_S1',31, 8,2013,24400.0, 9.04,28.29, 0.0,0.80,1.62
'SEQ_F1_S1', 1, 9,2013,24200.0,12.94,29.20, 0.0,0.81,1.72
'SEQ_F1_S1', 2, 9,2013,21330.0,11.59,29.93, 0.0,1.10,1.78
'SEQ_F1_S1', 3, 9,2013, 8820.0,13.93,22.20, 3.0,0.96,2.04
'SEQ_F1_S1', 4, 9,2013, 4870.0,14.79,19.62, 0.0,1.55,1.98
'SEQ_F1_S1', 5, 9,2013,24900.0,12.63,26.35, 0.0,1.48,2.14
'SEQ_F1_S1', 6, 9,2013,25620.0,12.35,26.98, 0.0,1.31,2.06
'SEQ_F1_S1', 7, 9,2013,25710.0,12.09,27.44, 0.0,0.66,1.97
'SEQ_F1_S1', 8, 9,2013,25750.0,11.56,28.46, 0.0,0.97,1.86
'SEQ_F1_S1', 9, 9,2013,25670.0,12.68,28.84, 0.0,1.11,1.80
'SEQ_F1_S1',10, 9,2013,25490.0,12.08,29.35, 0.0,1.06,1.72
'SEQ_F1_S1',11, 9,2013,25050.0,13.18,28.98, 0.0,0.77,1.92
'SEQ_F1_S1',12, 9,2013,26500.0,13.33,28.08, 0.0,1.06,1.73
'SEQ_F1_S1',13, 9,2013,26230.0,12.18,28.11, 0.0,0.70,1.60
'SEQ_F1_S1',14, 9,2013,26280.0,11.71,28.76, 0.0,0.83,1.62
'SEQ_F1_S1',15, 9,2013,22450.0,12.82,29.34, 0.0,0.86,1.72
'SEQ_F1_S1',16, 9,2013,16690.0,14.34,30.29, 2.1,1.36,2.22
'SEQ_F1_S1',17, 9,2013, 3100.0,16.86,20.17,14.7,0.94,2.14
'SEQ_F1_S1',18, 9,2013, 7980.0,16.95,21.60, 1.0,1.06,2.26
'SEQ_F1_S1',19, 9,2013,22490.0,16.17,27.50, 1.1,1.48,2.61
'SEQ_F1_S1',20, 9,2013,25390.0,15.83,32.32, 0.7,0.99,2.82
'SEQ_F1_S1',21, 9,2013,26020.0,19.88,33.14, 0.0,2.04,2.44
'SEQ_F1_S1',22, 9,2013,13720.0,18.27,31.11, 0.0,1.40,2.80
'SEQ_F1_S1',23, 9,2013,17430.0,16.27,26.84, 0.0,1.22,2.46
'SEQ_F1_S1',24, 9,2013, 9260.0,14.51,21.25, 0.0,1.93,2.01
'SEQ_F1_S1',25, 9,2013,30000.0,10.30,20.88, 0.0,2.39,1.51
'SEQ_F1_S1',26, 9,2013,29700.0,11.00,22.01, 0.0,2.78,1.50
'SEQ_F1_S1',27, 9,2013,29760.0, 9.83,26.08, 0.0,1.85,1.65
'SEQ_F1_S1',28, 9,2013,27010.0,10.37,29.64, 0.3,1.51,2.21
'SEQ_F1_S1',29, 9,2013, 7760.0,14.28,21.50, 3.8,0.92,2.10
'SEQ_F1_S1',30, 9,2013,12400.0,14.76,24.47, 3.4,0.83,2.38
'SEQ_F1_S1', 1,10,2013,17130.0,18.40,25.73, 3.5,1.24,2.65
'SEQ_F1_S1', 2,10,2013,11730.0,16.89,24.24,25.7,0.84,2.48
'SEQ_F1_S1', 3,10,2013,15980.0,18.80,26.84, 0.5,1.35,2.83
'SEQ_F1_S1', 4,10,2013, 6780.0,17.81,22.64,21.4,1.84,2.40
'SEQ_F1_S1', 5,10,2013,25240.0,15.55,27.19, 0.0,1.46,2.40
'SEQ_F1_S1', 6,10,2013,30000.0,12.64,24.97, 0.0,2.44,1.82
'SEQ_F1_S1', 7,10,2013,24600.0,13.55,23.13, 0.0,3.31,1.86
'SEQ_F1_S1', 8,10,2013,23550.0,13.56,23.98, 0.0,2.96,1.85
'SEQ_F1_S1', 9,10,2013,29530.0,12.72,26.35, 0.0,1.62,1.92
'SEQ_F1_S1',10,10,2013,30000.0,12.55,26.07, 0.0,1.38,1.85
'SEQ_F1_S1',11,10,2013,28630.0,13.13,26.63, 0.0,0.97,1.82
'SEQ_F1_S1',12,10,2013,14730.0,14.55,25.50, 0.0,0.89,1.81
'SEQ_F1_S1',13,10,2013,26210.0,14.20,29.68, 0.0,1.10,2.07
'SEQ_F1_S1',14,10,2013,25560.0,17.94,30.66, 0.0,1.18,2.29
'SEQ_F1_S1',15,10,2013,22210.0,17.84,28.82, 8.2,1.22,2.62
'SEQ_F1_S1',16,10,2013, 4950.0,18.28,20.74, 5.3,1.25,2.28
'SEQ_F1_S1',17,10,2013,21060.0,18.20,26.46, 0.1,1.06,2.69
'SEQ_F1_S1',18,10,2013,16840.0,16.69,26.97, 9.1,1.06,2.73
'SEQ_F1_S1',19,10,2013,30000.0,15.72,29.23, 0.1,1.03,2.40
'SEQ_F1_S1',20,10,2013,30000.0,15.39,31.49, 0.0,1.15,2.34
'SEQ_F1_S1',21,10,2013,30000.0,16.05,31.87, 0.0,1.42,2.56
'SEQ_F1_S1',22,10,2013,27340.0,18.17,31.72,18.8,1.60,3.15
'SEQ_F1_S1',23,10,2013,27750.0,18.53,31.50, 0.0,0.91,3.03
'SEQ_F1_S1',24,10,2013,27620.0,19.03,32.60,46.7,1.41,2.98
'SEQ_F1_S1',25,10,2013,20260.0,20.16,27.22, 4.1,2.95,2.80
'SEQ_F1_S1',26,10,2013,29800.0,18.63,31.84, 0.0,1.18,2.59
'SEQ_F1_S1',27,10,2013,20270.0,18.15,30.80, 5.1,1.61,2.85
'SEQ_F1_S1',28,10,2013,30000.0,13.95,25.24, 0.1,2.69,1.86
'SEQ_F1_S1',29,10,2013,30000.0,12.93,27.41, 0.0,1.75,2.12
'SEQ_F1_S1',30,10,2013,28120.0,14.34,27.35, 0.0,1.65,2.24
'SEQ_F1_S1',31,10,2013,24230.0,15.28,26.85, 0.0,2.09,2.31
'SEQ_F1_S1', 1,11,2013,30000.0,16.53,28.16, 0.0,1.88,2.34
'SEQ_F1_S1', 2,11,2013,28940.0,15.55,28.82, 0.0,0.93,2.24
'SEQ_F1_S1', 3,11,2013,30000.0,16.37,30.21, 0.0,1.21,2.30
'SEQ_F1_S1', 4,11,2013, 4580.0,17.79,21.98,45.3,1.10,2.34
'SEQ_F1_S1', 5,11,2013,12750.0,16.48,22.76, 0.1,2.72,2.19
'SEQ_F1_S1', 6,11,2013, 9080.0,16.16,18.61, 6.7,2.86,1.99
'SEQ_F1_S1', 7,11,2013,22320.0,16.18,26.71, 1.3,2.03,2.54
'SEQ_F1_S1', 8,11,2013,30000.0,16.38,28.81, 0.0,1.13,2.47
'SEQ_F1_S1', 9,11,2013,30000.0,16.17,29.80, 0.0,0.73,2.38
'SEQ_F1_S1',10,11,2013,30000.0,16.66,33.29, 0.0,0.64,2.61
'SEQ_F1_S1',11,11,2013,30000.0,17.58,33.86, 0.5,1.50,2.89
'SEQ_F1_S1',12,11,2013,22060.0,20.54,28.36, 0.1,1.33,2.85
'SEQ_F1_S1',13,11,2013,30000.0,16.69,27.36, 0.0,3.70,1.90
'SEQ_F1_S1',14,11,2013,34190.0,14.56,28.41, 0.0,1.91,1.82
'SEQ_F1_S1',15,11,2013,33840.0,14.42,30.24, 0.0,0.97,2.22
'SEQ_F1_S1',16,11,2013,19570.0,16.91,28.45, 0.0,1.32,2.52
'SEQ_F1_S1',17,11,2013,26510.0,17.86,25.93, 0.0,2.54,2.44
'SEQ_F1_S1',18,11,2013,24220.0,15.62,27.07, 0.0,0.94,2.28
'SEQ_F1_S1',19,11,2013,27280.0,16.80,29.69, 0.0,1.03,2.57
'SEQ_F1_S1',20,11,2013,27760.0,17.42,29.93, 2.0,1.23,2.57
'SEQ_F1_S1',21,11,2013,22810.0,18.26,31.07, 3.6,1.31,3.02
'SEQ_F1_S1',22,11,2013, 9070.0,18.89,23.32, 9.4,1.54,2.52
'SEQ_F1_S1',23,11,2013, 7590.0,18.71,21.81, 2.6,2.37,2.39
'SEQ_F1_S1',24,11,2013,11990.0,17.92,25.24, 2.0,1.72,2.63
'SEQ_F1_S1',25,11,2013,12390.0,19.40,24.47, 1.2,1.40,2.66
'SEQ_F1_S1',26,11,2013,21700.0,17.89,27.84, 0.0,1.37,2.74
'SEQ_F1_S1',27,11,2013,25970.0,17.21,29.45, 0.0,0.87,2.68
'SEQ_F1_S1',28,11,2013,30000.0,17.90,31.79, 0.0,1.27,2.66
'SEQ_F1_S1',29,11,2013,29020.0,18.69,32.47,28.6,1.40,2.85
'SEQ_F1_S1',30,11,2013,25800.0,20.10,30.88, 2.2,2.07,3.17
'SEQ_F1_S1', 1,12,2013,24810.0,20.89,29.40, 0.0,2.46,2.92
'SEQ_F1_S1', 2,12,2013,26590.0,19.65,29.22, 0.0,1.38,2.90
'SEQ_F1_S1', 3,12,2013,30000.0,19.98,29.95, 0.0,1.41,2.48
'SEQ_F1_S1', 4,12,2013,30000.0,17.77,31.26, 0.0,1.41,2.35
'SEQ_F1_S1', 5,12,2013,28470.0,17.75,31.38,40.1,1.75,2.76
'SEQ_F1_S1', 6,12,2013,30000.0,17.80,28.44, 0.0,1.79,2.53
'SEQ_F1_S1', 7,12,2013,26530.0,17.03,29.13, 0.2,1.29,2.73
'SEQ_F1_S1', 8,12,2013,29250.0,19.65,30.15, 0.8,1.14,3.05
'SEQ_F1_S1', 9,12,2013,30000.0,19.72,30.72, 0.1,1.20,2.86
'SEQ_F1_S1',10,12,2013,13370.0,19.88,26.11,12.9,0.99,2.85
'SEQ_F1_S1',11,12,2013,13900.0,19.38,26.07, 0.1,2.27,2.68
'SEQ_F1_S1',12,12,2013,23310.0,17.60,26.24, 0.0,2.08,2.40
'SEQ_F1_S1',13,12,2013,30000.0,16.67,28.57, 0.0,1.47,2.41
'SEQ_F1_S1',14,12,2013,23750.0,16.58,28.01, 0.0,0.82,2.45
'SEQ_F1_S1',15,12,2013,29490.0,18.90,30.09, 0.0,0.98,2.53
'SEQ_F1_S1',16,12,2013,30000.0,17.23,29.27, 0.0,1.76,2.42
'SEQ_F1_S1',17,12,2013,30000.0,15.55,27.85, 0.0,2.41,2.04
'SEQ_F1_S1',18,12,2013,30000.0,14.54,28.69, 0.0,1.27,2.21
'SEQ_F1_S1',19,12,2013,30000.0,16.29,28.85, 0.0,2.13,2.35
'SEQ_F1_S1',20,12,2013,25180.0,17.12,28.45, 0.0,2.06,2.36
'SEQ_F1_S1',21,12,2013,24270.0,17.30,27.67, 0.2,1.96,2.38
'SEQ_F1_S1',22,12,2013,25310.0,17.16,28.60, 0.0,1.96,2.36
'SEQ_F1_S1',23,12,2013,21880.0,18.26,26.84, 1.9,1.87,2.50
'SEQ_F1_S1',24,12,2013,21180.0,19.03,27.73, 0.2,0.79,2.77
'SEQ_F1_S1',25,12,2013,16370.0,20.30,26.18, 0.1,0.81,2.89
'SEQ_F1_S1',26,12,2013,29400.0,20.47,33.05,20.2,0.70,3.19
'SEQ_F1_S1',27,12,2013,30000.0,20.79,33.85, 0.0,0.71,2.60
'SEQ_F1_S1',28,12,2013,21420.0,20.27,29.58, 4.9,1.17,2.96
'SEQ_F1_S1',29,12,2013,23410.0,20.24,30.21, 4.5,0.98,3.33
'SEQ_F1_S1',30,12,2013,14980.0,20.59,28.49,20.3,0.85,3.16
'SEQ_F1_S1',31,12,2013,28580.0,21.49,29.15, 0.1,1.59,3.08
