* Source of data    : SEQ_F1_S1 - Piracicaba - SP
* File content      : Input weather file for Swap 3.2 (www.swap.alterra.nl)
* File generated by : R-Script 
* File generated at : 18-Sep-2019
station,DD,MM,YYYY,Rad,Tmin,Tmax,Rain,Wind,Hum,etref
'SEQ_F1_S1', 1, 1,2014,21220.0,20.0,29.5,10.6,1.19,3.16,4.06
'SEQ_F1_S1', 2, 1,2014,23730.0,20.6,31.7, 1.5,0.66,3.43,4.84
'SEQ_F1_S1', 3, 1,2014,23950.0,20.7,34.7, 1.1,0.82,3.66,5.10
'SEQ_F1_S1', 4, 1,2014,28370.0,19.3,33.6,12.0,1.89,3.37,5.58
'SEQ_F1_S1', 5, 1,2014,28440.0,20.3,33.0, 2.0,1.41,3.45,5.63
'SEQ_F1_S1', 6, 1,2014,31760.0,20.2,31.4, 0.0,1.56,2.90,6.23
'SEQ_F1_S1', 7, 1,2014,30640.0,17.3,30.2, 0.0,0.63,2.38,5.83
'SEQ_F1_S1', 8, 1,2014,31630.0,17.5,29.3, 0.0,1.08,2.38,5.92
'SEQ_F1_S1', 9, 1,2014,33670.0,18.2,30.3, 0.0,1.64,2.66,6.34
'SEQ_F1_S1',10, 1,2014,32540.0,18.2,30.3, 0.0,0.81,2.37,6.22
'SEQ_F1_S1',11, 1,2014,25120.0,18.4,29.8, 0.0,0.99,2.67,4.90
'SEQ_F1_S1',12, 1,2014,19540.0,18.1,28.1, 2.9,0.95,2.74,3.74
'SEQ_F1_S1',13, 1,2014,15870.0,17.3,26.3,25.7,1.17,2.70,2.88
'SEQ_F1_S1',14, 1,2014,26720.0,19.1,31.7, 1.9,1.00,3.15,5.26
'SEQ_F1_S1',15, 1,2014,25550.0,18.9,29.1, 1.2,0.68,2.85,4.92
'SEQ_F1_S1',16, 1,2014,19190.0,17.6,24.3, 0.1,1.29,2.39,3.39
'SEQ_F1_S1',17, 1,2014,30890.0,17.8,30.6,14.8,0.98,2.98,5.79
'SEQ_F1_S1',18, 1,2014,33180.0,19.0,31.5, 0.0,1.40,2.92,6.39
'SEQ_F1_S1',19, 1,2014,34830.0,18.3,31.6, 0.0,1.38,2.71,6.79
'SEQ_F1_S1',20, 1,2014,33710.0,18.3,30.2, 0.0,1.02,2.50,6.46
'SEQ_F1_S1',21, 1,2014,33100.0,19.1,29.2, 0.0,0.96,2.46,6.28
'SEQ_F1_S1',22, 1,2014,28650.0,19.6,28.3, 0.0,1.12,2.65,5.38
'SEQ_F1_S1',23, 1,2014,29770.0,20.0,28.9, 0.0,1.46,2.63,5.64
'SEQ_F1_S1',24, 1,2014,28820.0,19.5,30.0, 0.0,1.07,2.80,5.54
'SEQ_F1_S1',25, 1,2014,31030.0,17.6,29.2, 0.0,1.08,2.45,5.77
'SEQ_F1_S1',26, 1,2014,29960.0,19.8,31.0, 1.3,1.42,2.67,5.93
'SEQ_F1_S1',27, 1,2014,31440.0,18.2,31.0, 0.0,1.21,2.64,6.02
'SEQ_F1_S1',28, 1,2014,33520.0,18.9,31.5, 0.0,1.04,2.59,6.59
'SEQ_F1_S1',29, 1,2014,35010.0,17.4,30.8, 0.0,0.78,2.03,6.77
'SEQ_F1_S1',30, 1,2014,33010.0,16.4,30.9, 0.0,0.75,2.06,6.28
'SEQ_F1_S1',31, 1,2014,29070.0,17.3,31.5, 0.0,0.79,2.19,5.70
'SEQ_F1_S1', 1, 2,2014,33070.0,18.7,31.5, 0.0,0.91,2.06,6.55
'SEQ_F1_S1', 2, 2,2014,33610.0,19.4,31.3, 0.0,0.94,2.18,6.69
'SEQ_F1_S1', 3, 2,2014,33140.0,19.6,31.3, 0.0,0.97,2.17,6.61
'SEQ_F1_S1', 4, 2,2014,32950.0,19.7,31.9, 0.0,1.06,2.09,6.69
'SEQ_F1_S1', 5, 2,2014,28920.0,19.6,32.8, 0.0,1.01,2.47,5.95
'SEQ_F1_S1', 6, 2,2014,30890.0,18.6,31.8, 0.0,0.89,2.32,6.07
'SEQ_F1_S1', 7, 2,2014,33280.0,17.8,32.1, 2.0,0.97,2.05,6.63
'SEQ_F1_S1', 8, 2,2014,33250.0,19.4,32.0, 0.5,1.16,2.45,6.69
'SEQ_F1_S1', 9, 2,2014,32770.0,18.4,31.7, 0.0,1.35,2.29,6.57
'SEQ_F1_S1',10, 2,2014,29970.0,19.4,32.1, 0.0,1.40,2.32,6.16
'SEQ_F1_S1',11, 2,2014,27190.0,20.2,31.2, 0.9,1.43,2.37,5.67
'SEQ_F1_S1',12, 2,2014,22040.0,20.2,29.1, 0.0,1.38,2.42,4.56
'SEQ_F1_S1',13, 2,2014,26100.0,17.5,30.0, 0.0,1.23,2.44,5.05
'SEQ_F1_S1',14, 2,2014,22180.0,18.3,28.4, 6.4,1.08,2.69,4.18
'SEQ_F1_S1',15, 2,2014,11570.0,19.1,23.9, 1.2,1.44,2.58,2.10
'SEQ_F1_S1',16, 2,2014,16200.0,18.7,24.6, 3.5,1.54,2.63,2.78
'SEQ_F1_S1',17, 2,2014,18690.0,18.4,26.1, 0.3,2.05,2.56,3.31
'SEQ_F1_S1',18, 2,2014,31160.0,17.2,27.8, 0.0,2.65,2.29,5.54
'SEQ_F1_S1',19, 2,2014,32970.0,16.7,28.3, 0.0,1.72,2.10,6.11
'SEQ_F1_S1',20, 2,2014,31540.0,16.4,29.6, 0.0,1.03,2.26,5.84
'SEQ_F1_S1',21, 2,2014,24800.0,17.8,29.3, 0.0,1.09,2.44,4.74
'SEQ_F1_S1',22, 2,2014,25990.0,18.5,27.5, 0.2,1.35,2.60,4.65
'SEQ_F1_S1',23, 2,2014,23130.0,17.9,29.1, 3.2,1.29,2.82,4.24
'SEQ_F1_S1',24, 2,2014,22390.0,18.5,26.4, 1.0,1.17,2.71,3.92
'SEQ_F1_S1',25, 2,2014,20390.0,18.6,28.5, 1.4,0.83,2.81,3.86
'SEQ_F1_S1',26, 2,2014,27610.0,17.0,30.2, 0.0,1.00,2.56,5.15
'SEQ_F1_S1',27, 2,2014,23570.0,18.3,30.3, 0.4,1.07,2.73,4.55
'SEQ_F1_S1',28, 2,2014,18590.0,18.4,27.0,12.3,0.91,2.67,3.45
'SEQ_F1_S1', 1, 3,2014,25900.0,17.2,27.8,10.9,1.30,2.28,4.73
'SEQ_F1_S1', 2, 3,2014,26500.0,16.9,27.8, 0.0,1.30,2.21,4.83
'SEQ_F1_S1', 3, 3,2014,23700.0,18.5,28.1, 0.0,2.00,2.17,4.75
'SEQ_F1_S1', 4, 3,2014,24400.0,18.0,28.6,10.4,1.00,2.21,4.64
'SEQ_F1_S1', 5, 3,2014, 8000.0,19.1,23.7,16.0,0.30,2.26,1.78
'SEQ_F1_S1', 6, 3,2014,25500.0,18.6,29.5, 0.2,0.60,2.32,4.81
'SEQ_F1_S1', 7, 3,2014,27500.0,18.0,27.5,13.7,1.00,2.26,4.95
'SEQ_F1_S1', 8, 3,2014,25200.0,17.9,28.2, 6.8,0.50,2.30,4.61
'SEQ_F1_S1', 9, 3,2014,29100.0,17.3,28.1, 0.1,0.80,2.21,5.23
'SEQ_F1_S1',10, 3,2014,28300.0,16.1,30.5, 0.0,0.90,2.19,5.24
'SEQ_F1_S1',11, 3,2014,22600.0,18.3,28.0, 0.6,1.00,2.27,4.27
'SEQ_F1_S1',12, 3,2014,11700.0,18.6,28.2,37.3,0.60,2.44,2.53
'SEQ_F1_S1',13, 3,2014,17100.0,19.7,28.9, 0.0,0.90,2.35,3.56
'SEQ_F1_S1',14, 3,2014,29100.0,18.3,30.4, 0.0,1.00,2.20,5.56
'SEQ_F1_S1',15, 3,2014,29600.0,18.1,29.9, 0.0,0.90,2.17,5.58
'SEQ_F1_S1',16, 3,2014,29400.0,18.7,29.9, 0.0,1.00,2.12,5.61
'SEQ_F1_S1',17, 3,2014,27200.0,17.8,29.3, 0.0,0.80,2.12,4.98
'SEQ_F1_S1',18, 3,2014,23100.0,16.6,29.0, 0.0,1.00,2.15,4.33
'SEQ_F1_S1',19, 3,2014,25500.0,16.3,28.0, 0.0,0.70,2.20,4.50
'SEQ_F1_S1',20, 3,2014,21300.0,17.8,28.0, 5.0,1.30,2.29,4.02
'SEQ_F1_S1',21, 3,2014,17100.0,18.7,28.8,10.0,1.10,2.38,3.48
'SEQ_F1_S1',22, 3,2014,15900.0,19.1,28.2, 0.0,0.80,2.36,3.21
'SEQ_F1_S1',23, 3,2014,19800.0,17.3,24.6, 0.0,2.00,2.19,3.41
'SEQ_F1_S1',24, 3,2014,21300.0,16.6,25.8, 0.0,1.40,2.17,3.72
'SEQ_F1_S1',25, 3,2014,25100.0,13.3,26.7, 0.0,1.30,2.12,4.10
'SEQ_F1_S1',26, 3,2014,23800.0,16.0,26.9, 0.0,1.60,2.15,4.14
'SEQ_F1_S1',27, 3,2014,25400.0,16.1,27.2, 0.0,1.20,2.15,4.37
'SEQ_F1_S1',28, 3,2014,26200.0,16.3,28.1, 0.0,1.20,2.17,4.61
'SEQ_F1_S1',29, 3,2014,23400.0,18.1,23.7, 0.0,0.80,2.12,3.90
'SEQ_F1_S1',30, 3,2014,11400.0,15.3,29.9, 0.0,0.90,2.35,2.51
'SEQ_F1_S1',31, 3,2014,15800.0,17.3,28.7, 3.5,0.50,2.37,3.04
'SEQ_F1_S1', 1, 4,2014,24900.0,19.4,28.7, 2.0,1.10,2.33,4.57
'SEQ_F1_S1', 2, 4,2014,24400.0,13.7,28.0, 0.1,1.20,2.20,4.09
'SEQ_F1_S1', 3, 4,2014,21700.0,16.8,28.0, 0.0,1.20,2.23,3.92
'SEQ_F1_S1', 4, 4,2014,22000.0,18.0,27.4, 0.0,2.30,2.20,4.15
'SEQ_F1_S1', 5, 4,2014,25300.0,16.5,28.1, 0.0,1.10,2.11,4.45
'SEQ_F1_S1', 6, 4,2014,25600.0,14.9,28.6, 0.0,0.60,2.14,4.38
'SEQ_F1_S1', 7, 4,2014,25100.0,15.3,30.1, 0.0,0.70,2.07,4.43
'SEQ_F1_S1', 8, 4,2014,24600.0,15.2,29.4, 0.0,0.70,2.09,4.27
'SEQ_F1_S1', 9, 4,2014,18900.0,15.8,29.0, 0.0,0.90,2.18,3.50
'SEQ_F1_S1',10, 4,2014,15100.0,16.8,27.1, 0.0,1.10,2.18,2.91
'SEQ_F1_S1',11, 4,2014,21100.0,16.6,28.5, 0.0,0.70,2.20,3.72
'SEQ_F1_S1',12, 4,2014,19800.0,18.2,28.9, 2.0,1.60,2.28,3.85
'SEQ_F1_S1',13, 4,2014,11900.0,19.5,27.9, 0.3,0.90,2.37,2.54
'SEQ_F1_S1',14, 4,2014,10500.0,16.8,22.8, 1.2,1.80,2.15,1.92
'SEQ_F1_S1',15, 4,2014, 7700.0,15.9,21.3,40.5,1.30,2.09,1.42
'SEQ_F1_S1',16, 4,2014,16100.0,16.9,25.1, 0.0,1.20,2.24,2.77
'SEQ_F1_S1',17, 4,2014,21800.0,15.5,26.6, 0.0,0.80,2.21,3.56
'SEQ_F1_S1',18, 4,2014,23000.0,14.8,27.6, 0.0,0.60,2.19,3.75
'SEQ_F1_S1',19, 4,2014,21700.0,15.2,28.6, 0.0,0.90,2.15,3.71
'SEQ_F1_S1',20, 4,2014,18800.0,17.0,26.4, 0.0,1.20,2.22,3.24
'SEQ_F1_S1',21, 4,2014,22200.0,16.0,26.4, 0.0,1.10,2.18,3.59
'SEQ_F1_S1',22, 4,2014, 7900.0,16.7,22.8, 0.0,1.10,2.17,1.54
'SEQ_F1_S1',23, 4,2014, 8800.0,15.6,22.9, 0.0,0.40,2.14,1.63
'SEQ_F1_S1',24, 4,2014,15700.0,16.1,24.0, 0.0,1.10,2.18,2.54
'SEQ_F1_S1',25, 4,2014,21700.0,14.6,24.0, 0.0,1.20,2.08,3.19
'SEQ_F1_S1',26, 4,2014,21900.0,12.8,22.8,10.2,1.30,2.00,2.98
'SEQ_F1_S1',27, 4,2014,22000.0,11.5,22.6, 0.0,1.70,1.94,2.85
'SEQ_F1_S1',28, 4,2014,22700.0,12.1,22.9, 0.0,1.70,1.95,3.05
'SEQ_F1_S1',29, 4,2014,22800.0,10.5,23.7, 0.0,0.60,1.94,3.25
'SEQ_F1_S1',30, 4,2014,20300.0,10.1,23.8, 0.0,0.90,1.94,2.78
'SEQ_F1_S1', 1, 5,2014,17000.0,13.2,23.6,11.3,1.80,1.96,2.54
'SEQ_F1_S1', 2, 5,2014,15800.0,12.9,24.2, 2.9,0.40,2.05,2.43
'SEQ_F1_S1', 3, 5,2014,18400.0,13.4,24.9, 1.0,0.40,2.10,2.78
'SEQ_F1_S1', 4, 5,2014,21600.0,11.9,25.8, 0.0,0.80,2.04,3.21
'SEQ_F1_S1', 5, 5,2014,19400.0,12.1,26.5, 0.0,0.60,2.07,2.92
'SEQ_F1_S1', 6, 5,2014,17900.0,12.9,26.2, 0.0,0.50,2.09,2.74
'SEQ_F1_S1', 7, 5,2014,14200.0,14.0,26.9, 0.0,0.50,2.14,2.37
'SEQ_F1_S1', 8, 5,2014,20500.0,13.0,26.7, 0.0,1.00,2.07,3.13
'SEQ_F1_S1', 9, 5,2014,17800.0,13.5,24.4, 0.0,1.10,2.08,2.59
'SEQ_F1_S1',10, 5,2014,21200.0,13.4,22.3, 0.0,2.00,1.95,2.79
'SEQ_F1_S1',11, 5,2014,20900.0,12.7,23.3, 0.0,2.30,1.98,2.77
'SEQ_F1_S1',12, 5,2014,19900.0,10.5,23.7, 0.0,0.60,1.96,2.68
'SEQ_F1_S1',13, 5,2014,18500.0,11.6,24.6, 0.0,0.70,1.99,2.60
'SEQ_F1_S1',14, 5,2014,15800.0,11.7,24.6, 0.0,0.90,2.01,2.30
'SEQ_F1_S1',15, 5,2014,18700.0,11.5,24.6, 0.0,0.60,1.99,2.60
'SEQ_F1_S1',16, 5,2014,17100.0,10.8,25.2, 0.0,0.90,1.98,2.44
'SEQ_F1_S1',17, 5,2014,15600.0,15.2,24.4, 0.0,1.10,2.10,2.38
'SEQ_F1_S1',18, 5,2014,12900.0,14.6,23.9, 0.0,0.50,2.10,2.00
'SEQ_F1_S1',19, 5,2014,17800.0,12.5,25.4, 0.0,0.80,2.08,2.55
'SEQ_F1_S1',20, 5,2014,18800.0,10.5,25.7, 0.0,0.40,2.03,2.60
'SEQ_F1_S1',21, 5,2014,17100.0,11.6,27.0, 0.0,1.10,2.01,2.62
'SEQ_F1_S1',22, 5,2014,10500.0,16.6,26.4,13.8,1.40,2.14,2.12
'SEQ_F1_S1',23, 5,2014, 7200.0,17.7,22.8,19.2,0.50,2.21,1.37
'SEQ_F1_S1',24, 5,2014, 5600.0,16.3,19.9, 0.8,0.60,2.04,1.06
'SEQ_F1_S1',25, 5,2014, 6700.0,15.7,20.8, 0.5,0.30,2.06,1.21
'SEQ_F1_S1',26, 5,2014, 9000.0,13.1,23.0, 0.1,1.00,2.08,1.41
'SEQ_F1_S1',27, 5,2014,10700.0,11.1,19.3, 0.0,0.30,1.78,1.49
'SEQ_F1_S1',28, 5,2014,10800.0,12.3,20.9, 0.0,0.60,1.94,1.52
'SEQ_F1_S1',29, 5,2014,17400.0,11.5,23.7, 0.0,0.90,2.02,2.26
'SEQ_F1_S1',30, 5,2014,19100.0,10.0,23.6, 0.0,0.60,1.93,2.51
'SEQ_F1_S1',31, 5,2014,17900.0, 9.3,24.3, 0.0,0.70,1.99,2.28
'SEQ_F1_S1', 1, 6,2014, 5100.0,13.3,19.7, 1.4,0.80,1.92,0.92
'SEQ_F1_S1', 2, 6,2014,15700.0,12.8,23.2, 0.1,1.10,2.01,2.08
'SEQ_F1_S1', 3, 6,2014,18400.0, 7.9,21.1, 0.0,0.40,1.78,2.20
'SEQ_F1_S1', 4, 6,2014,18700.0, 6.3,23.7, 0.0,0.50,1.87,2.32
'SEQ_F1_S1', 5, 6,2014,14400.0, 9.6,26.5, 0.0,1.00,2.05,2.08
'SEQ_F1_S1', 6, 6,2014, 5200.0,15.8,21.2, 0.0,0.70,2.05,1.04
'SEQ_F1_S1', 7, 6,2014,16100.0,15.2,27.5, 0.0,1.00,2.12,2.56
'SEQ_F1_S1', 8, 6,2014,15700.0,15.1,27.0, 0.0,1.50,2.00,2.66
'SEQ_F1_S1', 9, 6,2014,15000.0,15.7,25.6, 0.0,0.90,2.11,2.29
'SEQ_F1_S1',10, 6,2014,12400.0,15.2,22.2, 0.0,1.80,2.07,1.73
'SEQ_F1_S1',11, 6,2014,17200.0,14.0,24.2, 0.0,0.80,2.06,2.32
'SEQ_F1_S1',12, 6,2014,17300.0,11.8,24.9, 0.0,1.00,2.05,2.28
'SEQ_F1_S1',13, 6,2014,17800.0,12.3,25.2, 0.0,0.70,2.06,2.43
'SEQ_F1_S1',14, 6,2014,15500.0,12.5,25.3, 0.0,0.70,2.05,2.16
'SEQ_F1_S1',15, 6,2014,16000.0,13.3,24.6, 0.0,0.80,2.09,2.18
'SEQ_F1_S1',16, 6,2014,17000.0,12.2,24.3, 0.0,0.50,2.05,2.24
'SEQ_F1_S1',17, 6,2014,17500.0,11.6,25.7, 0.0,0.40,2.05,2.37
'SEQ_F1_S1',18, 6,2014,17000.0,11.4,24.0, 0.1,0.90,2.03,2.15
'SEQ_F1_S1',19, 6,2014,13900.0,11.8,20.4, 0.0,1.40,1.88,1.59
'SEQ_F1_S1',20, 6,2014,16900.0, 8.7,21.3, 0.0,0.80,1.83,1.89
'SEQ_F1_S1',21, 6,2014,15800.0,10.3,21.8, 0.0,0.70,1.91,1.89
'SEQ_F1_S1',22, 6,2014,16300.0, 9.6,23.5, 0.1,0.50,1.97,2.04
'SEQ_F1_S1',23, 6,2014,14100.0,10.9,25.1, 0.0,0.60,2.05,1.94
'SEQ_F1_S1',24, 6,2014,17600.0,11.6,25.2, 0.0,0.60,2.03,2.36
'SEQ_F1_S1',25, 6,2014,16100.0,11.4,25.2, 0.0,0.60,2.02,2.17
'SEQ_F1_S1',26, 6,2014,16400.0,11.4,26.2, 0.0,0.80,2.05,2.27
'SEQ_F1_S1',27, 6,2014,17300.0,11.5,27.0, 0.0,0.70,2.05,2.43
'SEQ_F1_S1',28, 6,2014,16100.0,12.2,27.4, 0.0,0.70,2.04,2.36
'SEQ_F1_S1',29, 6,2014,11700.0,14.1,21.5, 0.0,1.60,2.02,1.54
'SEQ_F1_S1',30, 6,2014,18900.0,10.5,21.3, 0.0,1.00,1.83,2.28
'SEQ_F1_S1', 1, 7,2014,18800.0, 7.1,22.9, 0.0,0.70,1.79,2.30
'SEQ_F1_S1', 2, 7,2014,17500.0,10.2,26.2, 0.0,0.70,1.94,2.38
'SEQ_F1_S1', 3, 7,2014,17100.0,10.7,27.8, 0.0,0.60,2.01,2.43
'SEQ_F1_S1', 4, 7,2014,16800.0,12.8,27.7, 0.0,0.60,2.03,2.46
'SEQ_F1_S1', 5, 7,2014,17100.0,12.1,26.3, 0.0,0.70,2.01,2.40
'SEQ_F1_S1', 6, 7,2014,17700.0,11.4,25.0, 0.0,1.00,1.95,2.39
'SEQ_F1_S1', 7, 7,2014, 6700.0,12.6,22.7, 0.0,0.40,1.95,1.19
'SEQ_F1_S1', 8, 7,2014,11100.0,14.8,20.8, 3.9,1.70,2.01,1.47
'SEQ_F1_S1', 9, 7,2014, 7900.0,12.6,20.7, 5.7,1.10,1.95,1.14
'SEQ_F1_S1',10, 7,2014, 9700.0,14.7,20.6, 2.4,1.30,2.02,1.35
'SEQ_F1_S1',11, 7,2014,13100.0,13.3,21.5, 0.0,1.90,1.98,1.64
'SEQ_F1_S1',12, 7,2014,18200.0,10.4,23.4, 0.0,1.40,1.96,2.22
'SEQ_F1_S1',13, 7,2014,19000.0,10.3,23.5, 0.0,0.90,1.94,2.45
'SEQ_F1_S1',14, 7,2014,18500.0, 8.5,24.1, 0.0,1.00,1.93,2.32
'SEQ_F1_S1',15, 7,2014,17500.0, 9.6,24.1, 0.0,0.60,1.94,2.26
'SEQ_F1_S1',16, 7,2014,17600.0, 9.4,25.1, 0.0,0.60,1.95,2.33
'SEQ_F1_S1',17, 7,2014,16700.0,11.7,26.5, 0.0,0.80,1.99,2.45
'SEQ_F1_S1',18, 7,2014, 9000.0,14.0,21.1, 2.5,1.70,1.95,1.36
'SEQ_F1_S1',19, 7,2014,19600.0,11.6,20.9, 0.0,0.70,1.84,2.49
'SEQ_F1_S1',20, 7,2014,19200.0, 7.5,21.7, 0.0,0.90,1.79,2.25
'SEQ_F1_S1',21, 7,2014,19300.0, 7.1,24.8, 0.0,0.60,1.90,2.52
'SEQ_F1_S1',22, 7,2014,18300.0, 8.6,26.5, 0.0,0.80,1.96,2.52
'SEQ_F1_S1',23, 7,2014,18700.0,10.8,25.9, 0.0,1.20,1.93,2.66
'SEQ_F1_S1',24, 7,2014, 3400.0,14.3,20.1, 5.3,1.30,1.94,0.81
'SEQ_F1_S1',25, 7,2014, 6900.0,12.0,17.9, 2.3,1.00,1.73,1.05
'SEQ_F1_S1',26, 7,2014, 8100.0,11.0,19.2, 0.0,0.40,1.77,1.25
'SEQ_F1_S1',27, 7,2014, 7500.0,14.4,19.2, 0.8,1.70,1.93,1.09
'SEQ_F1_S1',28, 7,2014,14800.0,13.6,22.6, 0.0,2.10,2.03,1.98
'SEQ_F1_S1',29, 7,2014,18600.0,12.4,24.1, 0.0,1.70,2.02,2.51
'SEQ_F1_S1',30, 7,2014,20200.0,10.7,24.3, 0.0,0.60,1.97,2.79
'SEQ_F1_S1',31, 7,2014,19200.0, 9.7,24.6, 0.0,0.60,1.94,2.60
'SEQ_F1_S1', 1, 8,2014,20100.0, 9.6,25.8, 0.0,0.90,1.93,2.84
'SEQ_F1_S1', 2, 8,2014,19800.0,10.3,26.5, 0.0,0.70,1.96,2.86
'SEQ_F1_S1', 3, 8,2014,19900.0,10.7,28.4, 0.0,0.80,1.95,3.07
'SEQ_F1_S1', 4, 8,2014,20800.0,10.8,28.3, 0.0,1.60,1.93,3.43
'SEQ_F1_S1', 5, 8,2014,18900.0,11.2,22.0, 0.0,2.80,1.84,2.29
'SEQ_F1_S1', 6, 8,2014,20800.0, 8.4,25.3, 0.0,0.60,1.87,2.90
'SEQ_F1_S1', 7, 8,2014,20900.0, 7.7,26.2, 0.0,0.80,1.87,2.96
'SEQ_F1_S1', 8, 8,2014,19600.0,10.1,24.7, 0.0,1.60,1.98,2.66
'SEQ_F1_S1', 9, 8,2014,19400.0,11.6,24.2, 0.0,1.20,2.01,2.69
'SEQ_F1_S1',10, 8,2014,18500.0,11.2,24.9, 0.0,0.90,1.96,2.69
'SEQ_F1_S1',11, 8,2014,21200.0,10.9,27.0, 0.0,0.70,1.89,3.21
'SEQ_F1_S1',12, 8,2014,20700.0,11.3,28.7, 0.0,1.00,1.88,3.37
'SEQ_F1_S1',13, 8,2014, 5700.0,10.9,20.7, 5.4,2.00,1.86,0.93
'SEQ_F1_S1',14, 8,2014, 5900.0,10.6,15.0, 0.0,3.10,1.50,0.77
'SEQ_F1_S1',15, 8,2014,20200.0,11.2,24.2, 0.0,1.40,1.98,2.80
'SEQ_F1_S1',16, 8,2014,16000.0,13.9,25.1, 0.0,1.30,2.06,2.60
'SEQ_F1_S1',17, 8,2014, 9200.0,14.4,22.4, 0.8,1.00,2.07,1.59
'SEQ_F1_S1',18, 8,2014,22000.0,11.1,26.3, 0.1,1.10,2.07,3.27
'SEQ_F1_S1',19, 8,2014,23400.0,12.2,24.6, 0.0,1.20,1.98,3.45
'SEQ_F1_S1',20, 8,2014,23200.0,11.0,26.4, 0.0,1.10,1.98,3.55
'SEQ_F1_S1',21, 8,2014,22800.0,11.0,27.6, 0.0,0.70,1.96,3.57
'SEQ_F1_S1',22, 8,2014,22300.0,11.4,28.2, 0.0,1.10,1.91,3.64
'SEQ_F1_S1',23, 8,2014,22200.0,11.9,28.8, 0.0,0.70,1.88,3.61
'SEQ_F1_S1',24, 8,2014,22900.0,11.7,29.6, 0.0,1.40,1.80,4.11
'SEQ_F1_S1',25, 8,2014,22900.0,12.1,30.2, 0.0,1.20,1.69,4.16
'SEQ_F1_S1',26, 8,2014,18500.0,14.6,27.3, 0.0,2.00,1.93,3.54
'SEQ_F1_S1',27, 8,2014,22000.0,15.4,24.6, 0.0,1.00,1.84,3.52
'SEQ_F1_S1',28, 8,2014,18700.0,12.2,23.4, 0.0,1.00,1.92,2.81
'SEQ_F1_S1',29, 8,2014,21200.0,10.4,23.6, 0.4,1.00,1.94,3.00
'SEQ_F1_S1',30, 8,2014,23700.0,10.1,26.4, 0.0,1.00,2.00,3.59
'SEQ_F1_S1',31, 8,2014,21600.0,10.8,31.6, 0.9,1.90,2.11,4.18
'SEQ_F1_S1', 1, 9,2014,13000.0,14.9,26.4,11.0,1.20,2.21,2.42
'SEQ_F1_S1', 2, 9,2014,22900.0,14.9,29.9, 7.2,1.10,2.14,4.11
'SEQ_F1_S1', 3, 9,2014,18200.0,16.2,26.8,11.5,1.90,2.21,3.29
'SEQ_F1_S1', 4, 9,2014,20900.0,14.2,22.7, 0.0,2.60,2.00,2.95
'SEQ_F1_S1', 5, 9,2014,25900.0,13.3,24.8, 0.0,1.80,1.98,3.99
'SEQ_F1_S1', 6, 9,2014,25800.0,10.0,26.1, 0.0,1.10,1.95,3.97
'SEQ_F1_S1', 7, 9,2014,22300.0,12.8,25.8, 0.0,1.00,1.91,3.60
'SEQ_F1_S1', 8, 9,2014,21400.0,16.9,27.7, 0.0,0.80,1.94,3.84
'SEQ_F1_S1', 9, 9,2014,25800.0,12.1,28.2, 0.0,1.30,1.91,4.40
'SEQ_F1_S1',10, 9,2014,25800.0,14.0,29.4, 0.0,1.20,1.77,4.71
'SEQ_F1_S1',11, 9,2014,24300.0,14.8,30.8, 0.0,1.20,1.75,4.67
'SEQ_F1_S1',12, 9,2014,25000.0,14.8,29.2, 0.0,1.20,2.02,4.47
'SEQ_F1_S1',13, 9,2014,25700.0,12.4,27.7, 0.0,0.90,1.96,4.26
'SEQ_F1_S1',14, 9,2014,25200.0,13.3,29.6, 0.0,1.10,1.83,4.52
'SEQ_F1_S1',15, 9,2014,20800.0,14.7,31.0, 0.0,1.90,1.85,4.62
'SEQ_F1_S1',16, 9,2014,24700.0,14.9,27.4, 0.0,1.50,2.03,4.30
'SEQ_F1_S1',17, 9,2014,26800.0,13.7,27.4, 0.0,1.40,2.08,4.51
'SEQ_F1_S1',18, 9,2014,22600.0,12.1,28.4, 0.0,1.00,2.03,3.92
'SEQ_F1_S1',19, 9,2014,11300.0,16.6,24.8, 1.3,1.60,2.17,2.30
'SEQ_F1_S1',20, 9,2014, 5700.0,17.3,21.4,11.1,0.70,2.13,1.30
'SEQ_F1_S1',21, 9,2014,20400.0,16.4,26.6, 0.0,1.50,2.18,3.68
'SEQ_F1_S1',22, 9,2014,29300.0,13.9,24.1, 0.0,2.20,1.97,4.51
'SEQ_F1_S1',23, 9,2014,28300.0,10.1,29.2, 0.0,0.80,1.93,4.81
'SEQ_F1_S1',24, 9,2014,21700.0,14.7,30.2, 5.5,2.20,2.03,4.58
'SEQ_F1_S1',25, 9,2014,14600.0,16.8,26.8, 4.6,0.60,2.28,2.82
'SEQ_F1_S1',26, 9,2014, 7900.0,18.7,26.3,33.7,1.10,2.33,1.96
'SEQ_F1_S1',27, 9,2014,10300.0,18.6,23.9, 1.3,1.20,2.26,2.14
'SEQ_F1_S1',28, 9,2014,20600.0,17.8,29.5, 0.0,1.20,2.29,4.10
'SEQ_F1_S1',29, 9,2014,22900.0,18.5,32.4, 0.0,1.60,2.18,5.06
'SEQ_F1_S1',30, 9,2014,19000.0,17.6,29.6, 0.0,1.30,2.16,3.99
'SEQ_F1_S1', 1,10,2014,14100.0,18.9,28.9, 3.2,1.60,2.23,3.36
'SEQ_F1_S1', 2,10,2014,27500.0,14.1,23.3, 0.0,3.90,2.01,3.78
'SEQ_F1_S1', 3,10,2014,30000.0,13.2,22.7, 0.0,4.10,1.90,4.05
'SEQ_F1_S1', 4,10,2014,30000.0,12.0,22.0, 0.0,3.60,1.84,3.88
'SEQ_F1_S1', 5,10,2014,30000.0,10.7,23.3, 0.0,2.70,1.86,4.16
'SEQ_F1_S1', 6,10,2014,28600.0,10.3,24.8, 0.0,1.50,1.89,4.31
'SEQ_F1_S1', 7,10,2014,19600.0,12.0,24.7, 0.0,0.70,1.94,3.31
'SEQ_F1_S1', 8,10,2014,29500.0,11.7,27.1, 0.0,1.30,1.90,4.95
'SEQ_F1_S1', 9,10,2014,29600.0,13.0,29.7, 0.0,1.10,1.81,5.40
'SEQ_F1_S1',10,10,2014,29800.0,13.9,31.1, 0.0,1.40,1.75,5.82
'SEQ_F1_S1',11,10,2014,29400.0,14.7,32.0, 0.0,1.20,1.68,5.82
'SEQ_F1_S1',12,10,2014,27200.0,16.3,32.7, 0.0,0.80,1.57,5.34
'SEQ_F1_S1',13,10,2014,27600.0,15.6,33.4, 0.0,0.90,1.49,5.53
'SEQ_F1_S1',14,10,2014,28400.0,18.0,33.8, 0.0,1.40,1.44,6.28
'SEQ_F1_S1',15,10,2014,28400.0,17.4,31.2, 0.0,2.00,2.02,5.94
'SEQ_F1_S1',16,10,2014,26300.0,15.8,32.9, 0.0,1.00,1.86,5.36
'SEQ_F1_S1',17,10,2014,26600.0,18.2,33.7, 0.0,1.50,1.79,6.02
'SEQ_F1_S1',18,10,2014,26300.0,16.9,32.4, 0.0,1.40,1.88,5.62
'SEQ_F1_S1',19,10,2014,26700.0,17.5,33.1, 2.6,1.80,1.84,6.10
'SEQ_F1_S1',20,10,2014,13700.0,17.6,24.2, 0.0,2.10,2.17,2.73
'SEQ_F1_S1',21,10,2014,23100.0,15.9,24.6, 0.0,3.20,2.04,3.97
'SEQ_F1_S1',22,10,2014,28500.0,15.4,27.3, 0.0,2.50,2.05,5.12
'SEQ_F1_S1',23,10,2014,27200.0,14.9,28.9, 0.0,1.40,2.03,5.08
'SEQ_F1_S1',24,10,2014,26100.0,16.1,30.6, 4.3,1.30,2.08,5.19
'SEQ_F1_S1',25,10,2014,10800.0,18.2,24.3, 7.3,0.60,2.27,2.25
'SEQ_F1_S1',26,10,2014,24700.0,18.2,29.0, 0.1,0.90,2.24,4.78
'SEQ_F1_S1',27,10,2014,30000.0,15.7,28.6, 0.0,1.40,2.01,5.52
'SEQ_F1_S1',28,10,2014,30000.0,13.4,27.6, 0.0,1.40,1.97,5.23
'SEQ_F1_S1',29,10,2014,30000.0,13.4,29.7, 0.0,0.90,1.91,5.44
'SEQ_F1_S1',30,10,2014,28700.0,16.3,31.9, 0.0,1.40,1.70,6.01
'SEQ_F1_S1',31,10,2014,25700.0,19.8,30.4, 0.0,1.40,1.93,5.52
'SEQ_F1_S1', 1,11,2014,20500.0,19.2,30.3, 2.3,1.10,2.08,4.49
'SEQ_F1_S1', 2,11,2014,26400.0,17.5,30.9,32.1,1.20,2.09,5.37
'SEQ_F1_S1', 3,11,2014,25200.0,19.4,31.5,14.9,1.20,2.33,5.29
'SEQ_F1_S1', 4,11,2014,12200.0,19.8,27.9,20.9,1.30,2.39,2.91
'SEQ_F1_S1', 5,11,2014,16800.0,19.1,25.4, 0.2,1.70,2.32,3.34
'SEQ_F1_S1', 6,11,2014,30000.0,18.0,31.8, 0.0,1.20,2.18,6.03
'SEQ_F1_S1', 7,11,2014,21200.0,18.3,29.4,17.9,1.10,2.25,4.38
'SEQ_F1_S1', 8,11,2014,16400.0,18.6,26.5, 2.4,1.00,2.32,3.32
'SEQ_F1_S1', 9,11,2014,28500.0,18.6,28.4, 0.0,2.20,2.18,5.60
'SEQ_F1_S1',10,11,2014,30000.0,16.0,28.4, 0.0,1.70,2.07,5.58
'SEQ_F1_S1',11,11,2014,30000.0,13.6,28.8, 0.0,1.30,2.05,5.41
'SEQ_F1_S1',12,11,2014,14300.0,15.7,24.9, 0.0,0.80,2.14,2.79
'SEQ_F1_S1',13,11,2014,22400.0,18.0,27.0, 7.2,1.90,2.28,4.32
'SEQ_F1_S1',14,11,2014,24400.0,17.3,25.2, 0.0,3.40,2.17,4.29
'SEQ_F1_S1',15,11,2014,30000.0,15.6,26.2, 0.0,3.00,2.04,5.20
'SEQ_F1_S1',16,11,2014,30000.0,14.7,26.3, 0.0,2.60,2.01,5.16
'SEQ_F1_S1',17,11,2014,30000.0,12.3,27.2, 0.0,1.60,2.02,5.10
'SEQ_F1_S1',18,11,2014,30000.0,13.8,28.0, 0.0,1.70,2.00,5.39
'SEQ_F1_S1',19,11,2014,30000.0,16.0,29.2, 0.0,1.00,1.95,5.65
'SEQ_F1_S1',20,11,2014,12300.0,17.7,23.7, 0.0,1.20,2.13,2.55
'SEQ_F1_S1',21,11,2014,30000.0,17.7,30.6, 0.0,1.30,2.05,5.99
'SEQ_F1_S1',22,11,2014, 8700.0,18.3,24.0, 4.6,0.90,2.25,1.97
'SEQ_F1_S1',23,11,2014,16400.0,19.1,27.6, 0.2,1.20,2.32,3.52
'SEQ_F1_S1',24,11,2014,17700.0,19.6,29.4, 4.5,1.20,2.36,3.92
'SEQ_F1_S1',25,11,2014,16400.0,19.9,28.6,19.3,0.50,2.39,3.47
'SEQ_F1_S1',26,11,2014,16500.0,20.2,26.4,27.9,1.00,2.36,3.44
'SEQ_F1_S1',27,11,2014,18500.0,20.8,29.3, 0.1,1.00,2.32,4.08
'SEQ_F1_S1',28,11,2014,21400.0,18.4,28.3, 0.0,1.10,2.22,4.36
'SEQ_F1_S1',29,11,2014,19300.0,18.9,27.4, 0.0,1.10,2.22,3.98
'SEQ_F1_S1',30,11,2014,22100.0,18.2,26.6, 0.1,1.00,2.26,4.24
'SEQ_F1_S1', 1,12,2014,20000.0,19.1,28.8, 5.5,0.70,2.34,4.10
'SEQ_F1_S1', 2,12,2014,28100.0,18.6,28.9, 0.1,1.60,2.25,5.53
'SEQ_F1_S1', 3,12,2014,24000.0,19.6,29.3, 0.0,1.30,2.13,5.06
'SEQ_F1_S1', 4,12,2014,20300.0,17.6,28.3, 0.0,2.00,2.29,4.21
'SEQ_F1_S1', 5,12,2014,23400.0,17.0,25.5, 0.0,2.50,2.15,4.28
'SEQ_F1_S1', 6,12,2014,28400.0,16.2,28.6, 3.9,2.00,2.16,5.41
'SEQ_F1_S1', 7,12,2014,30000.0,17.8,30.2, 0.0,1.00,2.11,5.86
'SEQ_F1_S1', 8,12,2014,23800.0,19.4,28.5, 0.0,0.90,2.17,4.80
'SEQ_F1_S1', 9,12,2014,23300.0,18.7,27.9, 7.4,1.20,2.22,4.65
'SEQ_F1_S1',10,12,2014, 9900.0,19.5,24.9,18.9,0.60,2.31,2.23
'SEQ_F1_S1',11,12,2014,22500.0,19.8,28.3, 0.0,0.80,2.35,4.52
'SEQ_F1_S1',12,12,2014,19900.0,19.8,29.3,21.7,1.10,2.37,4.26
'SEQ_F1_S1',13,12,2014, 8500.0,19.6,23.1,18.1,1.10,2.26,1.97
'SEQ_F1_S1',14,12,2014,22400.0,19.2,29.5, 0.0,1.50,2.36,4.72
'SEQ_F1_S1',15,12,2014,30000.0,16.6,27.7, 0.0,1.70,2.11,5.56
'SEQ_F1_S1',16,12,2014,30000.0,15.0,29.8, 0.0,1.10,2.17,5.63
'SEQ_F1_S1',17,12,2014,30000.0,16.0,29.9, 0.0,1.00,2.14,5.71
'SEQ_F1_S1',18,12,2014,30000.0,19.1,30.5, 0.0,0.90,2.06,5.96
'SEQ_F1_S1',19,12,2014,25700.0,20.1,30.2, 1.4,1.10,2.33,5.31
'SEQ_F1_S1',20,12,2014,26600.0,19.3,30.4,42.2,1.40,2.34,5.49
'SEQ_F1_S1',21,12,2014,24400.0,21.3,29.6, 1.5,1.60,2.37,5.24
'SEQ_F1_S1',22,12,2014,23500.0,20.3,30.0,52.8,1.60,2.40,5.04
'SEQ_F1_S1',23,12,2014, 5700.0,18.8,24.6,20.2,0.70,2.28,1.55
'SEQ_F1_S1',24,12,2014,23400.0,17.8,28.2, 4.8,1.10,2.33,4.57
'SEQ_F1_S1',25,12,2014,30000.0,18.6,32.4, 0.0,0.70,2.21,6.01
'SEQ_F1_S1',26,12,2014,30000.0,20.4,33.0, 0.0,0.60,1.99,6.07
'SEQ_F1_S1',27,12,2014,30000.0,19.7,32.9, 0.0,0.70,1.86,6.10
'SEQ_F1_S1',28,12,2014,30000.0,19.1,31.5, 3.9,1.00,2.04,6.11
'SEQ_F1_S1',29,12,2014,28300.0,18.1,32.2,40.1,1.10,2.22,5.85
'SEQ_F1_S1',30,12,2014,23800.0,19.6,31.3,11.2,0.60,2.39,4.91
'SEQ_F1_S1',31,12,2014,27000.0,19.9,31.3, 2.2,0.80,2.37,5.52
