* Source of data    : SEQ_F1_S1 - Piracicaba - SP
* File content      : Input weather file for Swap 3.2 (www.swap.alterra.nl)
* File generated by : R-Script 
* File generated at : 17-Sep-2019
station,DD,MM,YYYY,Rad,Tmin,Tmax,Rain,Wind,Hum,etref
'SEQ_F1_S1', 1, 1,2012, 9940.0,17.4,22.0,21.5,0.90,2.32,4.93
'SEQ_F1_S1', 2, 1,2012,30000.0,15.4,25.5, 0.0,1.57,2.08,4.73
'SEQ_F1_S1', 3, 1,2012,30000.0,15.9,27.8, 0.0,0.93,2.02,4.63
'SEQ_F1_S1', 4, 1,2012,30000.0,17.0,29.6, 0.0,0.74,2.14,4.49
'SEQ_F1_S1', 5, 1,2012,21510.0,17.9,27.8, 1.2,0.70,2.33,5.71
'SEQ_F1_S1', 6, 1,2012,24510.0,17.3,28.2, 1.4,1.05,2.45,4.97
'SEQ_F1_S1', 7, 1,2012,30000.0,17.3,28.3, 3.9,0.93,2.52,5.80
'SEQ_F1_S1', 8, 1,2012,28020.0,17.0,27.1, 3.0,1.20,2.41,5.37
'SEQ_F1_S1', 9, 1,2012,29910.0,17.3,26.8,20.2,1.30,2.31,4.72
'SEQ_F1_S1',10, 1,2012, 9290.0,17.3,22.0, 4.3,0.67,2.30,4.21
'SEQ_F1_S1',11, 1,2012,14560.0,17.4,22.9, 4.8,0.86,2.31,4.24
'SEQ_F1_S1',12, 1,2012,26770.0,16.7,25.5, 0.0,1.27,2.16,3.35
'SEQ_F1_S1',13, 1,2012,22590.0,16.2,25.7, 0.0,1.23,2.09,3.42
'SEQ_F1_S1',14, 1,2012,15060.0,18.5,25.3, 5.5,2.08,2.39,4.21
'SEQ_F1_S1',15, 1,2012,19830.0,18.9,27.6,11.6,1.18,2.74,3.82
'SEQ_F1_S1',16, 1,2012,18830.0,18.2,25.9, 7.1,0.70,2.65,4.11
'SEQ_F1_S1',17, 1,2012,18790.0,17.3,26.6,32.9,0.87,2.61,5.44
'SEQ_F1_S1',18, 1,2012,20000.0,17.3,25.5,23.0,0.94,2.45,5.56
'SEQ_F1_S1',19, 1,2012,15090.0,17.0,23.2, 3.2,0.46,2.33,5.44
'SEQ_F1_S1',20, 1,2012,14680.0,17.7,24.6,21.5,0.96,2.50,5.59
'SEQ_F1_S1',21, 1,2012,24790.0,17.9,27.6, 0.1,0.83,2.62,5.34
'SEQ_F1_S1',22, 1,2012,20340.0,17.8,27.9, 3.8,0.69,2.72,5.18
'SEQ_F1_S1',23, 1,2012,23250.0,17.8,28.6, 4.7,0.87,2.79,4.74
'SEQ_F1_S1',24, 1,2012,21580.0,17.8,26.7, 0.1,0.85,2.60,4.99
'SEQ_F1_S1',25, 1,2012,25920.0,18.5,27.3,10.8,0.95,2.69,5.26
'SEQ_F1_S1',26, 1,2012,15540.0,17.4,24.7,21.2,1.54,2.51,4.85
'SEQ_F1_S1',27, 1,2012, 7540.0,15.8,19.1, 6.6,1.87,2.00,4.31
'SEQ_F1_S1',28, 1,2012,15040.0,15.0,23.1, 2.5,1.17,2.10,4.86
'SEQ_F1_S1',29, 1,2012,30000.0,14.7,25.9, 0.0,1.44,1.99,4.54
'SEQ_F1_S1',30, 1,2012,30000.0,13.8,26.6, 0.0,1.14,1.77,4.69
'SEQ_F1_S1',31, 1,2012,30000.0,13.7,27.9, 0.0,0.96,2.06,5.16
'SEQ_F1_S1', 1, 2,2012,28830.0,16.3,29.5, 0.0,0.60,2.32,5.86
'SEQ_F1_S1', 2, 2,2012,30000.0,17.4,29.4, 0.0,0.63,2.32,5.23
'SEQ_F1_S1', 3, 2,2012,27550.0,18.6,29.8, 0.0,0.42,2.26,5.20
'SEQ_F1_S1', 4, 2,2012,30000.0,18.0,30.2, 0.0,0.52,2.13,4.67
'SEQ_F1_S1', 5, 2,2012,30000.0,18.5,30.1, 0.0,0.76,2.07,4.16
'SEQ_F1_S1', 6, 2,2012,30000.0,18.4,30.7, 0.0,0.58,2.11,4.10
'SEQ_F1_S1', 7, 2,2012,30000.0,17.2,31.8, 0.0,0.61,2.16,5.01
'SEQ_F1_S1', 8, 2,2012,30000.0,18.9,32.3, 0.0,0.87,2.29,5.28
'SEQ_F1_S1', 9, 2,2012,28090.0,19.1,32.5, 0.0,0.85,2.44,4.44
'SEQ_F1_S1',10, 2,2012,18190.0,19.3,29.3,13.0,1.56,2.64,4.21
'SEQ_F1_S1',11, 2,2012,17160.0,18.1,26.3,49.8,1.04,2.58,4.92
'SEQ_F1_S1',12, 2,2012,17670.0,17.9,25.9,10.1,0.74,2.67,4.95
'SEQ_F1_S1',13, 2,2012,14960.0,18.6,25.6, 0.2,0.43,2.48,4.40
'SEQ_F1_S1',14, 2,2012,27020.0,16.9,28.8, 6.5,0.81,2.54,4.84
'SEQ_F1_S1',15, 2,2012,27020.0,17.0,29.2, 0.1,0.79,2.56,3.80
'SEQ_F1_S1',16, 2,2012,28430.0,17.9,28.9, 0.0,1.23,2.41,3.94
'SEQ_F1_S1',17, 2,2012,29880.0,17.3,30.0, 0.0,0.82,2.45,3.60
'SEQ_F1_S1',18, 2,2012,28370.0,18.2,29.4, 0.0,0.64,2.37,4.93
'SEQ_F1_S1',19, 2,2012,19220.0,19.4,27.8, 0.0,0.48,2.51,4.95
'SEQ_F1_S1',20, 2,2012,17950.0,18.4,28.2,27.1,0.73,2.76,5.04
'SEQ_F1_S1',21, 2,2012,16500.0,17.6,27.5,11.1,0.61,2.77,4.46
'SEQ_F1_S1',22, 2,2012,20360.0,18.4,26.7, 0.9,0.73,2.63,4.30
'SEQ_F1_S1',23, 2,2012,24910.0,18.8,28.0, 1.1,0.72,2.63,3.99
'SEQ_F1_S1',24, 2,2012,26130.0,18.8,29.1, 0.1,0.72,2.78,4.76
'SEQ_F1_S1',25, 2,2012,19340.0,19.1,29.1, 7.7,0.59,2.96,4.35
'SEQ_F1_S1',26, 2,2012,21190.0,19.3,29.4,10.5,0.65,2.94,4.97
'SEQ_F1_S1',27, 2,2012,16310.0,19.6,28.0, 0.5,0.51,2.79,4.22
'SEQ_F1_S1',28, 2,2012,30000.0,18.6,31.0, 0.0,0.63,2.50,4.04
'SEQ_F1_S1',29, 2,2012,29860.0,18.2,31.3, 0.0,0.50,2.54,4.17
'SEQ_F1_S1', 1, 3,2012,28290.0,20.1,31.2, 0.4,1.04,2.53,4.18
'SEQ_F1_S1', 2, 3,2012,28700.0,18.9,30.2, 0.0,0.86,2.45,4.41
'SEQ_F1_S1', 3, 3,2012,21090.0,18.5,29.6,30.6,1.13,2.79,4.33
'SEQ_F1_S1', 4, 3,2012,29510.0,17.9,28.7, 0.0,1.14,2.48,3.79
'SEQ_F1_S1', 5, 3,2012,29300.0,18.0,29.1, 0.0,1.32,2.32,4.09
'SEQ_F1_S1', 6, 3,2012,28300.0,18.0,29.3, 0.0,1.60,2.33,4.09
'SEQ_F1_S1', 7, 3,2012,30000.0,17.0,28.7, 0.0,1.49,2.10,3.99
'SEQ_F1_S1', 8, 3,2012,27180.0,16.1,28.8, 0.0,0.97,2.18,3.95
'SEQ_F1_S1', 9, 3,2012,29570.0,17.0,29.9, 0.0,1.17,2.24,4.07
'SEQ_F1_S1',10, 3,2012,18530.0,17.6,27.3, 1.2,0.86,2.40,3.73
'SEQ_F1_S1',11, 3,2012,25060.0,17.6,27.0, 0.3,0.54,2.42,3.27
'SEQ_F1_S1',12, 3,2012,26920.0,17.4,29.2, 0.0,0.37,2.36,3.48
'SEQ_F1_S1',13, 3,2012,22900.0,18.0,28.3, 0.7,0.96,2.56,3.41
'SEQ_F1_S1',14, 3,2012,27320.0,16.8,29.1, 0.0,0.95,2.38,4.10
'SEQ_F1_S1',15, 3,2012,21300.0,18.8,28.1, 8.1,1.13,2.63,4.00
'SEQ_F1_S1',16, 3,2012,12380.0,18.4,24.5, 0.0,1.56,2.32,2.98
'SEQ_F1_S1',17, 3,2012,19900.0,17.4,24.9, 0.0,2.78,2.00,3.19
'SEQ_F1_S1',18, 3,2012,28880.0,16.0,26.7, 0.0,2.36,1.96,3.18
'SEQ_F1_S1',19, 3,2012,26390.0,14.5,27.6, 0.0,0.80,2.01,3.33
'SEQ_F1_S1',20, 3,2012,26610.0,15.9,28.1, 0.0,0.53,2.18,3.23
'SEQ_F1_S1',21, 3,2012,21510.0,16.2,28.5, 0.0,0.53,2.31,3.25
'SEQ_F1_S1',22, 3,2012,25120.0,17.0,29.6, 8.7,1.30,2.40,3.33
'SEQ_F1_S1',23, 3,2012,16420.0,17.8,24.4, 2.3,1.32,2.39,3.67
'SEQ_F1_S1',24, 3,2012,21160.0,18.3,27.0, 0.6,0.51,2.45,3.96
'SEQ_F1_S1',25, 3,2012,26360.0,17.1,28.3, 0.0,0.47,2.37,2.94
'SEQ_F1_S1',26, 3,2012,25800.0,16.8,29.8, 0.0,0.34,2.37,3.79
'SEQ_F1_S1',27, 3,2012,13520.0,19.5,26.2, 8.5,0.69,2.59,3.99
'SEQ_F1_S1',28, 3,2012,11820.0,15.9,24.4, 0.1,1.08,2.33,3.63
'SEQ_F1_S1',29, 3,2012,22790.0,13.7,27.0, 0.0,0.83,2.14,3.05
'SEQ_F1_S1',30, 3,2012,19960.0,15.4,27.0, 0.0,0.92,2.35,3.65
'SEQ_F1_S1',31, 3,2012,22790.0,16.1,26.8, 0.0,1.20,2.22,4.31
'SEQ_F1_S1', 1, 4,2012,25370.0,15.1,27.8, 0.0,1.19,2.16,3.47
'SEQ_F1_S1', 2, 4,2012,23730.0,15.3,27.9, 0.0,1.11,2.18,3.73
'SEQ_F1_S1', 3, 4,2012,23050.0,16.0,29.4, 0.0,0.55,2.38,3.68
'SEQ_F1_S1', 4, 4,2012,23780.0,17.1,29.2, 0.0,0.83,2.36,3.37
'SEQ_F1_S1', 5, 4,2012,24680.0,16.6,30.2, 0.0,0.83,2.34,3.98
'SEQ_F1_S1', 6, 4,2012,21930.0,18.5,28.6, 1.2,1.08,2.44,3.60
'SEQ_F1_S1', 7, 4,2012,24840.0,17.3,29.8, 0.0,0.48,2.41,3.90
'SEQ_F1_S1', 8, 4,2012,17660.0,17.0,28.6,36.4,0.70,2.53,3.72
'SEQ_F1_S1', 9, 4,2012,20790.0,16.9,27.1, 1.4,1.39,2.43,3.24
'SEQ_F1_S1',10, 4,2012,15090.0,18.5,26.5, 0.0,0.89,2.35,3.84
'SEQ_F1_S1',11, 4,2012,24760.0,16.9,28.2, 2.1,0.69,2.43,3.45
'SEQ_F1_S1',12, 4,2012,20400.0,18.0,28.4, 0.0,0.51,2.63,2.86
'SEQ_F1_S1',13, 4,2012,20220.0,18.7,28.7, 0.0,0.43,2.57,2.75
'SEQ_F1_S1',14, 4,2012,17430.0,19.0,28.3, 0.0,0.76,2.50,2.56
'SEQ_F1_S1',15, 4,2012,21930.0,18.9,28.3, 0.0,1.17,2.53,3.36
'SEQ_F1_S1',16, 4,2012,20760.0,17.5,25.9, 0.0,2.60,2.22,3.71
'SEQ_F1_S1',17, 4,2012,22100.0,15.6,27.0, 0.0,1.29,2.11,3.57
'SEQ_F1_S1',18, 4,2012,20980.0,15.1,27.6, 0.0,0.98,2.23,3.43
'SEQ_F1_S1',19, 4,2012,21790.0,15.3,27.8, 0.0,0.57,2.21,3.60
'SEQ_F1_S1',20, 4,2012,13330.0,16.5,26.7, 0.1,0.47,2.38,3.50
'SEQ_F1_S1',21, 4,2012, 2220.0,16.8,19.6,43.9,0.67,2.10,2.81
'SEQ_F1_S1',22, 4,2012,12730.0,15.8,22.8, 0.7,1.50,2.17,2.98
'SEQ_F1_S1',23, 4,2012,21580.0,14.4,25.6, 0.0,1.10,2.11,3.05
'SEQ_F1_S1',24, 4,2012,20630.0,13.5,24.9, 0.0,0.69,1.94,3.25
'SEQ_F1_S1',25, 4,2012,21950.0,13.8,27.1, 0.0,0.52,2.18,3.22
'SEQ_F1_S1',26, 4,2012,12200.0,17.5,26.0, 9.9,1.32,2.45,2.74
'SEQ_F1_S1',27, 4,2012,14730.0,17.9,25.7, 2.0,1.17,2.49,2.68
'SEQ_F1_S1',28, 4,2012, 9550.0,16.4,22.2, 0.2,0.38,2.20,2.84
'SEQ_F1_S1',29, 4,2012, 4940.0,16.2,20.1,25.8,0.89,2.10,2.60
'SEQ_F1_S1',30, 4,2012, 3020.0,14.0,17.8,35.5,0.73,1.82,2.66
'SEQ_F1_S1', 1, 5,2012,17570.0,12.0,19.6, 0.0,1.49,1.57,2.83
'SEQ_F1_S1', 2, 5,2012,20530.0, 9.8,21.8, 0.0,1.86,1.65,2.92
'SEQ_F1_S1', 3, 5,2012,21450.0,12.8,23.3, 0.6,2.36,1.83,2.66
'SEQ_F1_S1', 4, 5,2012,21980.0,12.8,25.0, 0.0,0.49,1.84,2.88
'SEQ_F1_S1', 5, 5,2012,19320.0,12.8,25.3, 0.0,0.53,2.04,2.70
'SEQ_F1_S1', 6, 5,2012,20520.0,13.1,24.8, 0.0,1.21,1.95,2.63
'SEQ_F1_S1', 7, 5,2012,20710.0,14.1,24.8, 0.0,1.69,1.87,2.57
'SEQ_F1_S1', 8, 5,2012,18310.0,15.1,25.2, 0.0,1.20,1.96,2.62
'SEQ_F1_S1', 9, 5,2012,20050.0,12.1,24.6, 0.0,0.38,1.90,2.52
'SEQ_F1_S1',10, 5,2012,17560.0,12.1,25.9, 0.0,0.52,2.02,2.08
'SEQ_F1_S1',11, 5,2012,19760.0,13.7,26.5, 0.0,0.90,1.94,2.40
'SEQ_F1_S1',12, 5,2012, 7130.0,16.3,20.3,19.6,0.97,2.10,2.35
'SEQ_F1_S1',13, 5,2012,11870.0,16.0,23.1, 0.0,0.94,2.19,2.58
'SEQ_F1_S1',14, 5,2012, 3720.0,14.8,17.3, 9.0,1.65,1.83,2.51
'SEQ_F1_S1',15, 5,2012, 9080.0,14.4,19.0, 0.0,2.39,1.78,2.48
'SEQ_F1_S1',16, 5,2012,17680.0,14.3,21.8, 0.0,2.06,1.79,2.13
'SEQ_F1_S1',17, 5,2012,19190.0,12.2,21.4, 0.0,2.02,1.62,2.01
'SEQ_F1_S1',18, 5,2012,19360.0,12.0,22.6, 0.0,1.43,1.65,1.94
'SEQ_F1_S1',19, 5,2012,18560.0,10.9,22.9, 0.0,0.52,1.69,2.00
'SEQ_F1_S1',20, 5,2012,18870.0,12.7,23.9, 0.0,0.50,1.80,2.38
'SEQ_F1_S1',21, 5,2012,17850.0,10.7,23.9, 0.0,0.71,1.78,1.70
'SEQ_F1_S1',22, 5,2012,14570.0,11.2,23.1, 0.0,0.29,1.84,1.65
'SEQ_F1_S1',23, 5,2012,17020.0,11.0,24.1, 0.0,0.43,1.86,1.46
'SEQ_F1_S1',24, 5,2012,12610.0,12.5,23.8,10.9,0.54,2.04,2.11
'SEQ_F1_S1',25, 5,2012, 9350.0,15.4,22.5,17.7,1.01,2.15,2.21
'SEQ_F1_S1',26, 5,2012,16480.0,13.8,22.8, 0.0,0.68,2.01,1.94
'SEQ_F1_S1',27, 5,2012,17550.0,12.4,24.8, 0.0,0.67,2.07,1.58
'SEQ_F1_S1',28, 5,2012,18380.0,15.1,25.3, 0.0,0.51,2.18,2.27
'SEQ_F1_S1',29, 5,2012,18340.0,13.4,25.4, 0.0,0.43,2.12,1.69
'SEQ_F1_S1',30, 5,2012,17690.0,13.8,26.0, 0.0,0.66,2.18,1.46
'SEQ_F1_S1',31, 5,2012,16290.0,14.4,25.8, 0.0,0.71,2.22,1.61
'SEQ_F1_S1', 1, 6,2012, 5490.0,15.3,19.9, 6.1,0.60,2.04,1.50
'SEQ_F1_S1', 2, 6,2012,15910.0,14.8,23.1, 0.0,0.51,2.14,1.93
'SEQ_F1_S1', 3, 6,2012,17470.0,12.8,26.1, 0.2,0.96,2.16,2.04
'SEQ_F1_S1', 4, 6,2012,17810.0,15.1,26.9, 5.8,1.76,2.10,1.97
'SEQ_F1_S1', 5, 6,2012, 2850.0,16.8,19.0,45.4,0.62,2.06,1.72
'SEQ_F1_S1', 6, 6,2012, 4800.0,17.0,19.8, 6.4,0.37,2.13,2.10
'SEQ_F1_S1', 7, 6,2012, 4850.0,13.7,18.9, 7.5,1.40,1.87,2.01
'SEQ_F1_S1', 8, 6,2012, 3420.0,12.9,15.3, 4.1,1.14,1.62,1.91
'SEQ_F1_S1', 9, 6,2012,10940.0,12.4,19.7, 0.0,1.59,1.74,1.92
'SEQ_F1_S1',10, 6,2012,12950.0,11.2,21.2, 0.0,0.50,1.89,2.00
'SEQ_F1_S1',11, 6,2012,14750.0,14.1,25.1, 0.2,1.06,2.24,2.05
'SEQ_F1_S1',12, 6,2012,14410.0,15.0,25.0, 1.8,0.44,2.28,2.01
'SEQ_F1_S1',13, 6,2012,11270.0,15.1,21.5, 0.0,0.62,2.14,1.93
'SEQ_F1_S1',14, 6,2012,10610.0,14.6,22.6, 0.2,0.36,2.16,1.44
'SEQ_F1_S1',15, 6,2012,15300.0,13.8,25.0, 0.2,0.40,1.88,1.90
'SEQ_F1_S1',16, 6,2012,15460.0,13.2,23.6, 0.0,0.83,1.67,2.10
'SEQ_F1_S1',17, 6,2012,16330.0,11.4,24.6, 0.0,0.53,1.73,2.26
'SEQ_F1_S1',18, 6,2012,11180.0,11.9,24.4, 0.0,1.01,1.47,1.62
'SEQ_F1_S1',19, 6,2012, 3410.0,12.3,18.5,10.7,0.47,1.73,1.78
'SEQ_F1_S1',20, 6,2012, 2140.0,15.7,17.9,45.4,0.89,1.88,1.90
'SEQ_F1_S1',21, 6,2012, 2660.0,15.4,17.4,22.7,0.74,1.83,2.01
'SEQ_F1_S1',22, 6,2012, 8770.0,13.7,20.3, 1.0,1.44,1.84,1.74
'SEQ_F1_S1',23, 6,2012,17420.0,10.1,20.6, 0.2,1.58,1.45,1.63
'SEQ_F1_S1',24, 6,2012,17620.0,10.3,24.4, 0.0,0.32,1.76,1.66
'SEQ_F1_S1',25, 6,2012,16160.0,12.8,20.8, 0.1,1.01,1.75,1.69
'SEQ_F1_S1',26, 6,2012,17770.0,10.3,22.5, 0.0,0.84,1.51,1.92
'SEQ_F1_S1',27, 6,2012,17490.0,10.4,23.0, 0.0,0.39,1.50,2.06
'SEQ_F1_S1',28, 6,2012,14900.0,11.0,24.3, 0.0,0.52,1.61,1.96
'SEQ_F1_S1',29, 6,2012,16320.0,11.1,24.2, 0.0,0.68,1.83,1.74
'SEQ_F1_S1',30, 6,2012,16870.0,13.1,25.4, 0.0,0.52,1.96,1.44
'SEQ_F1_S1', 1, 7,2012,18030.0,11.3,26.4, 0.0,0.53,2.12,1.78
'SEQ_F1_S1', 2, 7,2012,17720.0,12.2,25.8, 0.0,0.67,2.08,1.86
'SEQ_F1_S1', 3, 7,2012,18100.0,11.8,25.0, 0.0,0.83,2.00,1.99
'SEQ_F1_S1', 4, 7,2012,17780.0,11.4,24.9, 0.0,0.83,1.90,1.89
'SEQ_F1_S1', 5, 7,2012,18120.0,10.8,25.6, 0.0,0.51,1.89,2.29
'SEQ_F1_S1', 6, 7,2012,18150.0,11.8,24.7, 0.0,1.08,1.81,1.50
'SEQ_F1_S1', 7, 7,2012, 9850.0,14.7,22.7, 5.1,0.78,1.99,1.37
'SEQ_F1_S1', 8, 7,2012, 8950.0,11.3,18.1, 4.7,2.09,1.69,1.62
'SEQ_F1_S1', 9, 7,2012,19080.0, 8.0,22.1, 0.0,0.93,1.65,1.98
'SEQ_F1_S1',10, 7,2012,18380.0, 9.7,23.8, 0.0,0.65,1.83,1.68
'SEQ_F1_S1',11, 7,2012,17470.0,10.8,25.3, 0.0,1.04,1.92,2.39
'SEQ_F1_S1',12, 7,2012, 6950.0,14.0,20.7, 2.3,1.11,1.95,2.61
'SEQ_F1_S1',13, 7,2012,20090.0, 8.7,18.9, 0.0,1.15,1.29,2.31
'SEQ_F1_S1',14, 7,2012,18950.0, 6.3,19.6, 0.0,0.52,1.35,2.23
'SEQ_F1_S1',15, 7,2012,19420.0, 7.5,20.8, 0.0,1.33,1.49,2.13
'SEQ_F1_S1',16, 7,2012, 7010.0,11.4,16.4, 1.6,2.28,1.60,2.18
'SEQ_F1_S1',17, 7,2012,10870.0,11.8,19.8,10.7,0.85,1.85,2.03
'SEQ_F1_S1',18, 7,2012,17630.0,10.1,17.0, 0.0,1.53,1.47,2.17
'SEQ_F1_S1',19, 7,2012,18630.0, 6.4,19.9, 0.0,0.43,1.52,2.39
'SEQ_F1_S1',20, 7,2012,18920.0, 6.8,23.2, 0.2,0.50,1.74,1.94
'SEQ_F1_S1',21, 7,2012,19880.0, 5.8,24.0, 0.1,1.01,1.60,2.05
'SEQ_F1_S1',22, 7,2012,18080.0,10.1,26.9, 0.0,0.86,1.95,1.85
'SEQ_F1_S1',23, 7,2012,18140.0,14.3,28.5, 0.0,0.52,2.20,1.34
'SEQ_F1_S1',24, 7,2012,16860.0,13.4,27.2, 0.0,0.63,2.08,1.18
'SEQ_F1_S1',25, 7,2012,16290.0,13.4,27.5, 0.0,0.78,2.09,1.26
'SEQ_F1_S1',26, 7,2012,17230.0,12.4,26.6, 0.0,0.56,2.06,1.98
'SEQ_F1_S1',27, 7,2012,18900.0,12.4,28.1, 0.0,1.07,2.16,2.32
'SEQ_F1_S1',28, 7,2012,17980.0,12.4,27.5, 0.0,0.36,2.18,2.68
'SEQ_F1_S1',29, 7,2012,19930.0,12.6,27.0, 0.0,1.12,1.89,2.76
'SEQ_F1_S1',30, 7,2012,17730.0,12.8,23.1, 0.0,2.00,1.94,2.79
'SEQ_F1_S1',31, 7,2012,16550.0,11.4,23.8, 0.0,1.70,1.97,2.87
'SEQ_F1_S1', 1, 8,2012,18290.0,11.3,24.0, 0.0,0.51,1.89,2.87
'SEQ_F1_S1', 2, 8,2012,20360.0,10.7,24.9, 0.0,0.67,1.91,3.09
'SEQ_F1_S1', 3, 8,2012,20670.0,11.7,25.4, 0.0,0.66,1.86,3.24
'SEQ_F1_S1', 4, 8,2012,20200.0,11.3,25.5, 0.0,0.87,1.88,2.68
'SEQ_F1_S1', 5, 8,2012,17600.0,11.7,23.7, 0.0,1.32,1.90,2.94
'SEQ_F1_S1', 6, 8,2012,21130.0,12.1,21.9, 0.0,2.11,1.66,2.99
'SEQ_F1_S1', 7, 8,2012,20770.0, 8.4,24.6, 0.0,0.53,1.72,2.94
'SEQ_F1_S1', 8, 8,2012,20820.0, 9.7,25.9, 0.0,0.66,1.81,2.93
'SEQ_F1_S1', 9, 8,2012,21130.0,10.8,26.0, 0.0,0.46,1.80,3.02
'SEQ_F1_S1',10, 8,2012,20890.0,10.1,25.9, 0.0,0.52,1.77,2.78
'SEQ_F1_S1',11, 8,2012,20370.0,10.4,25.6, 0.0,0.56,1.78,3.11
'SEQ_F1_S1',12, 8,2012,22140.0,10.7,25.2, 0.0,0.96,1.64,2.16
'SEQ_F1_S1',13, 8,2012,20400.0,11.4,26.3, 0.0,1.16,1.77,1.61
'SEQ_F1_S1',14, 8,2012,20520.0,12.6,26.2, 0.0,0.59,1.90,2.65
'SEQ_F1_S1',15, 8,2012,21880.0,13.3,26.0, 0.0,0.96,1.88,3.01
'SEQ_F1_S1',16, 8,2012,17310.0,12.6,25.6, 0.0,0.69,1.97,2.34
'SEQ_F1_S1',17, 8,2012,21840.0,13.6,26.1, 0.0,0.72,1.81,2.77
'SEQ_F1_S1',18, 8,2012,21400.0,11.4,26.6, 0.0,0.73,1.83,3.32
'SEQ_F1_S1',19, 8,2012,21460.0,11.8,26.4, 0.0,0.66,1.82,3.29
'SEQ_F1_S1',20, 8,2012,22120.0,12.0,26.0, 0.0,0.57,1.80,3.30
'SEQ_F1_S1',21, 8,2012,23370.0,11.2,26.6, 0.0,0.86,1.55,3.25
'SEQ_F1_S1',22, 8,2012,21910.0,11.5,27.2, 0.0,1.11,1.62,3.63
'SEQ_F1_S1',23, 8,2012,23950.0, 9.8,25.2, 0.0,0.86,1.39,3.30
'SEQ_F1_S1',24, 8,2012,23350.0,11.4,26.4, 0.0,0.94,1.73,3.19
'SEQ_F1_S1',25, 8,2012,18340.0,11.8,26.4, 0.0,0.82,1.63,3.00
'SEQ_F1_S1',26, 8,2012,22600.0,14.7,26.7, 0.0,1.46,1.82,1.75
'SEQ_F1_S1',27, 8,2012,19800.0,11.1,26.4, 0.0,0.95,1.87,2.84
'SEQ_F1_S1',28, 8,2012,19520.0,13.5,25.1, 0.0,1.71,2.06,3.46
'SEQ_F1_S1',29, 8,2012,23270.0,12.2,23.3, 0.0,1.34,1.81,3.84
'SEQ_F1_S1',30, 8,2012,22500.0,11.3,22.5, 0.0,2.03,1.64,4.05
'SEQ_F1_S1',31, 8,2012,24830.0, 9.1,26.4, 0.0,0.72,1.72,3.55
'SEQ_F1_S1', 1, 9,2012,23100.0, 9.4,28.2, 0.0,0.78,1.73,3.88
'SEQ_F1_S1', 2, 9,2012,24300.0,11.6,28.7, 0.0,0.72,1.63,2.84
'SEQ_F1_S1', 3, 9,2012,23320.0,12.0,27.2, 0.0,2.21,1.87,2.18
'SEQ_F1_S1', 4, 9,2012,23250.0,12.9,24.8, 0.0,2.02,1.88,3.57
'SEQ_F1_S1', 5, 9,2012,22900.0,11.2,28.5, 0.0,0.46,2.06,3.46
'SEQ_F1_S1', 6, 9,2012,21820.0,13.9,29.6, 0.0,0.89,2.01,3.26
'SEQ_F1_S1', 7, 9,2012,22240.0,14.5,30.2, 0.0,0.58,1.93,3.00
'SEQ_F1_S1', 8, 9,2012,23550.0,15.0,30.6, 0.0,0.86,1.84,3.70
'SEQ_F1_S1', 9, 9,2012,21730.0,15.0,31.4, 0.0,0.84,1.87,3.64
'SEQ_F1_S1',10, 9,2012,21360.0,15.7,30.9, 0.0,0.71,2.17,3.40
'SEQ_F1_S1',11, 9,2012,17230.0,15.9,29.4, 0.0,1.26,2.10,3.56
'SEQ_F1_S1',12, 9,2012,21530.0,15.2,29.5, 0.0,0.74,2.25,3.98
'SEQ_F1_S1',13, 9,2012,20840.0,16.5,27.7, 0.0,1.85,2.36,4.29
'SEQ_F1_S1',14, 9,2012,23020.0,16.4,28.6, 0.0,1.79,2.27,4.33
'SEQ_F1_S1',15, 9,2012,23640.0,14.1,30.4, 0.0,0.59,2.19,4.21
'SEQ_F1_S1',16, 9,2012,23200.0,15.0,31.8, 0.0,0.69,2.15,3.31
'SEQ_F1_S1',17, 9,2012,23680.0,16.0,32.0, 0.0,0.78,2.10,3.39
'SEQ_F1_S1',18, 9,2012,23730.0,17.3,32.5, 0.0,1.43,1.92,3.63
'SEQ_F1_S1',19, 9,2012,19430.0,17.6,32.3, 3.7,3.11,1.97,3.59
'SEQ_F1_S1',20, 9,2012,10640.0,16.4,22.1, 2.1,0.86,2.27,4.64
'SEQ_F1_S1',21, 9,2012, 2660.0,14.8,18.4,34.4,0.67,1.90,4.09
'SEQ_F1_S1',22, 9,2012,24690.0,13.9,23.6, 0.0,1.58,1.94,4.24
'SEQ_F1_S1',23, 9,2012,27510.0,12.4,25.9, 0.0,1.97,1.98,3.72
'SEQ_F1_S1',24, 9,2012,15330.0,12.8,25.0, 0.1,0.64,2.25,3.57
'SEQ_F1_S1',25, 9,2012, 6320.0,16.4,22.2, 0.6,0.58,2.28,3.00
'SEQ_F1_S1',26, 9,2012, 9120.0, 9.2,17.6, 0.0,2.74,1.39,3.84
'SEQ_F1_S1',27, 9,2012,27160.0, 9.2,19.1, 0.0,3.53,1.30,3.52
'SEQ_F1_S1',28, 9,2012,30000.0,10.2,22.7, 0.0,2.90,1.36,3.29
'SEQ_F1_S1',29, 9,2012,29800.0, 9.7,25.0, 0.0,1.72,1.51,3.24
'SEQ_F1_S1',30, 9,2012,28530.0,11.2,27.4, 0.0,0.98,1.70,3.54
'SEQ_F1_S1', 1,10,2012,27710.0,12.2,30.2, 0.0,1.10,1.98,3.63
'SEQ_F1_S1', 2,10,2012,26310.0,14.2,30.9, 0.0,0.81,2.09,3.19
'SEQ_F1_S1', 3,10,2012,27140.0,15.8,31.7, 0.0,0.97,2.06,2.55
'SEQ_F1_S1', 4,10,2012,26000.0,16.0,31.2, 0.0,1.09,2.36,4.43
'SEQ_F1_S1', 5,10,2012,18960.0,17.5,28.7, 0.0,1.39,2.43,4.75
'SEQ_F1_S1', 6,10,2012,25550.0,18.4,30.5, 0.0,1.03,2.33,4.97
'SEQ_F1_S1', 7,10,2012,28550.0,16.7,30.4, 0.0,1.03,2.03,5.38
'SEQ_F1_S1', 8,10,2012,28700.0,16.2,30.6, 0.0,1.05,2.10,5.40
'SEQ_F1_S1', 9,10,2012,25830.0,15.0,30.4, 0.0,0.69,2.03,4.80
'SEQ_F1_S1',10,10,2012,26060.0,16.0,30.8, 0.0,1.27,1.84,5.23
'SEQ_F1_S1',11,10,2012, 5280.0,16.6,21.1, 0.5,1.72,2.06,1.27
'SEQ_F1_S1',12,10,2012,11900.0,15.3,21.1, 6.9,2.20,2.10,1.85
'SEQ_F1_S1',13,10,2012,16090.0,15.3,22.6, 0.0,3.35,2.00,2.69
'SEQ_F1_S1',14,10,2012,25820.0,14.2,24.1, 0.0,3.49,1.94,4.09
'SEQ_F1_S1',15,10,2012,29860.0,12.8,27.5, 0.0,1.17,1.92,5.14
'SEQ_F1_S1',16,10,2012,20880.0,13.2,28.9, 7.4,1.00,2.23,3.88
'SEQ_F1_S1',17,10,2012,14510.0,17.0,25.1, 7.8,0.73,2.51,2.68
'SEQ_F1_S1',18,10,2012,29980.0,15.8,29.1, 0.0,1.09,2.27,5.42
'SEQ_F1_S1',19,10,2012,25460.0,16.2,28.5, 0.0,0.82,2.32,4.67
'SEQ_F1_S1',20,10,2012,23480.0,16.8,27.9, 0.0,1.23,2.32,4.36
'SEQ_F1_S1',21,10,2012,24470.0,16.7,30.6, 1.6,1.21,2.50,4.74
'SEQ_F1_S1',22,10,2012,29170.0,17.7,32.2, 0.0,1.23,2.52,5.75
'SEQ_F1_S1',23,10,2012, 8560.0,18.2,25.4,39.9,0.48,2.66,1.80
'SEQ_F1_S1',24,10,2012,22910.0,18.3,28.1, 0.0,0.38,2.70,4.35
'SEQ_F1_S1',25,10,2012,27930.0,17.7,30.5, 0.0,0.61,2.76,5.30
'SEQ_F1_S1',26,10,2012,20150.0,18.8,31.8, 0.0,1.08,3.00,4.11
'SEQ_F1_S1',27,10,2012,23610.0,18.4,31.4, 0.0,0.41,2.75,4.69
'SEQ_F1_S1',28,10,2012,24960.0,19.1,32.8, 6.2,1.21,2.91,5.12
'SEQ_F1_S1',29,10,2012,30000.0,17.3,31.8, 0.0,0.53,2.69,5.76
'SEQ_F1_S1',30,10,2012,30000.0,18.7,33.6, 0.0,0.75,2.61,6.02
'SEQ_F1_S1',31,10,2012,28110.0,19.8,33.3, 0.0,1.46,2.63,5.94
'SEQ_F1_S1', 1,11,2012,24480.0,19.0,28.1, 0.1,1.25,2.63,4.57
'SEQ_F1_S1', 2,11,2012,24330.0,17.6,26.9, 0.0,2.00,2.38,4.38
'SEQ_F1_S1', 3,11,2012,17880.0,15.9,25.1, 0.0,1.10,2.28,3.22
'SEQ_F1_S1', 4,11,2012,30000.0,15.7,27.9, 0.0,1.30,2.40,5.23
'SEQ_F1_S1', 5,11,2012,30000.0,16.1,28.7, 0.0,1.71,2.28,5.45
'SEQ_F1_S1', 6,11,2012,28450.0,16.8,29.1, 0.0,1.78,2.18,5.45
'SEQ_F1_S1', 7,11,2012,23170.0,16.1,28.9,13.4,1.19,2.61,4.27
'SEQ_F1_S1', 8,11,2012,11450.0,17.5,24.9, 0.0,0.66,2.35,2.34
'SEQ_F1_S1', 9,11,2012, 4990.0,17.9,20.6,25.1,0.80,2.24,1.16
'SEQ_F1_S1',10,11,2012,25410.0,17.9,27.6, 0.5,1.00,2.78,4.58
'SEQ_F1_S1',11,11,2012,30000.0,18.1,30.0, 0.0,1.00,2.68,5.64
'SEQ_F1_S1',12,11,2012,18510.0,20.6,27.5, 0.0,0.89,2.81,3.65
'SEQ_F1_S1',13,11,2012, 7640.0,16.2,22.8, 1.1,2.41,2.20,1.54
'SEQ_F1_S1',14,11,2012,21860.0,14.8,23.9, 0.0,2.34,1.98,3.72
'SEQ_F1_S1',15,11,2012,22470.0,14.7,25.2, 0.0,1.41,2.03,4.00
'SEQ_F1_S1',16,11,2012,30000.0,13.8,26.7, 0.0,1.83,1.99,5.18
'SEQ_F1_S1',17,11,2012,30000.0,14.2,25.3, 0.0,2.58,1.86,5.12
'SEQ_F1_S1',18,11,2012,30000.0,13.1,27.8, 0.0,1.33,1.96,5.31
'SEQ_F1_S1',19,11,2012,23720.0,14.7,28.6,19.6,0.83,2.53,4.33
'SEQ_F1_S1',20,11,2012,28120.0,17.2,29.0, 3.4,0.79,2.61,5.24
'SEQ_F1_S1',21,11,2012,30000.0,16.9,29.8, 0.0,1.69,2.27,5.76
'SEQ_F1_S1',22,11,2012,30000.0,16.2,30.1, 0.0,1.34,2.08,5.81
'SEQ_F1_S1',23,11,2012,30000.0,15.1,31.8, 0.0,0.65,2.16,5.73
'SEQ_F1_S1',24,11,2012,17640.0,17.9,26.2,33.3,1.02,2.49,3.36
'SEQ_F1_S1',25,11,2012,11310.0,18.3,22.5, 0.7,2.55,2.41,1.88
'SEQ_F1_S1',26,11,2012,30000.0,16.4,26.2, 0.0,2.01,2.34,5.00
'SEQ_F1_S1',27,11,2012,22910.0,16.3,27.6, 0.6,0.92,2.57,4.19
'SEQ_F1_S1',28,11,2012,30000.0,17.5,30.3, 0.1,1.20,2.60,5.69
'SEQ_F1_S1',29,11,2012,30000.0,18.0,31.5, 0.0,1.75,2.43,6.06
'SEQ_F1_S1',30,11,2012,30000.0,17.7,29.8, 0.0,1.61,2.44,5.74
'SEQ_F1_S1', 1,12,2012,25680.0,18.5,29.6, 0.0,1.10,2.62,4.99
'SEQ_F1_S1', 2,12,2012,30000.0,17.7,30.1,31.6,1.31,2.89,5.53
'SEQ_F1_S1', 3,12,2012,30000.0,18.0,28.8, 1.0,1.34,2.69,5.47
'SEQ_F1_S1', 4,12,2012,30000.0,18.4,30.4, 0.0,1.17,2.70,5.75
'SEQ_F1_S1', 5,12,2012,30000.0,19.4,31.1, 0.0,0.86,2.84,5.88
'SEQ_F1_S1', 6,12,2012,20040.0,19.8,30.9, 4.9,0.83,3.12,4.08
'SEQ_F1_S1', 7,12,2012,24020.0,19.8,30.3, 0.0,0.87,2.88,4.80
'SEQ_F1_S1', 8,12,2012,30000.0,21.0,32.7, 0.0,1.26,3.12,6.11
'SEQ_F1_S1', 9,12,2012,22020.0,20.2,30.1, 0.0,1.18,2.96,4.41
'SEQ_F1_S1',10,12,2012,30000.0,18.2,31.1, 0.0,0.63,2.68,5.85
'SEQ_F1_S1',11,12,2012,29220.0,20.0,30.5, 6.2,1.76,2.85,5.66
'SEQ_F1_S1',12,12,2012,29680.0,19.6,31.4, 0.6,0.65,2.99,5.89
'SEQ_F1_S1',13,12,2012,29350.0,19.0,29.7, 9.4,0.88,2.96,5.58
'SEQ_F1_S1',14,12,2012,13570.0,19.9,26.7,14.5,1.25,2.92,2.59
'SEQ_F1_S1',15,12,2012,10670.0,19.3,24.1,25.4,0.93,2.63,2.10
'SEQ_F1_S1',16,12,2012,16450.0,19.1,25.8, 2.1,0.80,2.76,3.12
'SEQ_F1_S1',17,12,2012, 9030.0,18.2,22.6,26.1,0.90,2.42,1.80
'SEQ_F1_S1',18,12,2012,25330.0,18.3,27.0, 0.1,0.49,2.67,4.76
'SEQ_F1_S1',19,12,2012,26670.0,20.3,28.9, 0.3,0.80,2.93,5.16
'SEQ_F1_S1',20,12,2012,30000.0,19.2,32.0, 1.6,1.01,3.11,5.90
'SEQ_F1_S1',21,12,2012,30000.0,19.3,31.4,26.2,1.01,3.06,5.85
'SEQ_F1_S1',22,12,2012,24370.0,19.9,28.1, 0.1,2.11,2.95,4.29
'SEQ_F1_S1',23,12,2012,24820.0,19.6,29.7, 2.9,1.50,3.07,4.65
'SEQ_F1_S1',24,12,2012,30000.0,19.5,31.6, 0.0,0.64,3.03,5.97
'SEQ_F1_S1',25,12,2012,30000.0,20.9,31.4, 0.0,1.12,2.91,6.02
'SEQ_F1_S1',26,12,2012,21460.0,20.9,26.9, 0.0,1.09,2.78,4.12
'SEQ_F1_S1',27,12,2012,21530.0,19.6,29.5, 9.6,1.36,3.05,4.10
'SEQ_F1_S1',28,12,2012,21450.0,18.8,26.5, 0.8,0.98,2.73,3.94
'SEQ_F1_S1',29,12,2012,25410.0,18.8,28.6, 8.2,0.79,2.83,4.83
'SEQ_F1_S1',30,12,2012,20330.0,18.7,28.5, 6.8,0.61,3.03,3.94
'SEQ_F1_S1',31,12,2012,21680.0,18.7,28.3,13.0,0.55,3.00,4.19
