* Source of data    : SEQ_F1_S1 - Piracicaba - SP
* File content      : Input weather file for Swap 3.2 (www.swap.alterra.nl)
* File generated by : R-Script 
* File generated at : 13-Sep-2019
station,DD,MM,YYYY,Rad,Tmin,Tmax,Rain,Wind,Hum
'SEQ_F1_S1', 1, 1,2015,30000.0,20.70,32.70, 0.3,1.30,2.22
'SEQ_F1_S1', 2, 1,2015,23700.0,20.10,31.50, 8.4,1.00,2.32
'SEQ_F1_S1', 3, 1,2015,30000.0,20.60,33.00,15.3,1.00,2.27
'SEQ_F1_S1', 4, 1,2015,16200.0,20.30,29.10, 0.0,0.70,2.37
'SEQ_F1_S1', 5, 1,2015,27800.0,20.30,31.80,10.9,0.80,2.28
'SEQ_F1_S1', 6, 1,2015,20100.0,20.10,30.50, 2.2,0.50,2.38
'SEQ_F1_S1', 7, 1,2015,30000.0,21.40,33.40, 0.0,1.10,2.12
'SEQ_F1_S1', 8, 1,2015,30000.0,20.10,31.80, 0.0,0.90,2.15
'SEQ_F1_S1', 9, 1,2015,28900.0,19.30,32.60, 0.5,1.10,2.12
'SEQ_F1_S1',10, 1,2015,30000.0,20.80,33.60, 0.7,0.60,1.97
'SEQ_F1_S1',11, 1,2015,29000.0,21.50,32.70, 1.1,1.20,2.08
'SEQ_F1_S1',12, 1,2015,30000.0,20.10,32.10, 0.3,1.40,1.98
'SEQ_F1_S1',13, 1,2015,30000.0,20.40,32.60, 1.5,0.50,1.93
'SEQ_F1_S1',14, 1,2015,26800.0,20.70,31.00, 0.0,1.00,2.15
'SEQ_F1_S1',15, 1,2015,30000.0,19.20,31.50, 0.0,1.10,2.10
'SEQ_F1_S1',16, 1,2015,30000.0,20.30,32.50, 0.0,0.90,1.95
'SEQ_F1_S1',17, 1,2015,29600.0,20.70,31.80, 0.0,0.80,2.00
'SEQ_F1_S1',18, 1,2015,30000.0,20.90,32.90, 0.0,0.90,1.79
'SEQ_F1_S1',19, 1,2015,30000.0,20.80,33.10, 0.0,1.40,1.74
'SEQ_F1_S1',20, 1,2015,30000.0,20.30,33.30, 0.0,0.80,1.75
'SEQ_F1_S1',21, 1,2015,20400.0,18.60,31.70,11.8,1.60,2.23
'SEQ_F1_S1',22, 1,2015,24300.0,19.60,27.30, 0.0,2.40,2.23
'SEQ_F1_S1',23, 1,2015,21000.0,18.50,26.20, 0.0,1.90,2.24
'SEQ_F1_S1',24, 1,2015,28400.0,17.60,28.60, 0.0,1.30,2.18
'SEQ_F1_S1',25, 1,2015,28800.0,16.90,28.60,16.0,1.30,2.18
'SEQ_F1_S1',26, 1,2015,25300.0,17.60,29.40, 9.8,1.10,2.34
'SEQ_F1_S1',27, 1,2015,26400.0,18.60,28.00, 0.0,0.70,2.28
'SEQ_F1_S1',28, 1,2015,17800.0,20.30,27.80, 0.0,0.70,2.36
'SEQ_F1_S1',29, 1,2015,21300.0,19.30,28.60,10.0,1.30,2.35
'SEQ_F1_S1',30, 1,2015,21500.0,20.20,29.50, 0.9,0.80,2.34
'SEQ_F1_S1',31, 1,2015,26800.0,19.20,30.80, 0.0,1.70,2.28
'SEQ_F1_S1', 1, 2,2015,30000.0,19.20,30.80, 0.0,1.40,2.24
'SEQ_F1_S1', 2, 2,2015,24600.0,18.80,29.20, 6.6,0.90,2.34
'SEQ_F1_S1', 3, 2,2015,30000.0,17.40,31.90, 0.2,0.50,2.18
'SEQ_F1_S1', 4, 2,2015,14400.0,18.70,26.50, 4.2,0.50,2.32
'SEQ_F1_S1', 5, 2,2015, 4600.0,18.30,23.30,19.4,0.70,2.23
'SEQ_F1_S1', 6, 2,2015,17100.0,18.20,27.40, 0.6,0.50,2.35
'SEQ_F1_S1', 7, 2,2015,29500.0,18.20,28.70, 0.0,0.60,2.27
'SEQ_F1_S1', 8, 2,2015,28600.0,17.70,29.40, 0.0,0.80,2.25
'SEQ_F1_S1', 9, 2,2015,22600.0,19.10,29.10, 0.0,0.70,2.34
'SEQ_F1_S1',10, 2,2015,14800.0,19.20,27.60,24.2,0.80,2.37
'SEQ_F1_S1',11, 2,2015,25300.0,19.90,30.20, 0.2,0.60,2.36
'SEQ_F1_S1',12, 2,2015,23200.0,20.70,32.30, 0.0,0.50,2.33
'SEQ_F1_S1',13, 2,2015,11200.0,20.60,27.10, 4.5,0.60,2.38
'SEQ_F1_S1',14, 2,2015,23800.0,19.20,32.20,11.6,0.60,2.39
'SEQ_F1_S1',15, 2,2015,18000.0,18.40,29.00,18.5,0.70,2.39
'SEQ_F1_S1',16, 2,2015,15800.0,19.20,27.40,16.9,0.30,2.37
'SEQ_F1_S1',17, 2,2015,16000.0,19.70,28.60,18.9,0.50,2.39
'SEQ_F1_S1',18, 2,2015,16100.0,19.40,27.60, 9.7,1.00,2.37
'SEQ_F1_S1',19, 2,2015,16600.0,21.10,28.00, 0.0,1.00,2.40
'SEQ_F1_S1',20, 2,2015,19600.0,21.20,30.10, 0.0,0.70,2.34
'SEQ_F1_S1',21, 2,2015,28400.0,19.60,33.00, 0.0,1.00,2.13
'SEQ_F1_S1',22, 2,2015,27100.0,19.50,30.70, 0.0,1.30,2.20
'SEQ_F1_S1',23, 2,2015,28300.0,18.90,31.10, 0.0,0.90,2.10
'SEQ_F1_S1',24, 2,2015,30000.0,19.70,32.00, 0.0,1.10,2.09
'SEQ_F1_S1',25, 2,2015,19400.0,18.50,29.30,33.6,0.70,2.39
'SEQ_F1_S1',26, 2,2015,30000.0,19.00,30.60, 1.1,0.70,2.28
'SEQ_F1_S1',27, 2,2015,26500.0,18.90,30.20, 1.7,1.10,2.33
'SEQ_F1_S1',28, 2,2015,21300.0,18.60,29.40, 2.2,1.50,2.37
'SEQ_F1_S1', 1, 3,2015,28300.0,18.30,27.90, 0.0,2.40,2.22
'SEQ_F1_S1', 2, 3,2015,30000.0,16.60,29.20, 0.0,1.40,2.16
'SEQ_F1_S1', 3, 3,2015,25400.0,17.50,29.40, 0.0,1.40,2.21
'SEQ_F1_S1', 4, 3,2015,25500.0,18.20,30.10, 0.0,1.10,2.20
'SEQ_F1_S1', 5, 3,2015,25000.0,18.60,29.30, 0.0,0.90,2.23
'SEQ_F1_S1', 6, 3,2015,16400.0,18.90,27.50, 0.0,1.20,2.35
'SEQ_F1_S1', 7, 3,2015,16100.0,18.50,27.90, 6.1,0.60,2.37
'SEQ_F1_S1', 8, 3,2015,10600.0,19.80,25.20, 1.4,0.40,2.33
'SEQ_F1_S1', 9, 3,2015, 9300.0,20.70,24.20,10.4,0.60,2.32
'SEQ_F1_S1',10, 3,2015,15700.0,20.00,26.60,13.4,0.60,2.36
'SEQ_F1_S1',11, 3,2015,21300.0,19.60,28.80, 1.7,0.90,2.39
'SEQ_F1_S1',12, 3,2015,14700.0,18.30,26.50, 0.1,0.50,2.33
'SEQ_F1_S1',13, 3,2015,17200.0,19.80,27.90, 0.0,0.60,2.39
'SEQ_F1_S1',14, 3,2015,10900.0,19.60,25.70, 5.3,0.30,2.33
'SEQ_F1_S1',15, 3,2015,15300.0,18.40,29.60,16.1,0.40,2.39
'SEQ_F1_S1',16, 3,2015,22200.0,19.10,31.10, 1.3,0.50,2.35
'SEQ_F1_S1',17, 3,2015,13700.0,19.50,27.50, 0.5,0.40,2.37
'SEQ_F1_S1',18, 3,2015,10400.0,18.80,26.00, 0.0,0.30,2.33
'SEQ_F1_S1',19, 3,2015, 9400.0,19.30,23.50, 5.5,0.30,2.27
'SEQ_F1_S1',20, 3,2015,12800.0,19.10,26.70, 7.1,0.30,2.35
'SEQ_F1_S1',21, 3,2015,13100.0,18.90,26.00,13.9,0.40,2.33
'SEQ_F1_S1',22, 3,2015,15900.0,18.20,27.20, 2.3,0.40,2.35
'SEQ_F1_S1',23, 3,2015,24800.0,17.60,29.00, 0.0,0.80,2.26
'SEQ_F1_S1',24, 3,2015,24100.0,16.90,29.10, 0.0,0.80,2.24
'SEQ_F1_S1',25, 3,2015,25400.0,17.40,29.60, 0.0,0.60,2.23
'SEQ_F1_S1',26, 3,2015,21400.0,16.30,29.20, 0.0,0.40,2.27
'SEQ_F1_S1',27, 3,2015,22100.0,18.70,30.00, 0.0,0.50,2.21
'SEQ_F1_S1',28, 3,2015,19600.0,18.40,29.10, 0.0,0.50,2.28
'SEQ_F1_S1',29, 3,2015,15500.0,19.60,27.50, 4.3,0.40,2.37
'SEQ_F1_S1',30, 3,2015, 8200.0,20.50,27.60, 6.2,0.30,2.39
'SEQ_F1_S1',31, 3,2015,20400.0,19.40,29.50, 0.0,1.00,2.32
'SEQ_F1_S1', 1, 4,2015,24800.0,17.30,28.90, 0.0,0.80,2.23
'SEQ_F1_S1', 2, 4,2015,25200.0,17.20,27.70, 0.0,1.40,2.16
'SEQ_F1_S1', 3, 4,2015,25100.0,14.40,26.80, 0.0,0.60,2.13
'SEQ_F1_S1', 4, 4,2015,18800.0,15.60,27.60, 0.1,0.50,2.29
'SEQ_F1_S1', 5, 4,2015,14100.0,18.00,25.10, 6.8,1.10,2.29
'SEQ_F1_S1', 6, 4,2015,20700.0,19.00,27.90, 0.0,1.60,2.32
'SEQ_F1_S1', 7, 4,2015,16500.0,15.80,23.20, 0.0,2.00,2.09
'SEQ_F1_S1', 8, 4,2015,22400.0,14.90,26.60, 0.0,0.90,2.15
'SEQ_F1_S1', 9, 4,2015,22200.0,14.60,26.60, 0.0,0.70,2.17
'SEQ_F1_S1',10, 4,2015,21200.0,15.40,26.70, 0.0,0.80,2.19
'SEQ_F1_S1',11, 4,2015,23400.0,15.10,26.80, 0.0,0.60,2.16
'SEQ_F1_S1',12, 4,2015,22900.0,14.70,26.40, 0.0,0.80,2.13
'SEQ_F1_S1',13, 4,2015,22400.0,14.30,26.70, 0.0,0.70,2.16
'SEQ_F1_S1',14, 4,2015,19200.0,15.40,27.20, 0.0,0.50,2.24
'SEQ_F1_S1',15, 4,2015,15000.0,17.30,26.10, 0.0,0.80,2.29
'SEQ_F1_S1',16, 4,2015,19600.0,17.10,27.40, 0.1,1.20,2.29
'SEQ_F1_S1',17, 4,2015,22500.0,16.00,27.30, 0.0,0.90,2.19
'SEQ_F1_S1',18, 4,2015,16700.0,17.00,28.20, 0.0,0.70,2.26
'SEQ_F1_S1',19, 4,2015,12500.0,18.30,28.40, 4.1,0.50,2.37
'SEQ_F1_S1',20, 4,2015,20700.0,19.20,30.70, 0.1,0.60,2.36
'SEQ_F1_S1',21, 4,2015,16600.0,20.20,30.20, 0.0,1.20,2.36
'SEQ_F1_S1',22, 4,2015,13200.0,19.40,26.80, 0.0,1.20,2.36
'SEQ_F1_S1',23, 4,2015,19200.0,17.90,27.80, 0.0,0.80,2.31
'SEQ_F1_S1',24, 4,2015,16800.0,16.70,26.90, 0.0,0.60,2.28
'SEQ_F1_S1',25, 4,2015,20700.0,14.90,24.90, 0.0,1.40,2.10
'SEQ_F1_S1',26, 4,2015,21000.0,13.50,24.50, 0.0,1.40,2.09
'SEQ_F1_S1',27, 4,2015,19300.0,13.30,25.60, 0.0,0.40,2.08
'SEQ_F1_S1',28, 4,2015,18300.0,13.90,26.40, 0.0,0.50,2.15
'SEQ_F1_S1',29, 4,2015,17600.0,14.10,24.30, 0.0,1.10,2.09
'SEQ_F1_S1',30, 4,2015,19400.0,14.10,23.30, 0.0,1.10,2.06
'SEQ_F1_S1', 1, 5,2015,20800.0,11.50,24.70, 0.0,0.50,2.05
'SEQ_F1_S1', 2, 5,2015,19100.0,11.90,26.10, 0.0,0.50,2.11
'SEQ_F1_S1', 3, 5,2015,16700.0,15.00,26.40, 0.0,1.00,2.17
'SEQ_F1_S1', 4, 5,2015, 8100.0,16.90,23.30,13.4,0.90,2.20
'SEQ_F1_S1', 5, 5,2015,18300.0,16.90,26.40, 0.0,1.40,2.26
'SEQ_F1_S1', 6, 5,2015,15900.0,14.70,24.80, 0.0,0.70,2.19
'SEQ_F1_S1', 7, 5,2015,18100.0,12.50,23.90, 0.2,1.00,2.07
'SEQ_F1_S1', 8, 5,2015,19900.0,14.80,22.00, 0.0,1.10,2.00
'SEQ_F1_S1', 9, 5,2015,20400.0,11.30,25.60, 0.0,0.50,2.07
'SEQ_F1_S1',10, 5,2015,13400.0,13.70,26.10,19.9,1.00,2.21
'SEQ_F1_S1',11, 5,2015, 8300.0,16.00,21.40, 0.0,0.80,2.10
'SEQ_F1_S1',12, 5,2015,15100.0,12.40,24.00, 0.2,0.50,2.09
'SEQ_F1_S1',13, 5,2015,10900.0,15.00,21.70, 0.0,1.20,2.06
'SEQ_F1_S1',14, 5,2015,18700.0,13.50,24.70, 0.0,0.70,2.10
'SEQ_F1_S1',15, 5,2015,11800.0,13.20,22.60, 0.0,0.40,2.04
'SEQ_F1_S1',16, 5,2015,18100.0,10.80,23.10, 0.0,0.50,1.97
'SEQ_F1_S1',17, 5,2015,15900.0,11.50,23.70, 0.1,0.50,2.04
'SEQ_F1_S1',18, 5,2015, 8400.0,14.60,22.30, 1.2,0.20,2.09
'SEQ_F1_S1',19, 5,2015,11700.0,16.50,24.20, 2.1,0.60,2.22
'SEQ_F1_S1',20, 5,2015,11300.0,15.50,22.80, 0.0,0.40,2.13
'SEQ_F1_S1',21, 5,2015,14700.0,15.60,25.40, 0.0,0.50,2.19
'SEQ_F1_S1',22, 5,2015,16800.0,14.40,25.50, 0.0,0.50,2.16
'SEQ_F1_S1',23, 5,2015,12100.0,14.10,23.30, 0.0,0.50,2.11
'SEQ_F1_S1',24, 5,2015,15200.0,12.90,26.00, 0.0,0.60,2.17
'SEQ_F1_S1',25, 5,2015,17000.0,13.80,28.00, 0.0,0.50,2.18
'SEQ_F1_S1',26, 5,2015,16200.0,16.80,27.30, 0.0,0.70,2.28
'SEQ_F1_S1',27, 5,2015,17200.0,15.70,26.80, 0.0,1.00,2.17
'SEQ_F1_S1',28, 5,2015, 2700.0,16.60,18.40, 5.7,0.20,2.00
'SEQ_F1_S1',29, 5,2015,14200.0,13.50,23.00, 8.7,0.70,2.08
'SEQ_F1_S1',30, 5,2015,14300.0,10.50,24.30, 4.1,0.40,2.06
'SEQ_F1_S1',31, 5,2015, 4100.0,13.40,19.60,23.8,0.20,1.91
'SEQ_F1_S1', 1, 6,2015, 7300.0,16.20,22.60, 0.3,0.80,2.15
'SEQ_F1_S1', 2, 6,2015, 6400.0,16.20,21.20, 0.0,0.60,2.09
'SEQ_F1_S1', 3, 6,2015,15400.0,14.10,25.80, 0.1,0.40,2.22
'SEQ_F1_S1', 4, 6,2015,17700.0,13.60,26.90, 0.1,0.50,2.22
'SEQ_F1_S1', 5, 6,2015,18100.0,13.50,26.10, 0.0,0.50,2.13
'SEQ_F1_S1', 6, 6,2015,17600.0,12.40,26.00, 0.0,0.80,2.12
'SEQ_F1_S1', 7, 6,2015,15500.0,14.20,26.50, 0.0,0.50,2.17
'SEQ_F1_S1', 8, 6,2015,16300.0,12.80,26.50, 0.0,0.40,2.12
'SEQ_F1_S1', 9, 6,2015,15800.0,12.80,26.40, 0.0,0.50,2.12
'SEQ_F1_S1',10, 6,2015,16800.0,13.30,26.30, 0.0,0.50,2.10
'SEQ_F1_S1',11, 6,2015,17100.0,12.20,26.10, 0.0,0.70,2.08
'SEQ_F1_S1',12, 6,2015,14700.0,13.80,25.00, 0.0,0.60,2.15
'SEQ_F1_S1',13, 6,2015,16400.0,12.90,26.50, 0.0,0.70,2.13
'SEQ_F1_S1',14, 6,2015,15700.0,13.80,26.70, 0.0,1.50,2.10
'SEQ_F1_S1',15, 6,2015, 2600.0,13.40,19.70, 1.4,0.40,1.92
'SEQ_F1_S1',16, 6,2015,12600.0,12.30,21.20, 0.0,0.30,1.97
'SEQ_F1_S1',17, 6,2015,14800.0,13.30,26.10, 0.0,0.40,2.18
'SEQ_F1_S1',18, 6,2015,14800.0,14.20,26.80, 0.0,1.50,2.18
'SEQ_F1_S1',19, 6,2015, 8100.0,13.50,19.20, 0.0,1.90,1.89
'SEQ_F1_S1',20, 6,2015,17100.0,12.70,22.30, 0.0,1.10,1.97
'SEQ_F1_S1',21, 6,2015,16800.0,11.30,23.80, 0.0,0.50,2.02
'SEQ_F1_S1',22, 6,2015,17000.0,12.00,24.50, 0.0,0.60,2.05
'SEQ_F1_S1',23, 6,2015,16100.0,12.10,24.20, 0.0,0.70,2.03
'SEQ_F1_S1',24, 6,2015, 7200.0,14.50,18.90, 0.0,1.70,1.91
'SEQ_F1_S1',25, 6,2015,16600.0,13.70,21.60, 0.0,1.70,1.96
'SEQ_F1_S1',26, 6,2015,17200.0,11.10,21.60, 0.0,0.90,1.90
'SEQ_F1_S1',27, 6,2015,17800.0, 8.80,21.90, 0.0,0.60,1.84
'SEQ_F1_S1',28, 6,2015,17000.0, 8.00,21.70, 0.0,0.60,1.81
'SEQ_F1_S1',29, 6,2015,17200.0, 8.80,23.40, 0.0,0.90,1.91
'SEQ_F1_S1',30, 6,2015,12900.0,11.90,23.20, 0.0,1.30,1.98
'SEQ_F1_S1', 1, 7,2015, 4900.0,14.40,19.70, 2.9,0.30,1.97
'SEQ_F1_S1', 2, 7,2015, 6200.0,15.60,20.60, 0.1,0.30,2.05
'SEQ_F1_S1', 3, 7,2015, 3800.0,15.60,18.70, 0.9,0.30,1.97
'SEQ_F1_S1', 4, 7,2015, 7300.0,13.50,22.10, 2.0,0.90,2.05
'SEQ_F1_S1', 5, 7,2015, 4700.0,12.50,16.20, 0.0,0.30,1.65
'SEQ_F1_S1', 6, 7,2015,14300.0,12.50,23.50, 0.0,0.40,2.05
'SEQ_F1_S1', 7, 7,2015, 3700.0,15.40,19.00, 6.7,0.20,1.98
'SEQ_F1_S1', 8, 7,2015, 2600.0,16.30,18.80, 7.3,0.50,2.00
'SEQ_F1_S1', 9, 7,2015, 9900.0,14.80,22.60, 0.0,0.70,2.10
'SEQ_F1_S1',10, 7,2015,15800.0,12.70,27.10, 0.1,0.60,2.20
'SEQ_F1_S1',11, 7,2015, 7900.0,15.70,21.50, 4.6,0.40,2.09
'SEQ_F1_S1',12, 7,2015,17200.0,14.20,29.30, 0.1,0.80,2.24
'SEQ_F1_S1',13, 7,2015,17600.0,16.70,29.40, 0.0,1.20,2.10
'SEQ_F1_S1',14, 7,2015,16300.0,15.40,28.50, 0.0,1.00,2.10
'SEQ_F1_S1',15, 7,2015,12800.0,14.80,26.60, 0.0,0.50,2.18
'SEQ_F1_S1',16, 7,2015,11000.0,15.10,24.90, 0.0,0.50,2.16
'SEQ_F1_S1',17, 7,2015,11300.0,13.80,24.10, 0.0,0.60,2.14
'SEQ_F1_S1',18, 7,2015,14900.0,11.70,25.00, 0.0,0.40,2.05
'SEQ_F1_S1',19, 7,2015,18200.0,11.60,25.30, 0.0,1.00,2.01
'SEQ_F1_S1',20, 7,2015,17900.0,11.10,25.40, 0.0,1.20,1.99
'SEQ_F1_S1',21, 7,2015, 8200.0,13.90,21.50, 0.0,0.80,1.97
'SEQ_F1_S1',22, 7,2015,16900.0,12.00,21.00, 0.0,1.20,1.92
'SEQ_F1_S1',23, 7,2015,15900.0,11.30,24.20, 0.0,0.40,2.05
'SEQ_F1_S1',24, 7,2015,15200.0,12.60,25.50, 1.5,0.80,2.11
'SEQ_F1_S1',25, 7,2015, 9500.0,14.80,23.30,13.1,0.40,2.13
'SEQ_F1_S1',26, 7,2015, 8800.0,14.00,21.80, 0.0,0.40,2.05
'SEQ_F1_S1',27, 7,2015,16700.0,11.40,23.90, 0.0,0.40,2.04
'SEQ_F1_S1',28, 7,2015,19600.0, 8.50,25.00, 0.0,0.50,1.96
'SEQ_F1_S1',29, 7,2015,19600.0,10.00,25.40, 0.0,0.60,1.97
'SEQ_F1_S1',30, 7,2015,19600.0, 8.80,25.40, 0.0,0.40,1.96
'SEQ_F1_S1',31, 7,2015,19400.0, 9.80,26.00, 0.0,0.60,2.01
'SEQ_F1_S1', 1, 8,2015,18800.0,11.70,25.70, 0.0,0.40,2.02
'SEQ_F1_S1', 2, 8,2015,19900.0, 9.90,25.80, 0.0,0.70,1.98
'SEQ_F1_S1', 3, 8,2015,20400.0,10.70,27.30, 0.0,0.80,2.01
'SEQ_F1_S1', 4, 8,2015,20200.0,11.80,26.90, 0.0,0.40,1.99
'SEQ_F1_S1', 5, 8,2015,18600.0,10.40,26.10, 0.0,0.60,1.97
'SEQ_F1_S1', 6, 8,2015,19400.0,12.20,26.70, 0.0,0.70,1.98
'SEQ_F1_S1', 7, 8,2015,19800.0,11.60,27.40, 0.0,0.70,1.99
'SEQ_F1_S1', 8, 8,2015,20200.0,11.20,26.80, 0.0,0.60,1.98
'SEQ_F1_S1', 9, 8,2015,19900.0,12.00,25.90, 0.0,0.70,1.98
'SEQ_F1_S1',10, 8,2015,20900.0,12.10,26.10, 0.0,0.80,2.02
'SEQ_F1_S1',11, 8,2015,21300.0,11.50,26.30, 0.0,0.70,1.97
'SEQ_F1_S1',12, 8,2015,20800.0,11.00,24.90, 0.0,0.70,1.94
'SEQ_F1_S1',13, 8,2015,21500.0,10.30,25.70, 0.0,0.70,1.95
'SEQ_F1_S1',14, 8,2015,21500.0,10.80,25.00, 0.0,0.80,1.96
'SEQ_F1_S1',15, 8,2015,20100.0,11.70,26.40, 0.0,0.80,1.97
'SEQ_F1_S1',16, 8,2015,20800.0,11.40,26.90, 0.0,1.10,1.96
'SEQ_F1_S1',17, 8,2015,21800.0,13.30,26.60, 0.0,1.00,1.96
'SEQ_F1_S1',18, 8,2015,13500.0,13.00,26.30, 0.0,1.10,1.97
'SEQ_F1_S1',19, 8,2015,20800.0,14.80,26.60, 0.0,1.70,1.96
'SEQ_F1_S1',20, 8,2015,22000.0,11.60,22.80, 0.0,2.20,1.93
'SEQ_F1_S1',21, 8,2015,22100.0,13.10,23.80, 0.0,1.30,1.99
'SEQ_F1_S1',22, 8,2015,22600.0,10.90,25.50, 0.0,0.70,1.97
'SEQ_F1_S1',23, 8,2015,22400.0,10.00,28.50, 0.0,1.00,1.98
'SEQ_F1_S1',24, 8,2015,13700.0,14.40,24.40, 6.6,1.90,2.13
'SEQ_F1_S1',25, 8,2015, 9100.0,15.00,23.50, 8.9,0.90,2.16
'SEQ_F1_S1',26, 8,2015,19700.0,13.50,27.90, 0.3,0.50,2.21
'SEQ_F1_S1',27, 8,2015, 2100.0,14.80,19.20,17.1,0.50,1.95
'SEQ_F1_S1',28, 8,2015,20700.0,13.10,24.90, 0.1,1.30,2.09
'SEQ_F1_S1',29, 8,2015,24300.0,10.40,28.00, 0.0,0.40,2.04
'SEQ_F1_S1',30, 8,2015,23500.0,11.80,30.50, 0.0,0.50,2.02
'SEQ_F1_S1',31, 8,2015,23630.0,13.06,29.84, 0.0,0.70,2.09
'SEQ_F1_S1', 1, 9,2015,24080.0,13.28,29.20, 0.0,1.35,2.23
'SEQ_F1_S1', 2, 9,2015,23850.0,14.03,24.69, 0.0,1.34,2.04
'SEQ_F1_S1', 3, 9,2015,22790.0,12.14,27.26, 0.0,0.77,2.11
'SEQ_F1_S1', 4, 9,2015,16950.0,13.20,24.25, 0.1,1.21,2.13
'SEQ_F1_S1', 5, 9,2015,18580.0,13.95,23.64, 0.0,1.27,2.09
'SEQ_F1_S1', 6, 9,2015,13490.0,12.61,24.11, 0.1,0.39,2.11
'SEQ_F1_S1', 7, 9,2015,11300.0,15.92,24.77, 8.1,1.01,2.40
'SEQ_F1_S1', 8, 9,2015, 3180.0,16.80,21.45,57.8,1.13,2.24
'SEQ_F1_S1', 9, 9,2015,12570.0,16.19,23.96, 0.1,0.59,2.38
'SEQ_F1_S1',10, 9,2015,10110.0,14.48,24.48,13.9,1.28,2.36
'SEQ_F1_S1',11, 9,2015, 6280.0,17.10,24.40,18.0,1.32,2.49
'SEQ_F1_S1',12, 9,2015, 8690.0,15.17,22.02, 1.7,0.71,2.19
'SEQ_F1_S1',13, 9,2015,21680.0,13.40,23.75, 0.2,1.23,2.09
'SEQ_F1_S1',14, 9,2015,24350.0,11.63,26.61, 0.0,0.80,2.19
'SEQ_F1_S1',15, 9,2015,24320.0,13.45,31.34, 0.0,0.66,2.74
'SEQ_F1_S1',16, 9,2015,25220.0,17.36,31.73, 0.0,1.48,2.47
'SEQ_F1_S1',17, 9,2015,23620.0,17.52,31.06, 0.0,1.01,2.14
'SEQ_F1_S1',18, 9,2015,25410.0,16.91,32.21, 0.0,0.69,2.32
'SEQ_F1_S1',19, 9,2015,26010.0,16.63,31.91, 0.0,0.74,2.07
'SEQ_F1_S1',20, 9,2015,25790.0,15.49,31.70, 0.0,0.77,2.33
'SEQ_F1_S1',21, 9,2015,25590.0,15.73,30.58, 0.0,0.51,2.12
'SEQ_F1_S1',22, 9,2015,26460.0,15.17,30.41, 0.0,0.79,1.87
'SEQ_F1_S1',23, 9,2015,26250.0,15.18,30.71, 0.0,0.83,1.89
'SEQ_F1_S1',24, 9,2015,26500.0,15.28,32.04, 0.0,0.81,1.95
'SEQ_F1_S1',25, 9,2015,18850.0,16.40,29.11,11.3,1.45,2.42
'SEQ_F1_S1',26, 9,2015,13440.0,18.64,28.04, 9.8,0.86,2.97
'SEQ_F1_S1',27, 9,2015,22900.0,19.36,31.50, 8.4,0.78,2.99
'SEQ_F1_S1',28, 9,2015,10340.0,18.43,25.61,16.5,1.19,2.70
'SEQ_F1_S1',29, 9,2015,18640.0,17.89,27.14,13.6,0.69,2.82
'SEQ_F1_S1',30, 9,2015,18960.0,17.83,30.15,21.8,0.85,3.13
'SEQ_F1_S1', 1,10,2015,22760.0,18.51,30.57, 0.0,1.18,2.97
'SEQ_F1_S1', 2,10,2015,25860.0,17.61,32.80, 0.0,0.86,3.06
'SEQ_F1_S1', 3,10,2015,13780.0,19.50,27.16, 2.5,0.92,2.78
'SEQ_F1_S1', 4,10,2015,13250.0,17.87,25.59, 0.0,0.70,2.62
'SEQ_F1_S1', 5,10,2015,30000.0,15.28,25.97, 0.0,1.67,2.28
'SEQ_F1_S1', 6,10,2015,29660.0,13.88,28.53, 0.0,0.96,2.39
'SEQ_F1_S1', 7,10,2015,29020.0,14.05,30.44, 0.0,0.62,2.47
'SEQ_F1_S1', 8,10,2015,29200.0,17.42,31.38, 0.0,1.10,2.38
'SEQ_F1_S1', 9,10,2015,25790.0,17.03,29.21,13.6,1.66,2.36
'SEQ_F1_S1',10,10,2015,18150.0,17.41,26.78, 3.2,0.79,2.75
'SEQ_F1_S1',11,10,2015,18430.0,19.10,28.58, 0.0,1.10,2.91
'SEQ_F1_S1',12,10,2015,23350.0,17.60,26.47, 0.0,1.65,2.42
'SEQ_F1_S1',13,10,2015,24670.0,16.04,28.23, 1.9,1.16,2.57
'SEQ_F1_S1',14,10,2015,29270.0,16.07,32.67, 0.0,0.93,2.62
'SEQ_F1_S1',15,10,2015,29100.0,17.92,32.29, 0.0,1.25,2.34
'SEQ_F1_S1',16,10,2015,26010.0,17.79,32.93, 0.0,0.84,2.55
'SEQ_F1_S1',17,10,2015,28180.0,17.01,31.20, 0.0,1.70,2.74
'SEQ_F1_S1',18,10,2015,27950.0,15.32,24.15, 0.0,2.61,2.09
'SEQ_F1_S1',19,10,2015,29010.0,14.69,29.58, 0.0,1.07,2.45
'SEQ_F1_S1',20,10,2015,27530.0,16.21,33.01, 0.0,1.29,2.49
'SEQ_F1_S1',21,10,2015,23040.0,19.72,30.04, 5.5,1.31,2.66
'SEQ_F1_S1',22,10,2015,17480.0,16.88,30.28,12.9,1.31,3.06
'SEQ_F1_S1',23,10,2015,17700.0,17.42,25.69, 0.0,1.32,2.58
'SEQ_F1_S1',24,10,2015,30000.0,16.53,27.33, 0.0,2.83,2.47
'SEQ_F1_S1',25,10,2015,30000.0,16.28,28.39, 1.8,1.66,2.54
'SEQ_F1_S1',26,10,2015,23370.0,16.26,29.60, 7.0,0.80,3.00
'SEQ_F1_S1',27,10,2015,20860.0,20.22,29.99, 0.9,0.76,3.20
'SEQ_F1_S1',28,10,2015,12440.0,19.62,27.65, 0.0,1.35,2.90
'SEQ_F1_S1',29,10,2015,29880.0,18.09,28.22, 0.1,2.06,2.57
'SEQ_F1_S1',30,10,2015,30000.0,16.91,30.01, 0.0,0.75,2.47
'SEQ_F1_S1',31,10,2015,12680.0,17.91,25.97,18.4,0.84,2.52
'SEQ_F1_S1', 1,11,2015, 7650.0,19.24,23.77, 9.8,1.15,2.59
'SEQ_F1_S1', 2,11,2015,16410.0,20.50,29.44, 5.4,0.78,3.26
'SEQ_F1_S1', 3,11,2015,12520.0,20.82,26.86, 6.5,0.63,3.00
'SEQ_F1_S1', 4,11,2015,15250.0,20.11,30.20,28.6,0.61,3.32
'SEQ_F1_S1', 5,11,2015,17110.0,19.46,27.55, 1.8,0.49,2.97
'SEQ_F1_S1', 6,11,2015,16640.0,19.14,27.99, 0.1,0.99,2.99
'SEQ_F1_S1', 7,11,2015,11070.0,17.69,24.97, 0.0,0.84,2.54
'SEQ_F1_S1', 8,11,2015, 9600.0,17.65,24.37, 0.6,0.49,2.54
'SEQ_F1_S1', 9,11,2015,20280.0,19.15,30.36, 0.6,0.64,3.13
'SEQ_F1_S1',10,11,2015,26680.0,18.46,31.93, 0.0,0.58,2.94
'SEQ_F1_S1',11,11,2015,25800.0,19.75,30.70, 0.0,0.84,3.07
'SEQ_F1_S1',12,11,2015,27540.0,19.05,31.04, 0.0,0.79,2.90
'SEQ_F1_S1',13,11,2015,21940.0,19.03,29.41, 8.0,0.82,2.96
'SEQ_F1_S1',14,11,2015,27110.0,19.03,32.18, 7.7,0.67,3.24
'SEQ_F1_S1',15,11,2015,27170.0,19.38,30.19, 5.9,0.72,3.09
'SEQ_F1_S1',16,11,2015,22740.0,19.72,28.84, 3.5,1.16,3.03
'SEQ_F1_S1',17,11,2015,22540.0,17.86,30.35,14.9,0.89,3.19
'SEQ_F1_S1',18,11,2015,30000.0,18.69,31.12, 0.2,0.90,3.09
'SEQ_F1_S1',19,11,2015,27020.0,21.20,30.38, 0.0,1.28,3.15
'SEQ_F1_S1',20,11,2015,18180.0,18.65,27.94,21.9,1.46,2.90
'SEQ_F1_S1',21,11,2015,22840.0,18.27,27.88, 0.2,1.36,2.79
'SEQ_F1_S1',22,11,2015,30000.0,17.02,29.88, 0.0,0.67,2.77
'SEQ_F1_S1',23,11,2015, 6540.0,19.48,26.47,45.9,0.50,2.86
'SEQ_F1_S1',24,11,2015, 7270.0,19.67,24.37, 6.5,0.78,2.67
'SEQ_F1_S1',25,11,2015,11270.0,19.55,24.94, 2.4,0.54,2.72
'SEQ_F1_S1',26,11,2015,24440.0,19.49,26.97, 0.0,1.00,2.69
'SEQ_F1_S1',27,11,2015,29620.0,17.07,29.03, 0.0,0.91,2.65
'SEQ_F1_S1',28,11,2015,26570.0,18.11,28.46,18.0,1.17,2.92
'SEQ_F1_S1',29,11,2015,15760.0,20.06,27.98,36.5,0.60,3.07
'SEQ_F1_S1',30,11,2015,20910.0,17.73,28.05, 1.3,1.65,2.87
'SEQ_F1_S1', 1,12,2015,23000.0,20.91,31.42,11.2,0.51,3.54
'SEQ_F1_S1', 2,12,2015,23760.0,21.62,31.87, 8.5,0.63,3.61
'SEQ_F1_S1', 3,12,2015,16560.0,21.87,27.98, 2.4,0.90,3.20
'SEQ_F1_S1', 4,12,2015,19190.0,19.84,30.17, 0.0,0.85,3.08
'SEQ_F1_S1', 5,12,2015,30000.0,18.45,29.95, 0.0,0.69,2.78
'SEQ_F1_S1', 6,12,2015,30000.0,18.34,30.24, 0.0,0.75,2.69
'SEQ_F1_S1', 7,12,2015,30000.0,18.66,30.70, 0.0,0.73,2.61
'SEQ_F1_S1', 8,12,2015,23340.0,19.00,30.98, 0.0,1.02,3.06
'SEQ_F1_S1', 9,12,2015,12980.0,19.64,28.82,28.2,0.69,3.13
'SEQ_F1_S1',10,12,2015,14460.0,21.99,28.10,14.9,1.20,3.22
'SEQ_F1_S1',11,12,2015, 8370.0,21.20,25.36,27.4,0.84,2.88
'SEQ_F1_S1',12,12,2015, 5270.0,21.98,24.55,55.9,1.56,2.86
'SEQ_F1_S1',13,12,2015,18310.0,22.19,31.66, 2.2,1.10,3.67
'SEQ_F1_S1',14,12,2015,18920.0,21.90,31.14,43.5,1.18,3.58
'SEQ_F1_S1',15,12,2015, 7900.0,21.40,26.80,26.0,0.72,3.04
'SEQ_F1_S1',16,12,2015,26190.0,19.13,28.95, 0.0,1.90,2.77
'SEQ_F1_S1',17,12,2015,30000.0,17.09,30.46, 0.0,1.41,2.66
'SEQ_F1_S1',18,12,2015,20210.0,20.38,28.51, 0.0,1.51,2.79
'SEQ_F1_S1',19,12,2015,20950.0,19.08,27.23, 0.0,2.01,2.60
'SEQ_F1_S1',20,12,2015,26900.0,18.03,27.42, 0.0,2.27,2.53
'SEQ_F1_S1',21,12,2015,30000.0,17.69,27.92, 0.0,2.54,2.30
'SEQ_F1_S1',22,12,2015,30000.0,15.50,28.01, 0.0,2.27,2.29
'SEQ_F1_S1',23,12,2015,30000.0,16.31,28.69, 0.5,1.16,2.57
'SEQ_F1_S1',24,12,2015,20850.0,17.69,29.10, 0.0,0.64,2.85
'SEQ_F1_S1',25,12,2015,29220.0,18.04,30.69, 0.0,0.84,2.88
'SEQ_F1_S1',26,12,2015,30000.0,19.30,31.22, 0.0,0.93,2.98
'SEQ_F1_S1',27,12,2015,14820.0,20.39,31.21,10.6,0.66,3.48
'SEQ_F1_S1',28,12,2015,27030.0,20.87,32.62, 0.0,1.15,3.48
'SEQ_F1_S1',29,12,2015,13660.0,21.40,28.98,13.2,0.46,3.28
'SEQ_F1_S1',30,12,2015,20050.0,21.99,31.20, 0.3,0.76,3.53
'SEQ_F1_S1',31,12,2015,30000.0,20.27,32.23, 0.0,0.90,2.85
