* Source of data    : SEQ_F1_S1 - Piracicaba - SP
* File content      : Input weather file for Swap 3.2 (www.swap.alterra.nl)
* File generated by : R-Script 
* File generated at : 13-Sep-2019
station,DD,MM,YYYY,Rad,Tmin,Tmax,Rain,Wind,Hum
'SEQ_F1_S1', 1, 1,2016,23000.0,20.91,31.42,11.2,0.51,3.54
'SEQ_F1_S1', 2, 1,2016,23760.0,21.62,31.87, 8.5,0.63,3.61
'SEQ_F1_S1', 3, 1,2016,16560.0,21.87,27.98, 2.4,0.90,3.20
'SEQ_F1_S1', 4, 1,2016,19190.0,19.84,30.17, 0.0,0.85,3.08
'SEQ_F1_S1', 5, 1,2016,30000.0,18.45,29.95, 0.0,0.69,2.78
'SEQ_F1_S1', 6, 1,2016,30000.0,18.34,30.24, 0.0,0.75,2.69
'SEQ_F1_S1', 7, 1,2016,30000.0,18.66,30.70, 0.0,0.73,2.61
'SEQ_F1_S1', 8, 1,2016,23340.0,19.00,30.98, 0.0,1.02,3.06
'SEQ_F1_S1', 9, 1,2016,12980.0,19.64,28.82,28.2,0.69,3.13
'SEQ_F1_S1',10, 1,2016,14460.0,21.99,28.10,14.9,1.20,3.22
'SEQ_F1_S1',11, 1,2016, 8370.0,21.20,25.36,27.4,0.84,2.88
'SEQ_F1_S1',12, 1,2016, 5270.0,21.98,24.55,55.9,1.56,2.86
'SEQ_F1_S1',13, 1,2016,18310.0,22.19,31.66, 2.2,1.10,3.67
'SEQ_F1_S1',14, 1,2016,18920.0,21.90,31.14,43.5,1.18,3.58
'SEQ_F1_S1',15, 1,2016, 7900.0,21.40,26.80,26.0,0.72,3.04
'SEQ_F1_S1',16, 1,2016,26190.0,19.13,28.95, 0.0,1.90,2.77
'SEQ_F1_S1',17, 1,2016,30000.0,17.09,30.46, 0.0,1.41,2.66
'SEQ_F1_S1',18, 1,2016,20210.0,20.38,28.51, 0.0,1.51,2.79
'SEQ_F1_S1',19, 1,2016,20950.0,19.08,27.23, 0.0,2.01,2.60
'SEQ_F1_S1',20, 1,2016,26900.0,18.03,27.42, 0.0,2.27,2.53
'SEQ_F1_S1',21, 1,2016,30000.0,17.69,27.92, 0.0,2.54,2.30
'SEQ_F1_S1',22, 1,2016,30000.0,15.50,28.01, 0.0,2.27,2.29
'SEQ_F1_S1',23, 1,2016,30000.0,16.31,28.69, 0.5,1.16,2.57
'SEQ_F1_S1',24, 1,2016,20850.0,17.69,29.10, 0.0,0.64,2.85
'SEQ_F1_S1',25, 1,2016,29220.0,18.04,30.69, 0.0,0.84,2.88
'SEQ_F1_S1',26, 1,2016,30000.0,19.30,31.22, 0.0,0.93,2.98
'SEQ_F1_S1',27, 1,2016,14820.0,20.39,31.21,10.6,0.66,3.48
'SEQ_F1_S1',28, 1,2016,27030.0,20.87,32.62, 0.0,1.15,3.48
'SEQ_F1_S1',29, 1,2016,13660.0,21.40,28.98,13.2,0.46,3.28
'SEQ_F1_S1',30, 1,2016,20050.0,21.99,31.20, 0.3,0.76,3.53
'SEQ_F1_S1',31, 1,2016,30000.0,20.27,32.23, 0.0,0.90,2.85
'SEQ_F1_S1', 1, 2,2016,29090.0,18.93,31.59, 0.0,0.69,2.79
'SEQ_F1_S1', 2, 2,2016,28900.0,19.55,32.05, 0.0,0.80,2.90
'SEQ_F1_S1', 3, 2,2016,30000.0,19.52,32.05, 0.0,0.97,2.93
'SEQ_F1_S1', 4, 2,2016,26440.0,20.39,29.69, 0.6,0.99,2.95
'SEQ_F1_S1', 5, 2,2016,23340.0,19.57,31.40, 0.0,0.85,3.26
'SEQ_F1_S1', 6, 2,2016,22280.0,19.43,28.71, 9.8,1.03,3.08
'SEQ_F1_S1', 7, 2,2016,30000.0,20.15,33.70,13.2,0.59,3.60
'SEQ_F1_S1', 8, 2,2016,28280.0,21.17,33.82, 3.6,0.56,3.83
'SEQ_F1_S1', 9, 2,2016,23530.0,20.78,33.81, 0.1,0.61,3.59
'SEQ_F1_S1',10, 2,2016,24000.0,21.57,33.60, 0.0,0.78,3.52
'SEQ_F1_S1',11, 2,2016,21490.0,20.98,31.11, 1.0,1.45,3.34
'SEQ_F1_S1',12, 2,2016,26920.0,19.43,30.01, 0.0,1.30,2.81
'SEQ_F1_S1',13, 2,2016,27570.0,16.97,30.27, 0.0,0.77,2.73
'SEQ_F1_S1',14, 2,2016,25620.0,19.39,31.99, 0.0,0.74,3.20
'SEQ_F1_S1',15, 2,2016,21890.0,20.09,30.91,23.0,1.29,3.28
'SEQ_F1_S1',16, 2,2016,20330.0,20.99,29.69, 0.3,0.87,3.23
'SEQ_F1_S1',17, 2,2016,19400.0,21.25,32.23, 0.0,0.81,3.56
'SEQ_F1_S1',18, 2,2016,26120.0,20.67,31.20,35.9,0.79,3.40
'SEQ_F1_S1',19, 2,2016,24110.0,21.28,33.10, 9.6,0.86,3.76
'SEQ_F1_S1',20, 2,2016,22290.0,21.38,33.69, 0.4,0.91,3.77
'SEQ_F1_S1',21, 2,2016,11500.0,20.88,27.80,27.3,0.52,3.11
'SEQ_F1_S1',22, 2,2016,11250.0,20.62,26.79, 0.4,0.48,2.98
'SEQ_F1_S1',23, 2,2016,13840.0,21.30,27.61, 0.2,0.54,3.11
'SEQ_F1_S1',24, 2,2016,16790.0,20.99,30.33, 4.0,0.44,3.41
'SEQ_F1_S1',25, 2,2016,22050.0,20.40,32.45, 3.5,0.47,3.48
'SEQ_F1_S1',26, 2,2016,23960.0,20.87,32.67,13.4,0.63,3.68
'SEQ_F1_S1',27, 2,2016,16530.0,21.59,31.65,16.1,0.28,3.62
'SEQ_F1_S1',28, 2,2016,18070.0,21.32,30.18, 4.1,0.86,3.42
'SEQ_F1_S1',29, 2,2016,11740.0,20.22,25.67, 3.7,1.05,2.84
'SEQ_F1_S1', 1, 3,2016, 8130.0,18.90,22.75,11.0,0.28,2.48
'SEQ_F1_S1', 2, 3,2016,14040.0,18.89,28.96, 0.0,0.34,3.09
'SEQ_F1_S1', 3, 3,2016,11590.0,20.22,27.36, 2.3,1.05,3.01
'SEQ_F1_S1', 4, 3,2016,19020.0,18.60,26.40, 0.4,2.56,2.29
'SEQ_F1_S1', 5, 3,2016,21440.0,17.30,27.10, 8.2,1.69,2.28
'SEQ_F1_S1', 6, 3,2016,19310.0,17.40,27.20, 0.2,1.56,2.46
'SEQ_F1_S1', 7, 3,2016,17510.0,17.30,28.30, 0.0,1.25,2.39
'SEQ_F1_S1', 8, 3,2016,21150.0,17.70,29.30, 0.0,0.92,2.39
'SEQ_F1_S1', 9, 3,2016,21030.0,19.00,28.80, 2.6,1.08,2.25
'SEQ_F1_S1',10, 3,2016,14920.0,19.70,26.00,35.3,2.69,2.60
'SEQ_F1_S1',11, 3,2016,15590.0,19.50,26.00, 9.8,2.75,2.54
'SEQ_F1_S1',12, 3,2016,21190.0,17.60,26.10, 0.0,2.78,2.03
'SEQ_F1_S1',13, 3,2016,17810.0,17.20,24.50, 0.0,4.58,2.07
'SEQ_F1_S1',14, 3,2016,19480.0,17.40,28.70, 0.0,1.72,2.26
'SEQ_F1_S1',15, 3,2016,15130.0,18.40,27.40,33.0,1.25,2.49
'SEQ_F1_S1',16, 3,2016,13290.0,17.80,25.70, 1.6,0.69,2.38
'SEQ_F1_S1',17, 3,2016,20730.0,18.40,26.90, 0.0,0.78,2.21
'SEQ_F1_S1',18, 3,2016,24510.0,16.80,28.30, 0.0,1.50,2.10
'SEQ_F1_S1',19, 3,2016,26290.0,17.40,28.00, 0.0,2.00,1.99
'SEQ_F1_S1',20, 3,2016,24090.0,16.40,27.60, 0.0,1.30,2.06
'SEQ_F1_S1',21, 3,2016,19980.0,16.70,29.30, 0.0,1.20,2.24
'SEQ_F1_S1',22, 3,2016, 9910.0,18.50,27.60,10.2,0.83,2.62
'SEQ_F1_S1',23, 3,2016,17180.0,17.40,28.00, 7.6,1.03,2.51
'SEQ_F1_S1',24, 3,2016,19450.0,17.30,25.80, 0.0,1.43,2.23
'SEQ_F1_S1',25, 3,2016,12310.0,18.30,25.30, 7.4,1.25,2.47
'SEQ_F1_S1',26, 3,2016,17050.0,17.60,25.80, 0.0,1.66,2.32
'SEQ_F1_S1',27, 3,2016,18900.0,18.60,27.30, 0.6,1.09,2.57
'SEQ_F1_S1',28, 3,2016,21420.0,18.20,27.30, 0.0,1.53,2.37
'SEQ_F1_S1',29, 3,2016,21280.0,17.80,28.60, 0.0,1.08,2.38
'SEQ_F1_S1',30, 3,2016,20010.0,18.50,28.30, 0.0,1.29,2.33
'SEQ_F1_S1',31, 3,2016,23160.0,18.40,29.30, 0.0,1.36,2.26
'SEQ_F1_S1', 1, 4,2016,21860.0,17.80,28.10, 0.0,1.62,2.16
'SEQ_F1_S1', 2, 4,2016,22430.0,17.20,28.10, 0.0,1.09,2.13
'SEQ_F1_S1', 3, 4,2016,23840.0,17.10,29.00, 0.0,1.66,2.03
'SEQ_F1_S1', 4, 4,2016,22950.0,17.80,28.60, 0.0,2.35,2.06
'SEQ_F1_S1', 5, 4,2016,22910.0,17.70,28.10, 0.0,1.76,2.07
'SEQ_F1_S1', 6, 4,2016,22840.0,16.00,28.10, 0.0,1.27,2.02
'SEQ_F1_S1', 7, 4,2016,23140.0,16.00,28.60, 0.0,0.99,1.92
'SEQ_F1_S1', 8, 4,2016,22970.0,16.00,28.90, 0.0,1.24,2.00
'SEQ_F1_S1', 9, 4,2016,21960.0,17.30,29.80, 0.0,1.28,2.03
'SEQ_F1_S1',10, 4,2016,21940.0,17.50,29.90, 0.0,1.95,2.08
'SEQ_F1_S1',11, 4,2016,16300.0,19.04,28.60, 0.2,1.45,2.16
'SEQ_F1_S1',12, 4,2016,19090.0,18.57,28.98, 0.2,1.66,2.11
'SEQ_F1_S1',13, 4,2016,18720.0,18.90,28.60, 0.0,1.30,2.06
'SEQ_F1_S1',14, 4,2016,16140.0,17.77,29.45, 0.0,1.09,2.11
'SEQ_F1_S1',15, 4,2016,16970.0,18.48,29.40, 0.0,1.06,2.04
'SEQ_F1_S1',16, 4,2016,19650.0,17.34,29.50, 0.0,1.22,1.98
'SEQ_F1_S1',17, 4,2016,20680.0,16.12,28.79, 0.0,1.45,1.91
'SEQ_F1_S1',18, 4,2016,20670.0,15.98,29.31, 0.0,1.38,1.99
'SEQ_F1_S1',19, 4,2016,20000.0,16.36,28.65, 0.0,1.43,1.96
'SEQ_F1_S1',20, 4,2016,19730.0,16.73,29.07, 0.0,1.12,1.96
'SEQ_F1_S1',21, 4,2016,18420.0,16.30,29.07, 0.0,1.30,1.92
'SEQ_F1_S1',22, 4,2016,19040.0,15.65,29.45, 0.0,1.55,1.91
'SEQ_F1_S1',23, 4,2016,18970.0,16.97,29.16, 0.0,1.29,2.02
'SEQ_F1_S1',24, 4,2016,18430.0,15.65,29.27, 0.0,1.31,1.89
'SEQ_F1_S1',25, 4,2016,16450.0,16.35,29.83, 0.0,1.59,1.79
'SEQ_F1_S1',26, 4,2016, 8350.0,17.10,24.46, 3.2,1.74,2.11
'SEQ_F1_S1',27, 4,2016, 7890.0,12.93,18.80, 2.0,2.42,1.50
'SEQ_F1_S1',28, 4,2016,17720.0, 9.78,20.27, 0.0,1.40,1.40
'SEQ_F1_S1',29, 4,2016, 9030.0,11.39,18.61, 0.0,1.13,1.44
'SEQ_F1_S1',30, 4,2016,13750.0,10.72,21.07, 0.0,1.15,1.48
'SEQ_F1_S1', 1, 5,2016,18510.0, 9.97,21.59, 0.0,1.31,1.25
'SEQ_F1_S1', 2, 5,2016,20130.0, 7.14,23.51, 0.0,1.25,1.14
'SEQ_F1_S1', 3, 5,2016,16130.0, 7.90,24.95, 0.0,1.33,1.44
'SEQ_F1_S1', 4, 5,2016,17430.0,10.72,24.82, 0.0,1.20,1.60
'SEQ_F1_S1', 5, 5,2016,16850.0,12.32,24.97, 0.0,1.07,1.64
'SEQ_F1_S1', 6, 5,2016,16370.0,11.15,25.44, 0.0,1.08,1.58
'SEQ_F1_S1', 7, 5,2016, 7850.0,14.61,23.80, 0.0,0.87,1.72
'SEQ_F1_S1', 8, 5,2016,12020.0,15.41,23.51, 0.0,1.35,1.85
'SEQ_F1_S1', 9, 5,2016,13490.0,14.24,26.00, 0.0,1.13,1.96
'SEQ_F1_S1',10, 5,2016, 5990.0,15.31,21.01, 2.5,1.33,1.83
'SEQ_F1_S1',11, 5,2016,11610.0,12.60,22.80, 0.0,1.11,1.77
'SEQ_F1_S1',12, 5,2016,13050.0,15.03,23.14, 0.0,1.72,1.76
'SEQ_F1_S1',13, 5,2016,14880.0,13.82,23.74, 0.0,2.40,1.63
'SEQ_F1_S1',14, 5,2016,16210.0,14.20,24.16, 0.0,2.23,1.60
'SEQ_F1_S1',15, 5,2016,16790.0,11.86,26.80, 0.0,1.31,1.80
'SEQ_F1_S1',16, 5,2016,10050.0,17.06,26.80,10.9,2.02,2.14
'SEQ_F1_S1',17, 5,2016,12790.0,14.76,22.95, 0.0,1.50,1.77
'SEQ_F1_S1',18, 5,2016, 4230.0,12.47,18.33, 2.2,1.10,1.67
'SEQ_F1_S1',19, 5,2016, 3980.0,14.37,18.52,20.2,1.41,1.72
'SEQ_F1_S1',20, 5,2016,16330.0,13.53,25.62, 0.0,1.65,1.93
'SEQ_F1_S1',21, 5,2016, 5080.0,15.64,20.55,18.8,1.14,1.99
'SEQ_F1_S1',22, 5,2016,13060.0,14.51,25.25, 3.2,0.79,2.15
'SEQ_F1_S1',23, 5,2016,  160.0,11.31,18.63, 0.0,2.07,1.30
'SEQ_F1_S1',24, 5,2016,13900.0, 8.72,19.91, 0.0,2.97,1.28
'SEQ_F1_S1',25, 5,2016,16040.0,10.53,22.42, 0.0,1.43,1.46
'SEQ_F1_S1',26, 5,2016,16120.0,11.76,23.65, 0.0,0.93,1.67
'SEQ_F1_S1',27, 5,2016,12740.0,13.35,23.38, 0.0,1.46,1.75
'SEQ_F1_S1',28, 5,2016,15380.0,13.11,24.11, 0.0,1.71,1.76
'SEQ_F1_S1',29, 5,2016, 5610.0,12.09,17.81, 1.0,0.94,1.60
'SEQ_F1_S1',30, 5,2016, 2830.0,11.62,16.26,31.3,1.19,1.58
'SEQ_F1_S1',31, 5,2016,10950.0,14.66,23.09, 4.0,1.24,1.96
'SEQ_F1_S1', 1, 6,2016,11840.0,15.31,23.74,23.0,0.89,2.08
'SEQ_F1_S1', 2, 6,2016,13530.0,15.60,22.80,30.9,1.43,1.96
'SEQ_F1_S1', 3, 6,2016, 6430.0,15.74,19.56,22.5,1.30,1.92
'SEQ_F1_S1', 4, 6,2016, 5330.0,16.30,20.40, 6.0,1.12,2.04
'SEQ_F1_S1', 5, 6,2016, 5040.0,17.20,21.30,29.6,1.21,2.17
'SEQ_F1_S1', 6, 6,2016, 4800.0,17.53,23.70,42.2,1.76,2.23
'SEQ_F1_S1', 7, 6,2016, 4850.0,12.28,17.91, 7.1,0.84,1.66
'SEQ_F1_S1', 8, 6,2016, 3420.0,10.63,17.62, 0.2,0.34,1.40
'SEQ_F1_S1', 9, 6,2016,10940.0, 7.42,17.85, 0.2,0.80,1.23
'SEQ_F1_S1',10, 6,2016,12950.0, 9.10,16.61, 0.0,0.54,1.23
'SEQ_F1_S1',11, 6,2016,14750.0, 6.12,17.55, 0.0,0.64,1.01
'SEQ_F1_S1',12, 6,2016,14410.0, 5.11,16.66, 0.1,0.58,0.98
'SEQ_F1_S1',13, 6,2016,11270.0, 3.98,19.10, 0.0,0.58,0.81
'SEQ_F1_S1',14, 6,2016,10610.0, 5.39,21.13, 0.0,0.45,1.24
'SEQ_F1_S1',15, 6,2016,15300.0, 7.82,23.10, 0.0,0.57,1.50
'SEQ_F1_S1',16, 6,2016,15460.0,13.10,22.74, 0.0,0.55,1.61
'SEQ_F1_S1',17, 6,2016,16330.0,10.32,24.61, 0.0,1.41,1.62
'SEQ_F1_S1',18, 6,2016,11180.0,10.47,24.56, 0.0,1.48,1.65
'SEQ_F1_S1',19, 6,2016, 3410.0,10.09,22.25, 0.0,1.07,1.66
'SEQ_F1_S1',20, 6,2016, 2140.0, 9.80,21.02, 0.0,1.74,1.55
'SEQ_F1_S1',21, 6,2016, 2660.0,11.10,20.08, 0.0,2.38,1.43
'SEQ_F1_S1',22, 6,2016, 8770.0,10.53,22.23, 0.0,1.32,1.60
'SEQ_F1_S1',23, 6,2016,17420.0,10.82,23.13, 0.0,1.31,1.61
'SEQ_F1_S1',24, 6,2016,17620.0,10.25,23.41, 0.0,1.51,1.57
'SEQ_F1_S1',25, 6,2016,16160.0,10.16,22.10, 0.0,1.22,1.56
'SEQ_F1_S1',26, 6,2016,17770.0,10.16,22.14, 0.0,1.06,1.52
'SEQ_F1_S1',27, 6,2016,17490.0, 8.18,22.33, 0.0,0.96,1.39
'SEQ_F1_S1',28, 6,2016,14900.0, 8.18,22.33, 0.0,1.33,1.38
'SEQ_F1_S1',29, 6,2016,16320.0, 8.65,24.17, 0.0,1.28,1.48
'SEQ_F1_S1',30, 6,2016,16870.0,10.44,23.66, 0.0,1.17,1.52
'SEQ_F1_S1', 1, 7,2016,18030.0,11.95,24.35, 0.0,1.29,1.58
'SEQ_F1_S1', 2, 7,2016,17720.0,12.99,24.73, 0.0,1.39,1.56
'SEQ_F1_S1', 3, 7,2016,18100.0,11.15,25.35, 0.0,1.39,1.61
'SEQ_F1_S1', 4, 7,2016,17780.0,11.71,25.01, 0.0,1.35,1.57
'SEQ_F1_S1', 5, 7,2016,18120.0,10.53,25.39, 0.0,1.35,1.57
'SEQ_F1_S1', 6, 7,2016,18150.0,15.17,25.48, 0.0,2.46,1.59
'SEQ_F1_S1', 7, 7,2016, 9850.0, 9.02,20.64, 0.0,1.48,1.01
'SEQ_F1_S1', 8, 7,2016, 8950.0, 5.65,21.72, 0.0,1.37,1.08
'SEQ_F1_S1', 9, 7,2016,19080.0, 5.64,24.04, 0.0,1.05,1.34
'SEQ_F1_S1',10, 7,2016,18380.0, 8.31,27.28, 0.0,1.53,1.57
'SEQ_F1_S1',11, 7,2016,17470.0,12.57,27.89, 0.0,1.68,1.59
'SEQ_F1_S1',12, 7,2016, 6950.0,12.32,27.28, 0.0,1.77,1.49
'SEQ_F1_S1',13, 7,2016,20090.0,12.61,27.04, 0.0,1.40,1.61
'SEQ_F1_S1',14, 7,2016,18950.0,12.85,27.42, 0.0,1.64,1.47
'SEQ_F1_S1',15, 7,2016,19420.0,11.71,27.85, 0.0,1.76,1.40
'SEQ_F1_S1',16, 7,2016, 7010.0,14.05,21.96, 2.4,2.05,1.52
'SEQ_F1_S1',17, 7,2016,10870.0, 7.99,17.90, 0.0,1.48,0.97
'SEQ_F1_S1',18, 7,2016,17630.0, 4.05,19.08, 0.0,1.37,1.08
'SEQ_F1_S1',19, 7,2016,18630.0, 6.48,16.73, 0.0,1.09,1.14
'SEQ_F1_S1',20, 7,2016,18920.0, 6.48,19.65, 0.0,1.30,1.28
'SEQ_F1_S1',21, 7,2016,19880.0, 9.73,19.83, 0.0,1.26,1.32
'SEQ_F1_S1',22, 7,2016,18080.0, 7.70,20.26, 0.0,1.24,1.30
'SEQ_F1_S1',23, 7,2016,18140.0, 7.42,24.11, 0.0,0.96,1.56
'SEQ_F1_S1',24, 7,2016,16860.0,10.63,27.04, 0.0,1.56,1.61
'SEQ_F1_S1',25, 7,2016,16290.0,12.04,25.67, 0.0,1.49,1.52
'SEQ_F1_S1',26, 7,2016,17230.0,10.06,26.43, 0.0,1.83,1.39
'SEQ_F1_S1',27, 7,2016,18900.0,12.00,26.48, 0.0,2.16,1.47
'SEQ_F1_S1',28, 7,2016,17980.0,10.68,22.95, 0.0,1.98,1.15
'SEQ_F1_S1',29, 7,2016,19930.0,11.34,23.13, 0.0,1.71,1.52
'SEQ_F1_S1',30, 7,2016,17730.0, 9.97,24.35, 0.0,1.29,1.53
'SEQ_F1_S1',31, 7,2016,16550.0,11.43,24.69, 0.0,0.99,1.48
'SEQ_F1_S1', 1, 8,2016,18290.0,11.00,25.21, 0.0,1.58,1.40
'SEQ_F1_S1', 2, 8,2016,20360.0,11.67,24.26, 0.0,1.82,1.56
'SEQ_F1_S1', 3, 8,2016,20670.0,10.96,24.69, 0.0,1.47,1.58
'SEQ_F1_S1', 4, 8,2016,20200.0,11.39,24.45, 0.0,1.24,1.57
'SEQ_F1_S1', 5, 8,2016,17600.0,15.67,23.68, 0.0,0.92,1.38
'SEQ_F1_S1', 6, 8,2016,21130.0,13.46,27.56, 0.0,1.49,1.41
'SEQ_F1_S1', 7, 8,2016,20770.0,12.42,27.19, 0.0,1.75,1.49
'SEQ_F1_S1', 8, 8,2016,20820.0,12.94,25.67, 0.0,1.44,1.68
'SEQ_F1_S1', 9, 8,2016,21130.0,13.44,23.14, 0.0,1.40,1.59
'SEQ_F1_S1',10, 8,2016,20890.0,11.95,19.13, 0.0,2.06,1.25
'SEQ_F1_S1',11, 8,2016,20370.0, 7.33,18.90, 0.0,2.45,1.13
'SEQ_F1_S1',12, 8,2016,22140.0, 8.98,22.15, 0.0,2.20,1.19
'SEQ_F1_S1',13, 8,2016,20400.0, 6.72,25.25, 0.0,1.03,1.28
'SEQ_F1_S1',14, 8,2016,20520.0, 9.69,28.41, 0.0,1.74,1.32
'SEQ_F1_S1',15, 8,2016,21880.0,12.28,29.17, 2.0,2.29,1.72
'SEQ_F1_S1',16, 8,2016,17310.0,13.45,23.38, 2.0,1.38,1.68
'SEQ_F1_S1',17, 8,2016,21840.0,12.47,27.84, 0.0,1.61,1.77
'SEQ_F1_S1',18, 8,2016,21400.0,15.23,28.46, 0.0,2.24,1.95
'SEQ_F1_S1',19, 8,2016,21460.0,13.03,29.26, 0.0,1.92,1.76
'SEQ_F1_S1',20, 8,2016,22120.0,14.43,20.64, 8.9,1.48,1.85
'SEQ_F1_S1',21, 8,2016,23370.0,10.06,19.75,15.0,2.62,1.53
'SEQ_F1_S1',22, 8,2016,21910.0, 9.45,17.58, 0.0,2.77,1.15
'SEQ_F1_S1',23, 8,2016,23950.0, 7.28,22.80, 0.0,1.62,1.34
'SEQ_F1_S1',24, 8,2016,23350.0, 8.50,24.41, 0.0,1.52,1.50
'SEQ_F1_S1',25, 8,2016,18340.0, 9.50,26.81, 0.0,1.17,1.64
'SEQ_F1_S1',26, 8,2016,22600.0, 9.97,27.09, 0.0,1.37,1.49
'SEQ_F1_S1',27, 8,2016,19800.0,10.68,27.28, 0.0,1.28,1.34
'SEQ_F1_S1',28, 8,2016,19520.0,11.05,29.07, 0.0,1.59,1.43
'SEQ_F1_S1',29, 8,2016,23270.0,13.50,29.37, 0.0,1.49,1.48
'SEQ_F1_S1',30, 8,2016,22500.0,16.63,26.68, 0.0,2.23,1.72
'SEQ_F1_S1',31, 8,2016,24830.0,13.87,17.90,18.5,1.14,1.64
'SEQ_F1_S1', 1, 9,2016,23100.0,12.47,23.85, 0.0,1.62,1.62
'SEQ_F1_S1', 2, 9,2016,24300.0,11.39,27.14, 0.0,1.62,1.85
'SEQ_F1_S1', 3, 9,2016,23320.0,16.31,24.65, 0.0,1.68,1.91
'SEQ_F1_S1', 4, 9,2016,23250.0,15.65,19.89, 0.0,0.91,1.82
'SEQ_F1_S1', 5, 9,2016,22900.0,14.29,26.48, 0.0,1.25,1.90
'SEQ_F1_S1', 6, 9,2016,21820.0,15.31,20.45,16.8,1.66,1.83
'SEQ_F1_S1', 7, 9,2016,22240.0,13.73,20.92, 1.3,1.79,1.58
'SEQ_F1_S1', 8, 9,2016,23550.0, 9.69,23.09, 0.0,1.26,1.27
'SEQ_F1_S1', 9, 9,2016,21730.0,11.43,25.16, 0.0,1.77,1.58
'SEQ_F1_S1',10, 9,2016,21360.0,11.62,27.76, 0.0,1.44,1.85
'SEQ_F1_S1',11, 9,2016,17230.0,13.31,28.51, 0.0,1.08,1.82
'SEQ_F1_S1',12, 9,2016,21530.0,14.43,29.84, 0.0,1.33,1.72
'SEQ_F1_S1',13, 9,2016,20840.0,16.69,30.44, 0.0,2.19,1.30
'SEQ_F1_S1',14, 9,2016,23020.0,16.69,24.51, 0.0,1.73,1.33
'SEQ_F1_S1',15, 9,2016,23640.0,14.20,25.45, 0.0,1.66,1.14
'SEQ_F1_S1',16, 9,2016,23200.0,11.95,24.46, 0.0,2.09,1.49
'SEQ_F1_S1',17, 9,2016,23680.0,13.03,27.94, 0.0,1.27,1.80
'SEQ_F1_S1',18, 9,2016,23730.0,15.55,31.06, 1.8,1.91,2.18
'SEQ_F1_S1',19, 9,2016,19430.0,14.86,28.28, 0.0,1.67,1.99
'SEQ_F1_S1',20, 9,2016,10640.0,12.33,22.34, 0.0,2.67,1.47
'SEQ_F1_S1',21, 9,2016, 2660.0, 9.69,22.15, 0.0,3.93,1.22
'SEQ_F1_S1',22, 9,2016,24690.0,11.90,25.31, 0.0,2.32,1.34
'SEQ_F1_S1',23, 9,2016,27510.0,11.20,28.23, 0.0,1.57,1.71
'SEQ_F1_S1',24, 9,2016,15330.0,14.12,26.35, 0.0,2.26,1.65
'SEQ_F1_S1',25, 9,2016, 6320.0,12.42,21.78, 0.0,2.55,1.49
'SEQ_F1_S1',26, 9,2016, 9120.0,11.62,24.37, 0.0,2.26,1.41
'SEQ_F1_S1',27, 9,2016,27160.0, 9.69,26.06, 0.0,2.09,1.39
'SEQ_F1_S1',28, 9,2016,30000.0, 9.54,27.48, 0.0,1.55,1.50
'SEQ_F1_S1',29, 9,2016,29800.0,13.22,28.57, 0.0,1.82,1.62
'SEQ_F1_S1',30, 9,2016,28530.0,12.47,26.72, 0.0,2.41,1.57
'SEQ_F1_S1', 1,10,2016,27710.0,14.59,25.97, 0.0,3.04,1.65
'SEQ_F1_S1', 2,10,2016,26310.0,14.90,26.63, 0.0,2.92,1.62
'SEQ_F1_S1', 3,10,2016,27140.0,12.85,18.85,21.3,1.47,1.66
'SEQ_F1_S1', 4,10,2016,26000.0,15.27,22.85, 0.0,1.92,1.78
'SEQ_F1_S1', 5,10,2016,18960.0,14.16,23.99, 0.0,2.24,1.57
'SEQ_F1_S1', 6,10,2016,25550.0,13.27,24.65, 0.0,2.64,1.46
'SEQ_F1_S1', 7,10,2016,28550.0,11.71,22.81, 0.0,1.93,1.41
'SEQ_F1_S1', 8,10,2016,28700.0,11.58,25.40, 0.0,1.25,1.43
'SEQ_F1_S1', 9,10,2016,25830.0,13.46,27.01, 0.0,2.29,1.49
'SEQ_F1_S1',10,10,2016,26060.0,14.77,26.72, 0.0,2.69,1.70
'SEQ_F1_S1',11,10,2016, 5280.0,13.74,28.23, 0.0,1.75,1.92
'SEQ_F1_S1',12,10,2016,11900.0,15.33,29.84, 1.3,1.77,2.12
'SEQ_F1_S1',13,10,2016,16090.0,17.72,26.63,16.3,1.96,2.25
'SEQ_F1_S1',14,10,2016,25820.0,17.25,25.12, 3.6,1.60,2.28
'SEQ_F1_S1',15,10,2016,29860.0,17.53,27.57, 0.8,1.09,2.39
'SEQ_F1_S1',16,10,2016,20880.0,17.16,30.64, 0.0,1.11,2.16
'SEQ_F1_S1',17,10,2016,14510.0,18.99,32.53, 5.6,1.90,2.31
'SEQ_F1_S1',18,10,2016,29980.0,19.14,29.18, 1.3,1.14,2.45
'SEQ_F1_S1',19,10,2016,25460.0,18.80,32.67, 0.0,1.14,2.51
'SEQ_F1_S1',20,10,2016,23480.0,17.81,31.82, 6.6,2.04,2.50
'SEQ_F1_S1',21,10,2016,24470.0,17.49,25.73, 5.6,2.34,2.15
'SEQ_F1_S1',22,10,2016,29170.0,16.92,25.69, 0.0,3.24,1.92
'SEQ_F1_S1',23,10,2016, 8560.0,17.25,28.99, 0.0,1.97,2.11
'SEQ_F1_S1',24,10,2016,22910.0,17.72,28.33,12.9,1.32,2.33
