* Source of data    : Royal Netherlands Meterological Institute (www.knmi.nl)
* File content      : Meteo from www.knmi.nl; input file for Swap 3.2 (www.swap.alterra.nl)
* File generated by : Alterra - Wageningen-UR (www.alterra.wur.nl)
* File generated at : 2016-12-19 15:22:13
station,DD,MM,YYYY,Rad,Tmin,Tmax,Hum,Wind,Rain,ETref,Wet 
'235',01,01,2013,2360.0,5.8,9.4,0.869,6.7,0.4,0.3,0.008
'235',02,01,2013,2780.0,5.9,8.7,0.895,6.2,0.0,0.4,0.000
'235',03,01,2013,2650.0,8.4,10.3,1.126,6.2,0.0,0.4,0.000
'235',04,01,2013,1120.0,8.4,9.4,1.094,6.3,0.0,0.2,0.000
'235',05,01,2013,420.0,7.2,8.7,1.025,4.1,0.0,0.1,0.000
'235',06,01,2013,3520.0,5.8,9.5,0.986,4.2,0.0,0.5,0.000
'235',07,01,2013,480.0,7.2,8.2,0.998,5.0,0.0,0.1,0.000
'235',08,01,2013,1730.0,7.5,9.1,1.049,5.7,0.0,0.2,0.000
'235',09,01,2013,1000.0,4.6,8.6,0.887,4.2,4.7,0.1,0.333
'235',10,01,2013,2700.0,1.6,8.2,0.723,5.4,1.9,0.3,0.046
'235',11,01,2013,1110.0,0.2,3.6,0.591,2.5,1.4,0.1,0.054
'235',12,01,2013,2220.0,-1.2,1.9,0.529,3.9,0.0,0.2,0.000
'235',13,01,2013,4000.0,-1.6,1.4,0.476,4.8,0.1,0.4,0.012
'235',14,01,2013,3870.0,-5.6,-0.9,0.378,3.2,0.0,0.4,0.000
'235',15,01,2013,2350.0,-5.1,-0.3,0.379,4.5,0.0,0.2,0.000
'235',16,01,2013,3980.0,-5.7,0.5,0.411,1.9,0.0,0.4,0.000
'235',17,01,2013,3870.0,-5.5,-0.6,0.402,2.8,0.0,0.4,0.000
'235',18,01,2013,2870.0,-2.3,0.2,0.450,6.3,0.2,0.3,0.029
'235',19,01,2013,1110.0,-4.7,-2.2,0.349,8.5,0.0,0.1,0.000
'235',20,01,2013,2310.0,-5.4,-2.1,0.363,11.1,1.0,0.2,0.125
'235',21,01,2013,1720.0,-3.0,-2.3,0.452,6.9,3.2,0.2,0.404
'235',22,01,2013,2820.0,-4.7,-2.4,0.393,4.7,0.2,0.3,0.046
'235',23,01,2013,2250.0,-4.8,-2.8,0.372,5.1,0.0,0.2,0.000
'235',24,01,2013,2210.0,-7.7,-0.2,0.340,1.6,0.0,0.2,0.000
'235',25,01,2013,6510.0,-9.6,-2.2,0.327,3.3,0.0,0.6,0.000
'235',26,01,2013,1380.0,-3.1,4.1,0.549,6.7,0.4,0.1,0.054
'235',27,01,2013,2000.0,1.8,7.2,0.743,9.1,7.3,0.2,0.333
'235',28,01,2013,5260.0,3.6,7.0,0.778,8.7,3.2,0.7,0.067
'235',29,01,2013,2710.0,6.7,9.4,1.029,9.9,2.1,0.4,0.108
'235',30,01,2013,3640.0,6.5,9.3,0.933,11.3,6.5,0.5,0.163
'235',31,01,2013,4640.0,6.0,9.6,0.871,10.9,4.2,0.6,0.046
'235',01,02,2013,1460.0,2.8,6.8,0.774,5.2,1.5,0.2,0.229
'235',02,02,2013,5730.0,2.8,5.9,0.671,5.9,2.4,0.7,0.079
'235',03,02,2013,1980.0,3.5,6.9,0.746,8.0,1.7,0.3,0.083
'235',04,02,2013,6290.0,6.0,8.1,0.822,8.9,1.2,0.8,0.208
'235',05,02,2013,4040.0,0.2,6.4,0.610,8.6,5.0,0.5,0.175
'235',06,02,2013,6250.0,0.3,6.3,0.634,4.7,1.7,0.7,0.092
'235',07,02,2013,4450.0,1.2,5.5,0.667,5.0,3.9,0.5,0.104
'235',08,02,2013,4110.0,-1.0,4.3,0.553,3.5,0.0,0.5,0.000
'235',09,02,2013,2280.0,-0.6,0.8,0.596,2.8,1.5,0.2,0.212
'235',10,02,2013,6410.0,-1.2,0.7,0.496,6.4,0.4,0.7,0.075
'235',11,02,2013,7480.0,-2.0,1.0,0.404,8.3,0.0,0.8,0.000
'235',12,02,2013,7810.0,-2.4,1.4,0.449,5.6,0.0,0.8,0.000
'235',13,02,2013,7250.0,-3.2,2.4,0.446,3.0,0.0,0.8,0.000
'235',14,02,2013,1530.0,-1.7,4.1,0.540,6.8,2.2,0.2,0.258
'235',15,02,2013,6480.0,1.4,7.3,0.789,2.8,0.0,0.8,0.000
'235',16,02,2013,3540.0,2.8,6.3,0.821,2.0,0.0,0.4,0.000
'235',17,02,2013,8490.0,0.5,5.1,0.662,2.8,0.0,1.0,0.000
'235',18,02,2013,4220.0,-0.1,4.1,0.627,1.8,0.0,0.5,0.000
'235',19,02,2013,2360.0,0.8,5.5,0.649,4.5,0.1,0.3,0.033
'235',20,02,2013,6040.0,-0.6,2.6,0.437,6.8,0.0,0.7,0.000
'235',21,02,2013,6060.0,-2.1,1.3,0.388,6.2,0.0,0.6,0.000
'235',22,02,2013,6310.0,-2.0,1.3,0.402,7.3,0.0,0.7,0.000
'235',23,02,2013,3280.0,-2.4,0.6,0.398,7.9,0.0,0.3,0.000
'235',24,02,2013,1260.0,0.4,1.5,0.588,7.0,0.7,0.1,0.208
'235',25,02,2013,2110.0,1.4,2.6,0.663,6.7,0.0,0.2,0.000
'235',26,02,2013,4740.0,0.9,3.6,0.679,6.0,0.0,0.5,0.000
'235',27,02,2013,7470.0,0.8,3.1,0.616,6.0,0.0,0.9,0.000
'235',28,02,2013,4260.0,1.4,4.3,0.686,2.2,0.0,0.5,0.000
'235',01,03,2013,3020.0,2.8,4.7,0.646,3.9,0.0,0.4,0.000
'235',02,03,2013,3740.0,2.5,4.2,0.620,3.0,0.3,0.4,0.021
'235',03,03,2013,6090.0,3.0,6.0,0.686,2.6,0.2,0.8,0.029
'235',04,03,2013,12740.0,0.7,8.5,0.627,4.2,0.0,1.6,0.000
'235',05,03,2013,12050.0,2.1,15.1,0.653,3.9,0.0,1.6,0.000
'235',06,03,2013,5280.0,4.6,11.6,0.774,2.6,0.0,0.7,0.000
'235',07,03,2013,4990.0,4.6,7.6,0.786,5.7,0.1,0.7,0.025
'235',08,03,2013,3600.0,3.4,7.0,0.807,7.0,0.1,0.5,0.021
'235',09,03,2013,1780.0,0.7,3.4,0.676,8.4,10.8,0.2,0.896
'235',10,03,2013,2400.0,-1.3,1.1,0.477,11.4,0.0,0.3,0.000
'235',11,03,2013,8930.0,-2.8,0.2,0.386,10.9,0.0,0.9,0.000
'235',12,03,2013,15020.0,-4.9,0.9,0.344,6.1,0.0,1.5,0.000
'235',13,03,2013,15060.0,-3.9,5.1,0.475,3.5,3.2,1.7,0.117
'235',14,03,2013,13120.0,-4.5,3.2,0.424,3.2,0.4,1.4,0.046
'235',15,03,2013,5130.0,-3.4,4.6,0.518,6.8,2.3,0.6,0.229
'235',16,03,2013,7870.0,0.9,7.8,0.573,8.4,3.4,1.0,0.142
'235',17,03,2013,8260.0,2.5,7.7,0.724,6.5,0.3,1.0,0.025
'235',18,03,2013,10100.0,0.7,7.0,0.720,4.2,4.9,1.2,0.312
'235',19,03,2013,6600.0,0.8,4.1,0.622,6.5,0.0,0.8,0.000
'235',20,03,2013,5120.0,-0.8,1.1,0.487,6.8,0.0,0.5,0.000
'235',21,03,2013,13820.0,-2.1,3.6,0.510,3.8,0.0,1.5,0.000
'235',22,03,2013,8820.0,-1.5,2.9,0.463,9.0,0.0,0.9,0.000
'235',23,03,2013,13170.0,-3.2,1.6,0.306,12.5,0.0,1.3,0.000
'235',24,03,2013,14340.0,-3.7,2.4,0.249,12.5,0.0,1.5,0.000
'235',25,03,2013,17180.0,-2.3,3.5,0.367,11.4,0.0,1.8,0.000
'235',26,03,2013,17430.0,-2.4,4.3,0.393,9.8,0.0,1.9,0.000
'235',27,03,2013,18470.0,-2.2,5.0,0.404,7.6,0.0,2.0,0.000
'235',28,03,2013,9980.0,-1.4,2.8,0.489,6.3,0.3,1.1,0.075
'235',29,03,2013,13000.0,-1.9,3.2,0.547,3.5,0.3,1.4,0.075
'235',30,03,2013,13870.0,-0.7,3.9,0.561,4.1,0.1,1.5,0.012
'235',31,03,2013,16670.0,-0.1,4.0,0.535,4.3,0.0,1.9,0.000
'235',01,04,2013,19830.0,-1.8,5.4,0.510,6.3,0.0,2.3,0.000
'235',02,04,2013,20030.0,-0.1,6.4,0.565,7.0,0.0,2.4,0.000
'235',03,04,2013,19470.0,0.2,6.8,0.518,9.1,0.0,2.3,0.000
'235',04,04,2013,9590.0,0.7,4.5,0.561,9.6,0.0,1.1,0.000
'235',05,04,2013,20240.0,1.3,6.3,0.583,7.6,0.0,2.4,0.000
'235',06,04,2013,20180.0,1.0,7.8,0.624,4.1,0.0,2.5,0.000
'235',07,04,2013,19550.0,-1.8,5.7,0.574,2.5,0.0,2.2,0.000
'235',08,04,2013,16580.0,1.2,8.6,0.685,7.5,0.0,2.1,0.000
'235',09,04,2013,16460.0,2.4,9.8,0.736,4.8,1.2,2.2,0.125
'235',10,04,2013,7230.0,3.0,6.9,0.800,3.5,0.7,0.9,0.075
'235',11,04,2013,3490.0,3.1,6.5,0.828,4.5,1.4,0.4,0.142
'235',12,04,2013,8210.0,3.7,12.0,0.965,5.5,3.1,1.1,0.075
'235',13,04,2013,15830.0,3.8,11.5,0.897,5.7,0.5,2.2,0.083
'235',14,04,2013,12700.0,10.2,19.7,1.259,7.6,0.2,2.1,0.033
'235',15,04,2013,16400.0,6.3,13.2,0.985,6.1,0.0,2.4,0.000
'235',16,04,2013,12920.0,5.0,12.6,0.983,7.7,0.0,1.8,0.000
'235',17,04,2013,11310.0,5.5,17.6,1.085,5.6,1.4,1.7,0.033
'235',18,04,2013,22120.0,6.8,18.1,1.138,11.5,0.0,3.1,0.000
'235',19,04,2013,15070.0,3.4,10.2,0.815,5.1,0.0,2.0,0.000
'235',20,04,2013,22980.0,2.5,9.7,0.719,4.7,0.0,3.0,0.000
'235',21,04,2013,19700.0,0.7,11.1,0.700,3.0,0.0,2.6,0.000
'235',22,04,2013,20990.0,0.2,12.5,0.738,6.3,0.0,2.9,0.000
'235',23,04,2013,17210.0,7.3,12.0,1.041,5.7,0.0,2.5,0.000
'235',24,04,2013,20120.0,6.8,14.4,1.147,5.8,0.0,2.9,0.000
'235',25,04,2013,13250.0,8.1,18.0,1.220,3.9,0.0,2.0,0.000
'235',26,04,2013,6370.0,4.9,8.6,0.888,3.9,0.0,0.8,0.000
'235',27,04,2013,22670.0,3.8,9.6,0.730,4.0,0.0,3.0,0.000
'235',28,04,2013,24710.0,-1.0,9.1,0.586,4.5,0.0,3.2,0.000
'235',29,04,2013,22810.0,6.0,10.3,0.900,7.6,1.5,3.2,0.150
'235',30,04,2013,22200.0,4.3,11.3,0.820,4.8,0.0,3.1,0.000
'235',01,05,2013,26510.0,4.6,12.1,0.731,5.9,0.0,3.7,0.000
'235',02,05,2013,16740.0,7.4,12.0,0.831,6.7,0.0,2.4,0.000
'235',03,05,2013,25220.0,4.9,15.9,0.878,2.5,0.0,3.8,0.000
'235',04,05,2013,23960.0,4.5,12.5,0.916,7.0,0.0,3.5,0.000
'235',05,05,2013,25970.0,6.6,16.8,1.033,3.9,0.0,3.9,0.000
'235',06,05,2013,25080.0,8.2,19.3,1.098,3.0,0.0,4.0,0.000
'235',07,05,2013,22710.0,9.5,21.6,1.334,4.7,0.0,3.7,0.000
'235',08,05,2013,13350.0,10.3,20.7,1.457,5.5,0.2,2.2,0.017
'235',09,05,2013,26400.0,9.3,13.3,0.981,7.7,0.0,4.0,0.000
'235',10,05,2013,17250.0,9.3,13.4,1.157,10.1,0.0,2.6,0.000
'235',11,05,2013,14960.0,8.3,12.1,1.110,7.8,4.2,2.2,0.158
'235',12,05,2013,16210.0,7.6,11.3,1.021,6.6,0.9,2.3,0.079
'235',13,05,2013,13450.0,6.4,12.6,0.997,6.5,3.7,2.0,0.146
'235',14,05,2013,20890.0,6.6,12.2,0.937,6.1,0.2,3.0,0.062
'235',15,05,2013,16240.0,5.7,14.4,0.905,6.5,0.1,2.4,0.029
'235',16,05,2013,6740.0,4.0,12.0,0.896,4.0,4.1,1.0,0.192
'235',17,05,2013,5170.0,8.4,10.2,1.087,3.8,0.4,0.7,0.058
'235',18,05,2013,12240.0,5.5,12.1,0.980,4.9,0.0,1.7,0.000
'235',19,05,2013,15120.0,4.4,14.1,0.947,3.2,0.0,2.2,0.000
'235',20,05,2013,6340.0,9.2,14.1,1.297,2.0,4.5,0.9,0.088
'235',21,05,2013,3570.0,8.5,10.1,1.099,5.0,1.9,0.5,0.108
'235',22,05,2013,20100.0,6.2,11.7,0.853,7.0,0.0,2.9,0.000
'235',23,05,2013,23410.0,5.0,10.8,0.771,5.9,1.9,3.2,0.033
'235',24,05,2013,12990.0,4.3,11.5,0.814,5.1,7.8,1.8,0.137
'235',25,05,2013,13720.0,5.6,11.3,0.932,5.5,4.1,1.9,0.250
'235',26,05,2013,15590.0,7.8,10.8,0.990,7.0,0.4,2.2,0.079
'235',27,05,2013,30090.0,6.8,15.2,0.867,4.0,0.0,4.6,0.000
'235',28,05,2013,29230.0,9.6,17.7,1.128,5.9,0.0,4.7,0.000
'235',29,05,2013,19100.0,9.7,14.9,1.267,3.7,2.5,3.0,0.050
'235',30,05,2013,10730.0,10.5,14.7,1.343,3.0,0.0,1.6,0.000
'235',31,05,2013,26140.0,8.8,17.5,1.273,5.7,0.0,4.1,0.000
'235',01,06,2013,13800.0,8.6,12.6,1.088,6.0,0.0,2.0,0.000
'235',02,06,2013,30560.0,8.5,14.4,0.980,4.2,0.0,4.6,0.000
'235',03,06,2013,19750.0,8.8,13.5,0.981,5.0,0.0,3.0,0.000
'235',04,06,2013,28640.0,9.6,17.6,1.200,4.6,0.0,4.5,0.000
'235',05,06,2013,30150.0,9.1,16.1,1.218,4.8,0.0,4.7,0.000
'235',06,06,2013,28850.0,10.8,16.8,1.267,6.5,0.0,4.6,0.000
'235',07,06,2013,28910.0,10.8,16.0,1.225,7.0,0.0,4.6,0.000
'235',08,06,2013,18350.0,10.5,14.6,1.108,6.2,0.0,2.8,0.000
'235',09,06,2013,10300.0,9.7,13.0,1.028,5.1,0.0,1.6,0.000
'235',10,06,2013,9380.0,9.0,13.5,0.949,2.8,0.0,1.4,0.000
'235',11,06,2013,20440.0,9.0,18.7,1.064,2.2,0.0,3.3,0.000
'235',12,06,2013,14800.0,14.5,19.3,1.597,7.1,5.9,2.5,0.183
'235',13,06,2013,18300.0,11.6,16.2,1.333,10.5,0.9,3.0,0.037
'235',14,06,2013,23410.0,10.0,15.5,1.129,5.8,0.0,3.7,0.000
'235',15,06,2013,22080.0,11.1,15.9,1.236,8.7,6.1,3.5,0.079
'235',16,06,2013,23950.0,8.5,15.6,1.160,6.4,0.0,3.8,0.000
'235',17,06,2013,20510.0,7.4,18.2,1.131,5.1,0.0,3.4,0.000
'235',18,06,2013,21500.0,14.3,23.5,1.773,3.3,0.0,3.8,0.000
'235',19,06,2013,12480.0,14.2,22.4,1.784,2.9,0.0,2.2,0.000
'235',20,06,2013,11540.0,14.3,19.1,1.764,4.1,1.0,2.0,0.050
'235',21,06,2013,2550.0,13.1,17.2,1.671,5.6,26.6,0.4,0.588
'235',22,06,2013,11770.0,13.1,16.8,1.518,9.8,3.4,1.9,0.117
'235',23,06,2013,16670.0,12.8,16.3,1.447,9.0,1.6,2.7,0.029
'235',24,06,2013,10060.0,11.1,15.0,1.310,6.0,0.1,1.6,0.012
'235',25,06,2013,27980.0,8.0,16.4,1.062,3.7,0.0,4.4,0.000
'235',26,06,2013,23830.0,7.7,16.3,1.113,4.2,0.0,3.8,0.000
'235',27,06,2013,13490.0,10.7,14.8,1.167,5.8,0.6,2.1,0.008
'235',28,06,2013,9400.0,11.5,15.7,1.372,6.5,7.8,1.5,0.229
'235',29,06,2013,23770.0,11.1,16.3,1.219,5.3,0.0,3.8,0.000
'235',30,06,2013,23320.0,11.5,18.5,1.409,5.8,0.0,3.9,0.000
'235',01,07,2013,16270.0,9.6,16.6,1.245,4.8,0.0,2.6,0.000
'235',02,07,2013,20840.0,8.1,18.7,1.151,2.8,0.9,3.5,0.071
'235',03,07,2013,11810.0,13.3,17.2,1.598,4.6,3.9,2.0,0.183
'235',04,07,2013,20400.0,14.6,19.8,1.701,5.4,0.0,3.4,0.000
'235',05,07,2013,27750.0,14.1,20.4,1.521,3.6,0.0,4.8,0.000
'235',06,07,2013,28910.0,14.3,21.8,1.505,4.1,0.0,5.1,0.000
'235',07,07,2013,29250.0,15.3,21.4,1.612,4.4,0.0,5.1,0.000
'235',08,07,2013,27920.0,15.1,20.7,1.552,5.6,0.0,4.8,0.000
'235',09,07,2013,28700.0,14.1,19.8,1.517,4.3,0.0,4.9,0.000
'235',10,07,2013,12890.0,13.8,17.9,1.391,4.6,0.0,2.1,0.000
'235',11,07,2013,14260.0,13.5,16.8,1.198,3.8,0.0,2.3,0.000
'235',12,07,2013,10560.0,13.4,17.0,1.440,3.2,0.0,1.7,0.000
'235',13,07,2013,14940.0,14.1,18.0,1.429,2.4,0.0,2.5,0.000
'235',14,07,2013,22520.0,13.3,19.3,1.471,2.5,0.0,3.8,0.000
'235',15,07,2013,28580.0,11.9,21.8,1.526,2.0,0.0,4.9,0.000
'235',16,07,2013,22670.0,11.1,22.0,1.392,2.0,0.0,3.9,0.000
'235',17,07,2013,26490.0,13.6,21.8,1.678,3.1,0.0,4.7,0.000
'235',18,07,2013,26380.0,15.4,21.7,1.735,4.2,0.0,4.7,0.000
'235',19,07,2013,27190.0,15.9,23.4,1.798,4.0,0.0,4.9,0.000
'235',20,07,2013,14070.0,16.5,21.5,1.821,5.1,0.0,2.5,0.000
'235',21,07,2013,27770.0,17.5,25.3,1.950,5.2,0.0,5.2,0.000
'235',22,07,2013,26420.0,18.7,27.8,2.133,3.1,0.0,5.0,0.000
'235',23,07,2013,25370.0,19.1,27.9,2.172,3.4,0.0,4.9,0.000
'235',24,07,2013,14360.0,14.7,23.6,1.828,3.8,0.0,2.5,0.000
'235',25,07,2013,19770.0,13.5,25.8,1.731,2.5,0.4,3.6,0.012
'235',26,07,2013,12420.0,14.9,23.7,1.933,2.7,2.2,2.2,0.042
'235',27,07,2013,10570.0,18.0,22.6,2.167,3.3,6.3,1.9,0.092
'235',28,07,2013,21180.0,15.8,21.1,1.735,7.0,2.6,3.8,0.042
'235',29,07,2013,24830.0,17.1,21.1,1.775,7.1,0.1,4.4,0.012
'235',30,07,2013,12920.0,15.1,20.3,1.776,7.1,13.5,2.2,0.267
'235',31,07,2013,15240.0,15.2,19.9,1.784,5.1,0.1,2.7,0.029
'235',01,08,2013,23520.0,18.6,29.7,2.124,3.5,0.0,4.6,0.000
'235',02,08,2013,21430.0,19.2,29.8,2.181,4.1,0.0,4.1,0.000
'235',03,08,2013,25930.0,15.8,21.1,1.652,7.0,0.0,4.6,0.000
'235',04,08,2013,24510.0,13.4,22.3,1.409,3.7,0.0,4.4,0.000
'235',05,08,2013,20960.0,14.8,27.5,1.570,2.9,0.8,3.9,0.012
'235',06,08,2013,19390.0,15.2,19.6,1.573,4.4,0.0,3.4,0.000
'235',07,08,2013,8070.0,15.5,19.1,1.529,5.6,2.5,1.4,0.142
'235',08,08,2013,24480.0,12.0,19.9,1.329,3.5,0.0,4.2,0.000
'235',09,08,2013,13790.0,11.9,21.3,1.528,4.7,1.5,2.4,0.071
'235',10,08,2013,17490.0,14.5,18.3,1.388,5.6,0.0,3.0,0.000
'235',11,08,2013,18870.0,13.4,20.8,1.362,5.0,7.8,3.2,0.033
'235',12,08,2013,18530.0,14.7,18.7,1.357,6.0,0.0,3.2,0.000
'235',13,08,2013,19710.0,13.7,18.6,1.304,5.5,0.2,3.3,0.008
'235',14,08,2013,24310.0,10.6,19.3,1.090,3.0,0.0,4.1,0.000
'235',15,08,2013,13190.0,10.6,21.0,1.452,5.8,2.2,2.3,0.108
'235',16,08,2013,14050.0,16.2,21.8,1.793,5.2,0.3,2.5,0.071
'235',17,08,2013,14910.0,16.3,20.9,1.801,6.9,0.9,2.6,0.033
'235',18,08,2013,15630.0,13.9,20.6,1.670,6.4,0.8,2.7,0.058
'235',19,08,2013,16460.0,13.7,19.6,1.505,3.3,14.8,2.8,0.154
'235',20,08,2013,19340.0,11.9,20.3,1.319,3.0,0.0,3.3,0.000
'235',21,08,2013,19080.0,11.8,21.5,1.402,2.4,0.0,3.3,0.000
'235',22,08,2013,11820.0,12.6,21.3,1.611,2.0,0.0,2.0,0.000
'235',23,08,2013,20720.0,12.4,24.2,1.560,3.3,0.0,3.7,0.000
'235',24,08,2013,14680.0,17.3,23.7,1.817,4.5,0.4,2.7,0.017
'235',25,08,2013,16440.0,16.9,23.4,1.892,4.8,0.0,3.0,0.000
'235',26,08,2013,21980.0,15.4,22.1,1.520,5.9,0.0,3.9,0.000
'235',27,08,2013,21440.0,14.1,22.2,1.507,3.8,0.0,3.8,0.000
'235',28,08,2013,18860.0,12.8,21.7,1.526,3.3,0.0,3.3,0.000
'235',29,08,2013,18280.0,10.4,21.2,1.395,3.2,0.0,3.1,0.000
'235',30,08,2013,15140.0,13.8,22.0,1.719,4.9,0.0,2.7,0.000
'235',31,08,2013,17310.0,14.3,19.4,1.286,5.3,0.0,3.0,0.000
'235',01,09,2013,8230.0,14.3,16.9,1.183,6.8,0.0,1.4,0.000
'235',02,09,2013,8780.0,15.6,18.9,1.604,7.6,0.0,1.5,0.000
'235',03,09,2013,16520.0,15.2,21.5,1.796,2.7,0.0,2.9,0.000
'235',04,09,2013,17950.0,15.5,23.4,1.879,3.5,0.0,3.2,0.000
'235',05,09,2013,18270.0,16.8,30.3,1.856,3.8,0.0,3.5,0.000
'235',06,09,2013,12980.0,13.8,22.0,1.719,3.3,0.3,2.3,0.021
'235',07,09,2013,5480.0,12.9,19.4,1.470,1.9,0.0,0.9,0.000
'235',08,09,2013,13430.0,11.9,18.8,1.375,2.6,8.8,2.2,0.263
'235',09,09,2013,11810.0,10.5,18.1,1.308,2.9,2.7,1.9,0.071
'235',10,09,2013,8090.0,10.9,16.7,1.315,5.6,40.9,1.3,0.438
'235',11,09,2013,14720.0,13.8,19.2,1.496,4.9,3.8,2.5,0.054
'235',12,09,2013,6440.0,10.8,18.2,1.424,2.1,7.0,1.1,0.100
'235',13,09,2013,4980.0,10.5,16.7,1.416,3.9,3.3,0.8,0.112
'235',14,09,2013,4280.0,13.1,16.8,1.417,5.3,18.8,0.7,0.483
'235',15,09,2013,9720.0,12.0,16.2,1.194,8.0,24.7,1.6,0.288
'235',16,09,2013,11910.0,9.6,14.4,0.940,9.4,4.4,1.9,0.067
'235',17,09,2013,10470.0,9.2,15.0,1.065,7.9,2.1,1.6,0.258
'235',18,09,2013,13370.0,8.0,16.3,1.046,4.2,0.0,2.1,0.000
'235',19,09,2013,6100.0,11.2,15.4,1.164,6.4,7.6,1.0,0.137
'235',20,09,2013,9440.0,10.8,17.0,1.242,4.8,0.2,1.5,0.008
'235',21,09,2013,6010.0,9.9,17.8,1.297,4.1,0.0,1.0,0.000
'235',22,09,2013,12010.0,14.3,19.3,1.773,4.4,0.0,2.0,0.000
'235',23,09,2013,6760.0,12.0,17.9,1.566,2.5,0.0,1.1,0.000
'235',24,09,2013,5570.0,10.1,17.3,1.338,1.7,0.0,0.9,0.000
'235',25,09,2013,4810.0,13.5,16.5,1.527,2.3,0.0,0.8,0.000
'235',26,09,2013,10430.0,11.5,15.8,1.113,5.2,0.0,1.7,0.000
'235',27,09,2013,15020.0,9.5,15.4,1.061,3.5,0.0,2.3,0.000
'235',28,09,2013,14440.0,9.6,16.4,1.064,6.3,0.0,2.3,0.000
'235',29,09,2013,14300.0,9.8,16.0,1.003,8.5,0.0,2.2,0.000
'235',30,09,2013,13460.0,8.3,15.0,0.974,7.0,0.0,2.0,0.000
'235',01,10,2013,14000.0,7.4,14.7,0.918,6.2,0.0,2.1,0.000
'235',02,10,2013,11010.0,7.8,14.5,0.903,7.2,0.0,1.6,0.000
'235',03,10,2013,11830.0,7.8,15.5,0.846,6.6,0.1,1.8,0.008
'235',04,10,2013,7400.0,11.1,21.0,1.536,7.4,6.2,1.2,0.100
'235',05,10,2013,7410.0,11.1,17.6,1.452,3.0,0.0,1.2,0.000
'235',06,10,2013,11420.0,8.6,17.4,1.173,2.9,0.0,1.8,0.000
'235',07,10,2013,11730.0,7.8,18.1,1.290,2.9,0.0,1.8,0.000
'235',08,10,2013,8810.0,10.5,17.9,1.490,4.4,0.0,1.5,0.000
'235',09,10,2013,4260.0,8.5,15.5,1.062,5.9,0.7,0.7,0.042
'235',10,10,2013,5810.0,6.4,12.5,0.983,3.5,9.6,0.8,0.238
'235',11,10,2013,880.0,8.9,13.6,1.172,10.0,3.7,0.1,0.217
'235',12,10,2013,5290.0,8.0,13.0,1.138,2.9,5.6,0.8,0.171
'235',13,10,2013,1660.0,7.7,10.3,1.040,8.7,12.4,0.2,0.546
'235',14,10,2013,2290.0,8.9,11.1,1.139,4.6,5.2,0.3,0.163
'235',15,10,2013,4820.0,5.5,12.8,1.043,2.5,10.8,0.7,0.263
'235',16,10,2013,4810.0,7.0,14.6,1.125,3.6,1.3,0.7,0.158
'235',17,10,2013,4790.0,10.8,14.4,1.144,9.1,0.0,0.8,0.000
'235',18,10,2013,5980.0,5.7,14.1,1.016,3.3,0.0,0.9,0.000
'235',19,10,2013,3950.0,9.6,14.7,1.255,5.5,2.7,0.6,0.171
'235',20,10,2013,4630.0,13.1,16.6,1.509,6.7,1.7,0.8,0.025
'235',21,10,2013,4190.0,13.9,16.9,1.549,7.8,0.0,0.7,0.000
'235',22,10,2013,6430.0,13.2,21.2,1.610,6.2,0.2,1.1,0.008
'235',23,10,2013,5610.0,12.5,18.0,1.379,9.5,0.0,0.9,0.000
'235',24,10,2013,8790.0,9.3,15.5,1.041,5.1,0.0,1.4,0.000
'235',25,10,2013,1670.0,10.6,16.9,1.367,6.8,0.0,0.3,0.000
'235',26,10,2013,4990.0,14.5,16.7,1.502,9.5,0.0,0.8,0.000
'235',27,10,2013,4920.0,11.2,15.7,1.265,12.1,11.6,0.8,0.171
'235',28,10,2013,3110.0,11.1,16.1,1.212,14.2,9.6,0.5,0.246
'235',29,10,2013,4540.0,8.9,13.1,0.961,9.5,2.8,0.7,0.067
'235',30,10,2013,7040.0,8.6,13.5,0.960,7.2,0.0,1.1,0.000
'235',31,10,2013,2030.0,8.8,13.2,1.141,8.3,4.1,0.3,0.179
'235',01,11,2013,2430.0,10.2,13.7,1.290,6.7,18.7,0.4,0.238
'235',02,11,2013,1700.0,8.5,13.2,1.154,5.4,0.7,0.3,0.096
'235',03,11,2013,5610.0,7.3,12.7,0.820,11.7,1.1,0.8,0.021
'235',04,11,2013,3250.0,7.2,10.3,0.909,5.8,10.4,0.5,0.392
'235',05,11,2013,1580.0,6.2,10.8,0.865,7.6,3.6,0.2,0.167
'235',06,11,2013,2000.0,7.5,14.3,1.027,7.1,4.5,0.3,0.212
'235',07,11,2013,4470.0,9.3,14.4,1.053,5.8,0.2,0.7,0.012
'235',08,11,2013,3020.0,7.8,12.0,1.025,4.1,0.0,0.4,0.000
'235',09,11,2013,3780.0,4.6,10.7,0.818,7.5,17.1,0.5,0.317
'235',10,11,2013,4280.0,5.0,10.6,0.778,4.5,9.2,0.6,0.250
'235',11,11,2013,3100.0,2.2,10.0,0.751,5.8,0.5,0.4,0.062
'235',12,11,2013,1700.0,7.0,11.2,1.006,5.5,2.9,0.2,0.292
'235',13,11,2013,5030.0,7.9,11.5,0.883,4.3,0.0,0.7,0.000
'235',14,11,2013,2380.0,7.0,10.7,0.924,5.7,8.9,0.3,0.183
'235',15,11,2013,4600.0,2.7,10.9,0.842,2.3,0.0,0.6,0.000
'235',16,11,2013,4230.0,2.6,11.1,0.795,4.0,0.0,0.6,0.000
'235',17,11,2013,1790.0,7.7,10.8,1.079,1.4,0.0,0.3,0.000
'235',18,11,2013,1550.0,5.6,9.3,0.952,2.7,0.5,0.2,0.088
'235',19,11,2013,2280.0,3.9,9.3,0.794,3.3,4.9,0.3,0.279
'235',20,11,2013,2190.0,1.6,6.9,0.666,6.4,0.9,0.3,0.117
'235',21,11,2013,4540.0,1.0,5.7,0.643,5.6,0.0,0.6,0.000
'235',22,11,2013,1680.0,0.7,7.1,0.659,5.3,0.4,0.2,0.029
'235',23,11,2013,4850.0,4.4,8.2,0.794,2.3,0.4,0.6,0.012
'235',24,11,2013,1780.0,5.6,8.7,0.754,4.5,0.0,0.2,0.000
'235',25,11,2013,2870.0,5.0,8.4,0.789,3.9,1.7,0.4,0.083
'235',26,11,2013,2100.0,5.0,8.7,0.776,2.5,0.0,0.3,0.000
'235',27,11,2013,640.0,7.0,9.7,1.017,4.0,0.2,0.1,0.033
'235',28,11,2013,1920.0,7.1,10.7,0.995,3.0,0.1,0.3,0.012
'235',29,11,2013,740.0,6.0,9.7,0.831,9.0,3.8,0.1,0.096
'235',30,11,2013,2720.0,6.6,9.9,0.845,4.1,0.7,0.4,0.025
'235',01,12,2013,1280.0,6.3,9.6,0.881,3.7,0.0,0.2,0.000
'235',02,12,2013,3340.0,-0.1,9.2,0.662,1.4,0.0,0.4,0.000
'235',03,12,2013,1820.0,0.3,7.9,0.677,3.0,0.0,0.2,0.000
'235',04,12,2013,1110.0,6.8,9.4,0.850,6.6,0.4,0.2,0.062
'235',05,12,2013,350.0,2.6,9.5,0.645,13.7,3.2,0.0,0.075
'235',06,12,2013,2380.0,2.2,6.1,0.512,10.8,1.5,0.3,0.046
'235',07,12,2013,810.0,4.2,8.2,0.769,5.8,1.5,0.1,0.017
'235',08,12,2013,1690.0,7.7,9.8,0.991,8.5,0.0,0.2,0.000
'235',09,12,2013,2290.0,7.3,10.2,1.022,6.3,0.0,0.3,0.000
'235',10,12,2013,3580.0,2.3,8.5,0.795,3.8,0.0,0.5,0.000
'235',11,12,2013,3860.0,-0.7,7.0,0.669,3.0,0.0,0.4,0.000
'235',12,12,2013,3150.0,-0.1,5.2,0.684,5.0,0.0,0.4,0.000
'235',13,12,2013,2590.0,1.9,6.2,0.741,4.6,0.3,0.3,0.033
'235',14,12,2013,3380.0,4.9,8.5,0.856,6.5,4.3,0.5,0.188
'235',15,12,2013,1820.0,7.0,10.2,0.999,9.9,3.6,0.3,0.150
'235',16,12,2013,1420.0,8.2,10.6,0.987,10.4,0.3,0.2,0.062
'235',17,12,2013,1460.0,5.4,8.2,0.914,3.0,3.7,0.2,0.288
'235',18,12,2013,1850.0,5.4,9.2,0.902,7.4,0.3,0.3,0.029
'235',19,12,2013,2610.0,1.5,9.2,0.747,6.8,5.2,0.3,0.150
'235',20,12,2013,3100.0,4.5,8.2,0.769,9.0,0.1,0.4,0.017
'235',21,12,2013,540.0,7.1,8.8,0.960,13.6,7.5,0.1,0.433
'235',22,12,2013,1180.0,6.6,9.5,0.921,10.7,2.5,0.2,0.075
'235',23,12,2013,1600.0,6.1,10.7,0.903,11.5,2.9,0.2,0.296
'235',24,12,2013,390.0,7.2,11.5,0.988,13.1,7.9,0.1,0.283
'235',25,12,2013,2790.0,1.9,8.1,0.748,6.3,0.9,0.4,0.062
'235',26,12,2013,1240.0,2.1,7.2,0.761,4.3,0.0,0.2,0.000
'235',27,12,2013,440.0,3.3,9.8,0.812,12.5,5.4,0.1,0.221
'235',28,12,2013,3060.0,6.2,8.9,0.901,7.0,0.0,0.4,0.000
'235',29,12,2013,2970.0,6.1,7.9,0.810,6.5,0.0,0.4,0.000
'235',30,12,2013,1650.0,3.4,7.8,0.790,10.2,2.3,0.2,0.125
'235',31,12,2013,1690.0,5.5,8.6,0.859,7.6,3.0,0.2,0.200
