* Source of data    : Royal Netherlands Meterological Institute (www.knmi.nl)
* File content      : Meteo from www.knmi.nl; input file for Swap 3.2 (www.swap.alterra.nl)
* File generated by : Alterra - Wageningen-UR (www.alterra.wur.nl)
* File generated at : 2016-12-19 15:22:13
station,DD,MM,YYYY,Rad,Tmin,Tmax,Hum,Wind,Rain,ETref,Wet 
'235',01,01,2012,1560.0,8.8,10.7,1.157,8.0,18.0,0.2,0.283
'235',02,01,2012,2740.0,5.9,8.9,0.829,7.3,0.0,0.4,0.000
'235',03,01,2012,520.0,4.9,9.0,0.829,14.3,18.6,0.1,0.325
'235',04,01,2012,2250.0,6.3,8.5,0.801,12.6,4.2,0.3,0.221
'235',05,01,2012,1470.0,4.6,9.5,0.752,13.3,4.1,0.2,0.079
'235',06,01,2012,2890.0,5.3,8.3,0.776,8.3,0.6,0.4,0.021
'235',07,01,2012,1570.0,6.7,9.0,0.889,9.2,1.8,0.2,0.129
'235',08,01,2012,1830.0,3.8,8.4,0.789,6.2,0.0,0.2,0.000
'235',09,01,2012,920.0,6.3,8.9,0.956,5.8,1.1,0.1,0.112
'235',10,01,2012,2430.0,4.1,8.9,0.868,4.4,0.0,0.3,0.000
'235',11,01,2012,1910.0,7.8,9.2,1.042,6.3,0.8,0.3,0.062
'235',12,01,2012,1320.0,5.3,9.6,0.858,9.6,0.8,0.2,0.025
'235',13,01,2012,3150.0,3.9,6.9,0.624,6.6,0.8,0.4,0.021
'235',14,01,2012,3470.0,0.8,7.0,0.574,2.9,0.0,0.4,0.000
'235',15,01,2012,3560.0,0.1,6.2,0.664,1.7,0.0,0.4,0.000
'235',16,01,2012,4300.0,-2.5,4.3,0.542,1.6,0.0,0.5,0.000
'235',17,01,2012,4250.0,-4.5,6.4,0.547,2.8,0.0,0.5,0.000
'235',18,01,2012,750.0,-1.9,8.2,0.678,6.8,3.4,0.1,0.192
'235',19,01,2012,2190.0,4.8,8.2,0.826,7.2,3.3,0.3,0.121
'235',20,01,2012,2940.0,3.5,6.6,0.661,7.5,0.7,0.4,0.017
'235',21,01,2012,2200.0,5.3,9.4,0.853,10.6,5.3,0.3,0.283
'235',22,01,2012,1980.0,5.4,8.6,0.816,11.2,1.7,0.3,0.121
'235',23,01,2012,3900.0,4.7,7.4,0.747,6.3,0.0,0.5,0.000
'235',24,01,2012,2230.0,0.7,6.8,0.662,3.0,0.2,0.3,0.012
'235',25,01,2012,2020.0,2.0,4.7,0.711,5.1,0.0,0.2,0.000
'235',26,01,2012,890.0,3.2,5.9,0.807,6.3,3.3,0.1,0.246
'235',27,01,2012,4470.0,0.7,7.6,0.724,4.6,0.1,0.5,0.004
'235',28,01,2012,2350.0,0.6,4.7,0.701,2.6,0.0,0.3,0.000
'235',29,01,2012,2180.0,-1.4,1.7,0.503,5.3,0.0,0.2,0.000
'235',30,01,2012,780.0,-3.1,-1.1,0.438,5.4,0.3,0.1,0.054
'235',31,01,2012,5690.0,-4.8,-2.1,0.344,8.2,0.0,0.5,0.000
'235',01,02,2012,6490.0,-5.1,-1.3,0.291,9.8,0.0,0.6,0.000
'235',02,02,2012,6660.0,-7.7,-3.4,0.223,6.8,0.0,0.6,0.000
'235',03,02,2012,3850.0,-13.9,3.1,0.278,3.3,5.1,0.3,0.142
'235',04,02,2012,8110.0,-17.6,-6.7,0.193,2.3,0.0,0.5,0.000
'235',05,02,2012,4500.0,-8.5,-5.1,0.254,4.1,0.0,0.4,0.000
'235',06,02,2012,7050.0,-10.4,-4.7,0.229,3.3,0.0,0.6,0.000
'235',07,02,2012,7210.0,-11.9,-2.3,0.226,6.0,0.0,0.6,0.000
'235',08,02,2012,2980.0,-4.3,-2.1,0.370,7.8,0.0,0.3,0.000
'235',09,02,2012,2210.0,-5.1,1.7,0.443,4.0,0.0,0.2,0.000
'235',10,02,2012,7920.0,-6.8,-2.9,0.299,5.2,0.0,0.7,0.000
'235',11,02,2012,8030.0,-9.4,-3.6,0.263,2.5,0.0,0.6,0.000
'235',12,02,2012,1990.0,-9.3,3.4,0.400,2.9,0.5,0.2,0.062
'235',13,02,2012,2970.0,2.3,4.8,0.745,4.0,2.6,0.4,0.183
'235',14,02,2012,3680.0,3.3,5.6,0.761,5.8,0.6,0.5,0.071
'235',15,02,2012,4840.0,4.3,6.6,0.789,6.6,0.8,0.6,0.088
'235',16,02,2012,3700.0,4.2,6.0,0.841,5.3,0.7,0.5,0.112
'235',17,02,2012,7320.0,4.0,6.9,0.850,5.4,0.4,0.9,0.042
'235',18,02,2012,4320.0,3.5,7.5,0.822,8.7,3.7,0.6,0.117
'235',19,02,2012,8250.0,0.9,5.5,0.598,6.4,0.0,1.0,0.000
'235',20,02,2012,8410.0,-1.1,5.9,0.561,6.9,0.0,1.0,0.000
'235',21,02,2012,6600.0,4.7,7.3,0.838,8.4,1.0,0.9,0.142
'235',22,02,2012,4360.0,4.4,6.6,0.792,11.0,1.9,0.6,0.100
'235',23,02,2012,5110.0,5.6,9.4,0.976,7.5,0.0,0.7,0.000
'235',24,02,2012,5900.0,3.1,8.7,0.855,6.3,0.1,0.8,0.004
'235',25,02,2012,9900.0,3.5,7.6,0.798,5.1,0.0,1.3,0.000
'235',26,02,2012,5570.0,0.6,8.0,0.744,3.4,0.0,0.7,0.000
'235',27,02,2012,4120.0,3.7,7.1,0.845,6.4,0.1,0.5,0.025
'235',28,02,2012,1980.0,6.3,7.6,0.977,5.5,0.0,0.3,0.000
'235',29,02,2012,2830.0,6.0,7.4,0.961,4.1,0.0,0.4,0.000
'235',01,03,2012,4160.0,3.4,9.0,0.919,2.5,0.0,0.5,0.000
'235',02,03,2012,5990.0,-0.2,5.9,0.730,3.0,0.0,0.7,0.000
'235',03,03,2012,2920.0,5.8,10.5,1.026,5.3,0.5,0.4,0.050
'235',04,03,2012,5060.0,3.0,9.9,0.879,3.9,0.6,0.7,0.150
'235',05,03,2012,2680.0,5.3,7.8,0.832,4.9,2.0,0.4,0.238
'235',06,03,2012,5420.0,1.0,8.6,0.662,3.1,0.0,0.7,0.000
'235',07,03,2012,1320.0,1.2,6.9,0.726,7.7,11.9,0.2,0.367
'235',08,03,2012,12130.0,3.5,8.2,0.784,5.1,0.0,1.6,0.000
'235',09,03,2012,7770.0,5.5,8.6,0.879,7.2,0.0,1.0,0.000
'235',10,03,2012,8460.0,6.6,10.0,0.978,5.2,0.1,1.2,0.004
'235',11,03,2012,13120.0,4.5,10.9,0.921,4.0,0.0,1.8,0.000
'235',12,03,2012,9780.0,5.2,10.4,0.977,2.7,0.0,1.3,0.000
'235',13,03,2012,2570.0,6.0,8.3,0.908,2.3,0.0,0.3,0.000
'235',14,03,2012,3740.0,3.9,7.5,0.726,1.6,0.0,0.5,0.000
'235',15,03,2012,13710.0,1.7,13.8,0.778,2.5,0.0,1.9,0.000
'235',16,03,2012,3780.0,4.6,7.9,0.869,5.4,0.0,0.5,0.000
'235',17,03,2012,9810.0,5.8,10.7,0.892,5.4,0.6,1.4,0.042
'235',18,03,2012,5190.0,3.5,8.4,0.844,4.5,1.9,0.7,0.150
'235',19,03,2012,15180.0,2.0,8.8,0.765,4.5,0.0,2.0,0.000
'235',20,03,2012,13190.0,4.7,9.8,0.882,5.5,0.0,1.8,0.000
'235',21,03,2012,15280.0,3.3,11.8,0.834,3.2,0.0,2.1,0.000
'235',22,03,2012,15410.0,5.5,13.5,1.015,4.5,0.0,2.2,0.000
'235',23,03,2012,16000.0,6.4,13.6,1.046,4.3,0.0,2.3,0.000
'235',24,03,2012,15010.0,4.9,11.2,0.955,4.1,0.0,2.1,0.000
'235',25,03,2012,15220.0,4.6,11.9,0.949,3.6,0.0,2.1,0.000
'235',26,03,2012,16610.0,3.5,13.4,0.790,2.8,0.0,2.3,0.000
'235',27,03,2012,14330.0,4.2,14.8,0.930,2.0,0.0,2.0,0.000
'235',28,03,2012,17690.0,2.7,13.4,0.831,3.1,0.0,2.5,0.000
'235',29,03,2012,10150.0,5.0,10.5,0.900,6.1,0.0,1.4,0.000
'235',30,03,2012,8480.0,6.6,9.4,0.971,6.5,0.0,1.2,0.000
'235',31,03,2012,12630.0,3.6,8.8,0.689,5.8,0.0,1.7,0.000
'235',01,04,2012,13380.0,3.5,9.0,0.718,5.7,0.0,1.8,0.000
'235',02,04,2012,12050.0,3.6,11.3,0.835,2.6,0.0,1.6,0.000
'235',03,04,2012,11120.0,4.2,11.5,0.893,2.5,0.0,1.5,0.000
'235',04,04,2012,3990.0,4.9,7.3,0.816,8.0,0.0,0.5,0.000
'235',05,04,2012,16980.0,3.7,8.3,0.691,6.8,0.0,2.2,0.000
'235',06,04,2012,11940.0,-0.7,7.7,0.591,4.6,0.6,1.5,0.075
'235',07,04,2012,9100.0,2.4,7.1,0.574,3.9,0.0,1.1,0.000
'235',08,04,2012,11750.0,-1.7,8.5,0.559,5.4,4.3,1.5,0.083
'235',09,04,2012,4630.0,7.7,9.5,1.059,8.2,6.2,0.6,0.537
'235',10,04,2012,16980.0,6.2,10.7,0.917,8.1,2.0,2.4,0.167
'235',11,04,2012,18900.0,3.0,10.6,0.818,4.5,0.0,2.6,0.000
'235',12,04,2012,21890.0,-0.5,11.9,0.695,2.3,0.0,2.9,0.000
'235',13,04,2012,21030.0,2.8,10.9,0.769,2.4,0.0,2.8,0.000
'235',14,04,2012,16470.0,1.7,10.6,0.699,3.4,0.0,2.2,0.000
'235',15,04,2012,17410.0,4.6,9.6,0.635,6.1,0.0,2.3,0.000
'235',16,04,2012,16760.0,-0.4,8.9,0.515,4.3,0.2,2.1,0.008
'235',17,04,2012,7620.0,-1.6,9.2,0.585,7.7,2.7,1.0,0.200
'235',18,04,2012,13240.0,4.9,12.1,0.859,6.8,1.8,1.8,0.083
'235',19,04,2012,7390.0,5.6,12.4,0.881,5.7,0.2,1.0,0.025
'235',20,04,2012,14010.0,4.0,11.1,0.876,5.0,0.1,1.9,0.004
'235',21,04,2012,12060.0,4.1,10.0,0.865,4.5,6.2,1.6,0.204
'235',22,04,2012,20340.0,5.7,10.9,0.915,6.1,0.7,2.8,0.012
'235',23,04,2012,17100.0,6.5,12.2,0.933,5.6,0.1,2.5,0.033
'235',24,04,2012,11180.0,6.8,11.7,1.000,3.1,3.3,1.6,0.129
'235',25,04,2012,11840.0,7.1,14.1,1.004,6.6,0.8,1.7,0.067
'235',26,04,2012,19260.0,8.9,15.0,1.011,10.0,0.0,2.9,0.000
'235',27,04,2012,23990.0,7.7,14.1,1.017,7.4,0.0,3.6,0.000
'235',28,04,2012,1650.0,7.5,10.2,1.029,10.2,11.5,0.2,0.371
'235',29,04,2012,6670.0,6.7,12.8,1.073,6.2,0.0,1.0,0.000
'235',30,04,2012,22960.0,4.4,16.4,0.936,5.1,0.0,3.6,0.000
'235',01,05,2012,12420.0,9.8,18.1,1.316,3.9,0.9,2.0,0.046
'235',02,05,2012,19910.0,9.2,14.9,1.159,5.4,0.0,3.1,0.000
'235',03,05,2012,4830.0,9.7,11.9,1.162,3.6,7.5,0.7,0.092
'235',04,05,2012,5220.0,7.9,10.4,1.040,3.8,1.0,0.7,0.129
'235',05,05,2012,15020.0,6.6,10.5,0.794,5.5,0.4,2.1,0.054
'235',06,05,2012,19560.0,6.7,10.7,0.690,5.7,0.0,2.7,0.000
'235',07,05,2012,21450.0,5.5,13.3,0.704,4.1,0.0,3.1,0.000
'235',08,05,2012,7660.0,9.9,16.5,1.286,4.6,6.9,1.2,0.263
'235',09,05,2012,13980.0,10.1,15.1,1.308,4.9,0.4,2.2,0.062
'235',10,05,2012,8980.0,13.7,17.7,1.608,9.4,11.9,1.5,0.300
'235',11,05,2012,22070.0,8.1,14.1,1.073,8.0,0.0,3.4,0.000
'235',12,05,2012,23560.0,5.8,11.3,0.765,5.1,0.0,3.3,0.000
'235',13,05,2012,26190.0,4.4,12.4,0.804,5.3,0.0,3.8,0.000
'235',14,05,2012,12680.0,7.9,12.2,0.986,6.9,4.8,1.8,0.283
'235',15,05,2012,16670.0,6.6,12.0,0.932,5.0,4.5,2.4,0.175
'235',16,05,2012,25520.0,5.3,11.3,0.717,6.8,0.8,3.6,0.033
'235',17,05,2012,25040.0,2.8,13.9,0.732,4.2,0.0,3.7,0.000
'235',18,05,2012,13010.0,10.2,17.3,1.145,4.4,0.9,2.0,0.029
'235',19,05,2012,22560.0,9.5,16.1,1.239,3.8,0.0,3.5,0.000
'235',20,05,2012,11270.0,9.4,18.3,1.390,4.5,0.5,1.8,0.029
'235',21,05,2012,24120.0,11.5,18.2,1.415,5.1,0.0,4.0,0.000
'235',22,05,2012,24880.0,13.1,23.4,1.623,5.0,0.0,4.3,0.000
'235',23,05,2012,26780.0,16.3,22.1,1.923,4.3,6.7,4.7,0.058
'235',24,05,2012,26330.0,15.8,23.2,1.717,4.6,0.0,4.8,0.000
'235',25,05,2012,28010.0,15.5,21.9,1.455,7.0,0.0,5.0,0.000
'235',26,05,2012,28810.0,15.2,24.6,1.463,6.2,0.0,5.1,0.000
'235',27,05,2012,27910.0,13.9,22.9,1.539,3.7,0.0,4.9,0.000
'235',28,05,2012,23090.0,9.9,18.6,1.430,3.2,0.0,3.7,0.000
'235',29,05,2012,20810.0,8.6,16.3,1.129,3.0,0.0,3.2,0.000
'235',30,05,2012,14280.0,6.9,16.5,1.093,2.3,0.0,2.2,0.000
'235',31,05,2012,5550.0,11.6,16.2,1.490,4.8,12.6,0.9,0.433
'235',01,06,2012,16970.0,8.3,14.3,0.956,4.0,0.0,2.6,0.000
'235',02,06,2012,24750.0,8.1,14.2,0.868,3.5,0.0,3.7,0.000
'235',03,06,2012,7470.0,9.3,11.7,0.911,3.8,2.3,1.1,0.196
'235',04,06,2012,10650.0,8.4,12.8,0.897,3.5,2.7,1.6,0.288
'235',05,06,2012,26810.0,8.8,14.6,0.876,3.7,0.0,4.1,0.000
'235',06,06,2012,12040.0,10.4,16.0,1.296,5.0,3.6,1.9,0.312
'235',07,06,2012,14780.0,12.8,19.3,1.514,4.7,4.9,2.5,0.104
'235',08,06,2012,25250.0,11.6,18.1,1.253,10.8,0.0,4.1,0.000
'235',09,06,2012,6050.0,11.4,14.2,1.148,10.7,0.8,1.0,0.071
'235',10,06,2012,26940.0,11.7,16.3,1.216,4.5,0.0,4.3,0.000
'235',11,06,2012,17240.0,12.2,17.5,1.446,6.2,0.9,2.8,0.054
'235',12,06,2012,18910.0,9.3,15.7,1.089,5.6,0.4,2.9,0.088
'235',13,06,2012,21090.0,7.8,14.8,0.923,4.0,0.0,3.2,0.000
'235',14,06,2012,22940.0,7.2,15.2,0.870,3.7,0.0,3.6,0.000
'235',15,06,2012,12770.0,11.6,17.8,1.358,6.8,4.0,2.1,0.079
'235',16,06,2012,27400.0,13.7,17.5,1.336,9.0,0.4,4.6,0.033
'235',17,06,2012,24580.0,13.1,17.3,1.300,8.5,0.0,4.1,0.000
'235',18,06,2012,12360.0,9.2,16.6,1.224,3.7,9.6,2.0,0.167
'235',19,06,2012,25420.0,7.3,18.7,1.068,2.5,0.0,4.2,0.000
'235',20,06,2012,28990.0,13.4,19.5,1.338,5.6,0.0,4.9,0.000
'235',21,06,2012,12280.0,13.9,20.7,1.617,6.0,10.3,2.1,0.112
'235',22,06,2012,18670.0,13.3,18.0,1.352,11.9,0.4,3.1,0.008
'235',23,06,2012,25450.0,14.0,17.3,1.361,9.6,0.0,4.2,0.000
'235',24,06,2012,7780.0,10.9,15.5,1.304,7.4,14.9,1.2,0.404
'235',25,06,2012,19960.0,12.3,16.7,1.322,6.8,0.0,3.2,0.000
'235',26,06,2012,28660.0,12.4,17.6,1.242,3.6,0.0,4.7,0.000
'235',27,06,2012,15580.0,14.1,19.3,1.704,4.8,0.5,2.6,0.008
'235',28,06,2012,21680.0,13.2,26.9,1.679,4.5,0.0,4.0,0.000
'235',29,06,2012,22750.0,16.1,20.1,1.482,7.9,0.0,4.0,0.000
'235',30,06,2012,26720.0,15.0,20.5,1.438,7.2,0.1,4.7,0.037
'235',01,07,2012,24710.0,14.2,17.6,1.310,8.9,0.0,4.1,0.000
'235',02,07,2012,25010.0,12.0,20.9,1.199,5.2,0.0,4.3,0.000
'235',03,07,2012,17660.0,15.2,21.6,1.511,3.2,0.0,3.1,0.000
'235',04,07,2012,22000.0,17.7,26.4,1.760,3.6,0.0,4.1,0.000
'235',05,07,2012,17140.0,16.1,25.1,1.953,2.8,2.3,3.2,0.083
'235',06,07,2012,13250.0,15.9,21.8,1.816,5.3,8.6,2.4,0.050
'235',07,07,2012,22040.0,14.9,21.2,1.519,3.5,0.3,3.9,0.004
'235',08,07,2012,7240.0,14.7,18.7,1.658,4.5,19.0,1.2,0.267
'235',09,07,2012,19300.0,14.1,18.7,1.585,7.3,0.0,3.3,0.000
'235',10,07,2012,21420.0,12.8,18.6,1.452,5.7,1.0,3.6,0.004
'235',11,07,2012,19440.0,14.3,17.7,1.409,7.5,1.1,3.2,0.058
'235',12,07,2012,18330.0,11.3,17.0,1.156,5.9,1.0,3.0,0.008
'235',13,07,2012,14150.0,12.1,18.3,1.504,6.0,9.9,2.4,0.317
'235',14,07,2012,18210.0,13.2,17.5,1.381,3.5,0.4,3.0,0.042
'235',15,07,2012,20800.0,11.5,17.6,1.183,5.0,0.0,3.4,0.000
'235',16,07,2012,14470.0,14.3,17.6,1.459,6.9,20.3,2.4,0.238
'235',17,07,2012,16130.0,15.0,18.4,1.643,5.3,0.3,2.8,0.042
'235',18,07,2012,4750.0,15.5,17.3,1.713,8.5,4.8,0.8,0.233
'235',19,07,2012,19770.0,13.0,17.2,1.308,7.7,1.4,3.3,0.054
'235',20,07,2012,26220.0,12.3,16.9,1.116,4.2,0.0,4.3,0.000
'235',21,07,2012,23440.0,10.3,17.3,1.058,3.3,0.0,3.8,0.000
'235',22,07,2012,25200.0,8.3,18.7,1.118,3.5,0.0,4.2,0.000
'235',23,07,2012,26730.0,12.8,22.8,1.235,4.5,0.0,4.7,0.000
'235',24,07,2012,26970.0,14.0,25.5,1.502,2.8,0.0,5.0,0.000
'235',25,07,2012,26430.0,16.3,25.5,1.844,3.2,0.0,4.9,0.000
'235',26,07,2012,25400.0,16.2,21.3,1.685,5.7,0.0,4.5,0.000
'235',27,07,2012,17820.0,15.8,25.1,1.883,3.5,0.5,3.2,0.037
'235',28,07,2012,16540.0,15.2,20.3,1.542,2.9,0.5,2.9,0.029
'235',29,07,2012,23450.0,12.7,18.9,1.300,4.6,1.3,4.0,0.054
'235',30,07,2012,15810.0,11.9,17.6,1.268,5.3,19.6,2.6,0.204
'235',31,07,2012,9410.0,13.9,17.0,1.397,4.4,0.3,1.6,0.050
'235',01,08,2012,21440.0,15.4,25.8,1.719,3.8,0.0,3.9,0.000
'235',02,08,2012,17770.0,16.1,19.6,1.706,6.0,2.6,3.1,0.062
'235',03,08,2012,22100.0,13.5,19.5,1.453,4.2,12.2,3.8,0.088
'235',04,08,2012,18780.0,14.0,20.3,1.588,3.8,7.2,3.2,0.037
'235',05,08,2012,15240.0,13.2,22.1,1.565,2.3,0.0,2.7,0.000
'235',06,08,2012,17240.0,14.2,19.6,1.553,5.3,2.3,3.0,0.029
'235',07,08,2012,15620.0,15.5,18.5,1.485,6.4,0.0,2.7,0.000
'235',08,08,2012,23040.0,14.0,20.1,1.599,3.4,0.0,4.0,0.000
'235',09,08,2012,21230.0,10.8,19.3,1.231,2.5,0.0,3.6,0.000
'235',10,08,2012,25060.0,9.6,19.9,1.216,2.4,0.0,4.2,0.000
'235',11,08,2012,21100.0,12.2,20.0,1.344,4.0,0.0,3.7,0.000
'235',12,08,2012,23590.0,15.6,23.1,1.416,5.2,0.0,4.3,0.000
'235',13,08,2012,15920.0,16.1,23.3,1.696,4.4,0.0,2.8,0.000
'235',14,08,2012,16510.0,17.4,25.2,1.889,2.4,0.0,3.0,0.000
'235',15,08,2012,20150.0,15.5,26.9,1.788,5.0,7.8,3.8,0.042
'235',16,08,2012,22010.0,13.6,21.2,1.501,4.4,0.0,3.9,0.000
'235',17,08,2012,15840.0,13.9,26.5,1.481,4.2,0.0,3.0,0.000
'235',18,08,2012,21390.0,18.4,31.0,1.870,3.5,0.0,4.1,0.000
'235',19,08,2012,18660.0,18.3,29.1,2.211,3.2,0.0,3.5,0.000
'235',20,08,2012,11170.0,17.2,20.3,1.937,3.5,0.0,2.0,0.000
'235',21,08,2012,14290.0,16.0,23.8,2.002,2.9,0.0,2.6,0.000
'235',22,08,2012,16400.0,17.1,19.6,1.598,7.1,0.0,2.9,0.000
'235',23,08,2012,18400.0,12.4,20.0,1.390,4.0,0.0,3.2,0.000
'235',24,08,2012,11980.0,15.6,21.3,1.585,2.7,2.3,2.1,0.058
'235',25,08,2012,10750.0,14.2,20.6,1.690,7.0,9.7,1.9,0.112
'235',26,08,2012,12400.0,11.5,20.2,1.432,4.7,3.6,2.1,0.067
'235',27,08,2012,13480.0,11.1,21.1,1.314,4.2,0.0,2.3,0.000
'235',28,08,2012,15060.0,13.7,20.6,1.581,4.8,1.4,2.6,0.062
'235',29,08,2012,15610.0,13.3,23.3,1.474,5.7,0.0,2.7,0.000
'235',30,08,2012,10660.0,13.5,19.0,1.489,4.6,20.4,1.8,0.200
'235',31,08,2012,11710.0,12.4,17.0,1.140,6.1,19.1,1.9,0.229
'235',01,09,2012,18210.0,10.1,18.7,1.069,4.5,0.0,3.0,0.000
'235',02,09,2012,10610.0,14.0,18.9,1.532,4.6,0.0,1.8,0.000
'235',03,09,2012,17140.0,13.5,20.6,1.625,2.1,0.0,3.0,0.000
'235',04,09,2012,18260.0,12.9,20.9,1.598,4.0,0.0,3.1,0.000
'235',05,09,2012,11960.0,12.2,18.2,1.117,3.8,0.0,2.0,0.000
'235',06,09,2012,15020.0,13.7,17.8,1.187,4.2,0.0,2.5,0.000
'235',07,09,2012,13860.0,15.9,20.1,1.656,5.5,0.0,2.4,0.000
'235',08,09,2012,19080.0,13.2,21.5,1.678,2.0,0.0,3.3,0.000
'235',09,09,2012,17850.0,14.5,26.7,1.638,3.5,0.0,3.2,0.000
'235',10,09,2012,13500.0,17.7,21.0,1.741,8.0,0.0,2.4,0.000
'235',11,09,2012,9560.0,13.8,18.7,1.257,7.4,0.7,1.6,0.062
'235',12,09,2012,10290.0,11.3,16.2,1.116,5.5,8.9,1.6,0.142
'235',13,09,2012,12890.0,11.8,16.5,1.084,4.9,3.5,2.1,0.079
'235',14,09,2012,7270.0,14.3,17.9,1.308,9.8,0.9,1.2,0.021
'235',15,09,2012,12470.0,11.6,17.5,1.185,5.4,0.0,2.1,0.000
'235',16,09,2012,6870.0,11.5,18.8,1.319,6.5,0.0,1.2,0.000
'235',17,09,2012,15320.0,14.6,18.3,1.244,6.5,0.0,2.6,0.000
'235',18,09,2012,10830.0,9.4,16.7,0.946,7.3,2.9,1.8,0.021
'235',19,09,2012,9810.0,7.1,14.5,0.877,4.5,3.3,1.5,0.117
'235',20,09,2012,8000.0,10.0,15.9,0.994,6.5,1.4,1.3,0.037
'235',21,09,2012,6220.0,10.8,16.5,1.119,5.2,4.1,1.0,0.146
'235',22,09,2012,14500.0,7.7,14.9,0.882,3.5,0.4,2.2,0.017
'235',23,09,2012,9560.0,4.8,14.0,0.861,4.4,2.1,1.4,0.142
'235',24,09,2012,4020.0,10.1,18.7,1.367,9.3,14.8,0.6,0.267
'235',25,09,2012,9960.0,11.4,16.9,1.300,7.1,4.0,1.6,0.104
'235',26,09,2012,11500.0,10.5,16.4,1.224,6.3,0.0,1.8,0.000
'235',27,09,2012,6580.0,10.5,15.9,1.253,4.3,9.3,1.0,0.167
'235',28,09,2012,11970.0,12.0,16.5,1.204,7.7,6.1,2.0,0.042
'235',29,09,2012,11190.0,11.4,14.7,1.030,7.1,0.5,1.8,0.025
'235',30,09,2012,10860.0,11.8,16.2,1.122,8.3,0.0,1.8,0.000
'235',01,10,2012,2100.0,13.6,15.6,1.492,8.2,3.3,0.3,0.208
'235',02,10,2012,8290.0,13.0,16.9,1.348,7.4,0.3,1.4,0.012
'235',03,10,2012,5760.0,11.3,15.8,1.212,7.8,25.6,0.9,0.296
'235',04,10,2012,6940.0,10.2,14.0,1.036,5.2,2.3,1.1,0.054
'235',05,10,2012,4800.0,10.0,16.5,1.173,8.0,18.3,0.8,0.304
'235',06,10,2012,9090.0,9.4,14.7,1.093,3.1,11.3,1.4,0.346
'235',07,10,2012,11910.0,8.0,14.1,0.862,3.8,0.0,1.8,0.000
'235',08,10,2012,8090.0,4.3,13.5,0.886,2.2,0.0,1.1,0.000
'235',09,10,2012,7310.0,4.2,13.6,0.766,2.8,0.0,1.1,0.000
'235',10,10,2012,6450.0,4.8,13.4,0.883,1.7,0.0,0.9,0.000
'235',11,10,2012,11300.0,4.8,13.6,0.853,5.3,0.0,1.6,0.000
'235',12,10,2012,2460.0,8.9,14.2,1.124,7.4,17.1,0.4,0.250
'235',13,10,2012,3390.0,7.1,11.5,1.030,4.4,10.2,0.5,0.304
'235',14,10,2012,2900.0,8.5,11.6,1.016,7.4,9.8,0.4,0.325
'235',15,10,2012,7380.0,8.5,12.5,0.943,6.8,5.6,1.1,0.104
'235',16,10,2012,5340.0,9.2,14.3,1.018,9.9,1.2,0.8,0.042
'235',17,10,2012,2840.0,7.9,15.2,1.186,6.0,0.6,0.4,0.046
'235',18,10,2012,1810.0,12.5,15.1,1.462,4.3,3.2,0.3,0.317
'235',19,10,2012,6550.0,12.4,18.4,1.543,2.4,4.0,1.1,0.083
'235',20,10,2012,2330.0,11.2,15.6,1.398,3.1,0.0,0.4,0.000
'235',21,10,2012,1490.0,10.3,12.6,1.267,6.4,4.2,0.2,0.163
'235',22,10,2012,4420.0,12.0,14.4,1.497,2.7,0.0,0.7,0.000
'235',23,10,2012,3970.0,12.1,14.0,1.454,4.3,0.0,0.6,0.000
'235',24,10,2012,2490.0,11.6,12.8,1.349,3.8,2.0,0.4,0.083
'235',25,10,2012,3660.0,8.1,12.6,0.993,3.5,0.1,0.5,0.017
'235',26,10,2012,5480.0,3.7,8.7,0.606,4.8,0.7,0.7,0.021
'235',27,10,2012,6000.0,2.0,7.7,0.676,3.5,5.5,0.8,0.154
'235',28,10,2012,6000.0,0.6,10.3,0.651,6.0,1.6,0.8,0.104
'235',29,10,2012,3520.0,6.8,12.3,1.005,6.5,13.0,0.5,0.383
'235',30,10,2012,4840.0,4.7,10.0,0.806,3.0,2.8,0.7,0.054
'235',31,10,2012,4160.0,5.8,12.2,0.917,6.8,0.0,0.6,0.000
'235',01,11,2012,2020.0,5.6,10.6,0.882,8.0,14.5,0.3,0.192
'235',02,11,2012,3210.0,5.7,10.1,0.821,8.7,4.7,0.4,0.071
'235',03,11,2012,2290.0,5.0,9.5,0.815,7.1,7.4,0.3,0.142
'235',04,11,2012,2080.0,3.0,8.1,0.819,4.6,7.0,0.3,0.188
'235',05,11,2012,5310.0,4.3,10.4,0.801,3.0,2.6,0.7,0.071
'235',06,11,2012,3640.0,5.6,11.1,0.873,6.7,4.0,0.5,0.267
'235',07,11,2012,2790.0,9.6,11.7,1.074,7.7,0.0,0.4,0.000
'235',08,11,2012,3040.0,10.1,11.6,1.077,8.0,0.2,0.5,0.008
'235',09,11,2012,1590.0,6.4,11.0,0.888,5.3,0.0,0.2,0.000
'235',10,11,2012,1110.0,7.2,10.6,1.087,4.8,2.6,0.2,0.079
'235',11,11,2012,5490.0,7.6,11.4,0.941,4.8,0.9,0.8,0.033
'235',12,11,2012,4590.0,7.1,11.2,0.987,6.2,0.0,0.6,0.000
'235',13,11,2012,2180.0,7.8,11.3,1.147,6.9,0.1,0.3,0.025
'235',14,11,2012,1690.0,6.6,10.9,1.026,2.2,0.0,0.2,0.000
'235',15,11,2012,3260.0,0.9,6.7,0.744,2.0,0.0,0.4,0.000
'235',16,11,2012,1690.0,3.0,4.5,0.686,3.8,0.0,0.2,0.000
'235',17,11,2012,910.0,2.6,9.7,0.859,4.6,0.3,0.1,0.083
'235',18,11,2012,3430.0,1.4,10.0,0.715,2.3,0.3,0.5,0.079
'235',19,11,2012,2300.0,1.2,10.2,0.833,4.5,0.0,0.3,0.000
'235',20,11,2012,3910.0,7.8,11.9,1.083,6.3,0.0,0.6,0.000
'235',21,11,2012,2060.0,4.1,10.7,0.901,7.2,0.5,0.3,0.067
'235',22,11,2012,4270.0,6.4,12.0,0.947,8.4,0.0,0.6,0.000
'235',23,11,2012,1360.0,2.7,9.1,0.804,6.0,6.1,0.2,0.163
'235',24,11,2012,2470.0,1.1,7.4,0.789,4.0,2.7,0.3,0.183
'235',25,11,2012,1440.0,7.4,11.7,0.977,12.8,3.6,0.2,0.163
'235',26,11,2012,1930.0,5.4,9.4,0.937,4.3,1.3,0.3,0.042
'235',27,11,2012,1280.0,4.1,8.5,0.877,2.4,7.1,0.2,0.171
'235',28,11,2012,2560.0,5.4,9.2,0.881,3.8,3.2,0.3,0.125
'235',29,11,2012,2900.0,2.2,7.3,0.699,4.0,3.3,0.4,0.100
'235',30,11,2012,1990.0,-0.4,6.7,0.666,2.6,3.9,0.2,0.071
'235',01,12,2012,1010.0,1.2,6.5,0.663,4.9,10.2,0.1,0.258
'235',02,12,2012,2540.0,-0.5,6.9,0.614,3.8,2.0,0.3,0.021
'235',03,12,2012,630.0,1.2,8.1,0.709,7.2,3.3,0.1,0.254
'235',04,12,2012,2200.0,1.4,7.4,0.653,7.5,2.5,0.3,0.079
'235',05,12,2012,1860.0,-0.6,4.8,0.515,4.8,2.2,0.2,0.075
'235',06,12,2012,3010.0,-0.3,5.1,0.541,5.2,0.1,0.3,0.012
'235',07,12,2012,1210.0,-0.2,1.7,0.579,7.8,2.0,0.1,0.292
'235',08,12,2012,4510.0,-5.4,6.2,0.503,3.5,0.7,0.5,0.075
'235',09,12,2012,1650.0,4.4,8.6,0.794,10.2,3.5,0.2,0.129
'235',10,12,2012,770.0,2.1,6.8,0.595,7.3,2.0,0.1,0.058
'235',11,12,2012,2710.0,-1.9,4.3,0.544,3.6,0.8,0.3,0.050
'235',12,12,2012,2700.0,1.6,5.7,0.627,4.5,3.3,0.3,0.112
'235',13,12,2012,3620.0,-2.4,2.1,0.494,4.0,3.2,0.4,0.096
'235',14,12,2012,1060.0,-0.3,9.9,0.746,7.7,6.5,0.1,0.167
'235',15,12,2012,2090.0,6.8,9.3,0.954,10.0,1.1,0.3,0.054
'235',16,12,2012,1770.0,5.0,8.1,0.936,5.2,0.9,0.2,0.075
'235',17,12,2012,600.0,4.3,7.1,0.875,4.0,4.8,0.1,0.221
'235',18,12,2012,1530.0,2.5,7.4,0.838,1.8,2.2,0.2,0.100
'235',19,12,2012,1050.0,3.3,5.4,0.814,4.0,0.0,0.1,0.000
'235',20,12,2012,1600.0,2.3,4.4,0.697,8.4,2.7,0.2,0.333
'235',21,12,2012,360.0,2.0,3.6,0.723,6.6,2.1,0.0,0.267
'235',22,12,2012,450.0,3.6,7.1,0.860,4.7,10.0,0.1,0.479
'235',23,12,2012,1500.0,6.4,10.5,1.029,8.1,6.2,0.2,0.337
'235',24,12,2012,410.0,7.3,12.0,1.088,7.7,2.1,0.1,0.133
'235',25,12,2012,1650.0,7.0,9.7,0.995,8.0,6.1,0.2,0.279
'235',26,12,2012,2650.0,6.8,9.3,0.954,8.2,3.6,0.4,0.108
'235',27,12,2012,1540.0,4.9,9.1,0.842,6.1,0.0,0.2,0.000
'235',28,12,2012,960.0,2.4,10.1,0.823,7.6,1.1,0.1,0.129
'235',29,12,2012,2440.0,8.1,11.7,1.016,11.5,0.0,0.4,0.000
'235',30,12,2012,2330.0,6.0,9.4,0.835,11.3,2.7,0.3,0.033
'235',31,12,2012,890.0,8.2,9.8,1.043,13.8,4.2,0.1,0.271
