* Source of data    : Royal Netherlands Meterological Institute (www.knmi.nl)
* File content      : Meteo from www.knmi.nl; input file for Swap 3.2 (www.swap.alterra.nl)
* File generated by : Alterra - Wageningen-UR (www.alterra.wur.nl)
* File generated at : 2016-12-19 15:22:13
station,DD,MM,YYYY,Rad,Tmin,Tmax,Hum,Wind,Rain,ETref,Wet 
'235',01,01,2015,1050.0,5.6,7.1,0.851,10.8,1.4,0.1,0.075
'235',02,01,2015,3200.0,6.6,10.4,0.836,12.1,2.9,0.4,0.129
'235',03,01,2015,780.0,5.3,7.4,0.755,7.9,0.7,0.1,0.067
'235',04,01,2015,3680.0,4.4,7.9,0.675,5.6,0.0,0.5,0.000
'235',05,01,2015,690.0,4.6,6.6,0.835,6.5,0.0,0.1,0.000
'235',06,01,2015,2080.0,2.6,7.5,0.775,5.2,0.7,0.3,0.088
'235',07,01,2015,2970.0,3.7,7.7,0.815,7.7,0.3,0.4,0.042
'235',08,01,2015,440.0,5.4,8.9,0.934,8.5,10.0,0.1,0.171
'235',09,01,2015,1260.0,7.0,11.3,1.009,11.7,3.6,0.2,0.179
'235',10,01,2015,1500.0,5.5,11.4,0.844,13.7,1.0,0.2,0.012
'235',11,01,2015,1940.0,4.7,7.8,0.700,13.0,0.3,0.3,0.008
'235',12,01,2015,860.0,5.6,9.2,0.898,11.1,12.9,0.1,0.333
'235',13,01,2015,1240.0,4.1,9.4,0.870,8.3,15.4,0.2,0.513
'235',14,01,2015,1820.0,2.2,6.6,0.611,8.8,2.4,0.2,0.058
'235',15,01,2015,1080.0,5.0,9.8,0.852,13.0,3.8,0.1,0.325
'235',16,01,2015,1780.0,4.1,8.6,0.737,7.7,2.2,0.2,0.088
'235',17,01,2015,4430.0,1.1,6.2,0.584,7.3,11.4,0.5,0.204
'235',18,01,2015,920.0,0.6,5.0,0.700,4.0,12.1,0.1,0.433
'235',19,01,2015,3340.0,-2.0,6.0,0.647,1.5,0.0,0.4,0.000
'235',20,01,2015,3540.0,-1.7,2.9,0.603,3.3,1.3,0.4,0.075
'235',21,01,2015,3410.0,-1.1,2.1,0.522,4.5,0.0,0.4,0.000
'235',22,01,2015,3970.0,-2.2,1.6,0.473,5.6,0.0,0.4,0.000
'235',23,01,2015,5710.0,-4.7,2.3,0.480,3.6,0.0,0.6,0.000
'235',24,01,2015,5000.0,-0.1,6.9,0.603,6.4,8.6,0.6,0.183
'235',25,01,2015,1820.0,4.2,6.7,0.789,4.1,0.3,0.2,0.037
'235',26,01,2015,1630.0,5.0,7.8,0.832,6.8,0.4,0.2,0.062
'235',27,01,2015,4400.0,4.5,7.7,0.804,5.2,0.2,0.6,0.021
'235',28,01,2015,740.0,2.6,7.0,0.705,11.9,5.4,0.1,0.200
'235',29,01,2015,2400.0,0.2,4.6,0.587,9.2,4.9,0.3,0.308
'235',30,01,2015,4280.0,-1.7,5.4,0.573,4.3,6.4,0.5,0.200
'235',31,01,2015,5430.0,-0.5,5.6,0.615,3.4,0.8,0.6,0.058
'235',01,02,2015,5230.0,-0.2,6.5,0.646,3.7,1.2,0.6,0.088
'235',02,02,2015,5240.0,-1.1,6.0,0.584,4.8,3.9,0.6,0.100
'235',03,02,2015,6250.0,-1.6,6.4,0.562,2.5,0.5,0.7,0.046
'235',04,02,2015,6540.0,-2.0,5.4,0.578,2.6,0.7,0.7,0.025
'235',05,02,2015,4650.0,-0.6,2.4,0.531,5.6,0.5,0.5,0.033
'235',06,02,2015,7470.0,-2.5,1.9,0.489,6.2,0.0,0.8,0.000
'235',07,02,2015,3130.0,-3.9,6.3,0.569,3.9,0.0,0.4,0.000
'235',08,02,2015,6050.0,4.9,7.0,0.706,6.2,0.0,0.8,0.000
'235',09,02,2015,2770.0,5.4,7.3,0.879,5.1,0.3,0.4,0.058
'235',10,02,2015,1660.0,4.7,7.0,0.793,2.3,0.0,0.2,0.000
'235',11,02,2015,1200.0,3.3,5.3,0.696,2.5,0.0,0.1,0.000
'235',12,02,2015,1200.0,2.6,4.1,0.683,2.5,0.0,0.1,0.000
'235',13,02,2015,6650.0,1.3,8.7,0.689,5.4,0.0,0.8,0.000
'235',14,02,2015,3170.0,4.1,7.8,0.776,4.1,0.2,0.4,0.008
'235',15,02,2015,4060.0,0.3,4.8,0.637,5.7,0.0,0.5,0.000
'235',16,02,2015,3960.0,-4.0,3.6,0.565,1.5,0.0,0.4,0.000
'235',17,02,2015,8080.0,0.4,7.8,0.726,3.5,0.1,1.0,0.021
'235',18,02,2015,9040.0,-0.3,7.0,0.651,6.3,0.0,1.1,0.000
'235',19,02,2015,4050.0,1.9,6.1,0.683,9.9,1.8,0.5,0.146
'235',20,02,2015,2540.0,4.0,6.7,0.854,5.2,11.6,0.3,0.675
'235',21,02,2015,5490.0,1.3,6.6,0.684,3.6,5.6,0.7,0.137
'235',22,02,2015,8540.0,1.7,6.4,0.651,7.3,4.5,1.1,0.154
'235',23,02,2015,8710.0,3.2,7.8,0.739,8.7,2.4,1.1,0.175
'235',24,02,2015,8240.0,4.4,8.0,0.771,8.8,2.3,1.1,0.117
'235',25,02,2015,3840.0,0.2,6.7,0.691,4.5,0.9,0.5,0.046
'235',26,02,2015,3260.0,2.0,8.6,0.822,6.3,8.1,0.4,0.275
'235',27,02,2015,10550.0,-0.2,7.3,0.599,4.4,0.0,1.3,0.000
'235',28,02,2015,8030.0,0.2,9.3,0.649,8.9,0.2,1.0,0.033
'235',01,03,2015,11110.0,5.0,8.8,0.818,10.6,3.6,1.5,0.158
'235',02,03,2015,8570.0,2.4,7.1,0.616,11.3,0.9,1.1,0.025
'235',03,03,2015,4860.0,3.1,6.2,0.651,7.4,5.4,0.6,0.092
'235',04,03,2015,7010.0,3.9,8.1,0.739,8.4,0.3,0.9,0.008
'235',05,03,2015,9920.0,3.6,8.2,0.806,5.0,0.0,1.3,0.000
'235',06,03,2015,6720.0,5.3,8.3,0.815,6.4,0.0,0.9,0.000
'235',07,03,2015,9080.0,6.0,10.5,0.775,10.4,0.0,1.3,0.000
'235',08,03,2015,11080.0,6.6,10.2,0.918,7.3,0.7,1.5,0.058
'235',09,03,2015,11400.0,2.2,11.5,0.806,4.7,1.3,1.5,0.075
'235',10,03,2015,14080.0,0.3,9.0,0.696,4.7,0.0,1.9,0.000
'235',11,03,2015,14020.0,-3.1,9.4,0.544,2.0,0.0,1.7,0.000
'235',12,03,2015,14680.0,0.6,10.9,0.651,4.5,0.0,1.9,0.000
'235',13,03,2015,14000.0,2.1,6.9,0.622,6.5,0.0,1.7,0.000
'235',14,03,2015,3550.0,3.1,5.5,0.687,7.8,0.0,0.4,0.000
'235',15,03,2015,4680.0,3.7,6.8,0.750,6.4,0.0,0.6,0.000
'235',16,03,2015,12110.0,4.4,10.3,0.823,4.2,0.0,1.6,0.000
'235',17,03,2015,13040.0,1.8,11.2,0.813,2.9,0.0,1.7,0.000
'235',18,03,2015,4620.0,4.0,6.5,0.857,4.2,0.0,0.6,0.000
'235',19,03,2015,13670.0,5.1,9.5,0.879,4.8,0.0,1.8,0.000
'235',20,03,2015,3860.0,3.7,6.2,0.753,3.4,0.8,0.5,0.062
'235',21,03,2015,6530.0,5.0,8.3,0.845,7.1,1.3,0.9,0.133
'235',22,03,2015,13060.0,0.7,5.8,0.561,4.8,0.0,1.6,0.000
'235',23,03,2015,9920.0,-1.3,7.4,0.599,5.0,0.0,1.2,0.000
'235',24,03,2015,9970.0,1.5,9.2,0.799,3.5,0.7,1.3,0.083
'235',25,03,2015,4680.0,4.6,6.3,0.791,3.8,6.6,0.6,0.458
'235',26,03,2015,4890.0,2.4,7.2,0.720,6.6,3.0,0.6,0.263
'235',27,03,2015,11280.0,0.5,9.0,0.702,6.7,1.1,1.5,0.033
'235',28,03,2015,4160.0,0.5,8.7,0.754,8.0,2.4,0.5,0.154
'235',29,03,2015,4600.0,6.2,9.9,0.950,10.5,5.5,0.6,0.192
'235',30,03,2015,15840.0,5.7,8.4,0.730,10.6,4.4,2.1,0.163
'235',31,03,2015,13720.0,5.1,9.8,0.764,14.0,6.3,1.9,0.179
'235',01,04,2015,13080.0,4.0,8.7,0.689,11.0,0.3,1.7,0.017
'235',02,04,2015,16300.0,2.5,8.3,0.666,7.5,0.5,2.1,0.033
'235',03,04,2015,11800.0,3.5,9.9,0.726,3.6,0.1,1.6,0.025
'235',04,04,2015,12120.0,3.5,8.4,0.697,4.3,1.7,1.5,0.246
'235',05,04,2015,20020.0,0.5,9.1,0.614,3.0,0.0,2.6,0.000
'235',06,04,2015,15930.0,5.7,11.0,0.939,3.8,0.0,2.2,0.000
'235',07,04,2015,10420.0,1.1,9.0,0.781,4.0,0.0,1.4,0.000
'235',08,04,2015,14860.0,4.7,11.3,0.970,2.2,0.0,2.0,0.000
'235',09,04,2015,18980.0,5.8,13.1,1.019,3.1,0.0,2.7,0.000
'235',10,04,2015,16650.0,5.2,13.7,0.973,2.6,0.0,2.4,0.000
'235',11,04,2015,9640.0,5.8,12.2,0.940,6.5,1.9,1.4,0.083
'235',12,04,2015,19060.0,4.2,12.2,0.835,8.4,1.8,2.7,0.062
'235',13,04,2015,18970.0,5.4,9.8,0.876,4.5,0.0,2.6,0.000
'235',14,04,2015,19340.0,5.5,12.2,0.928,5.8,0.0,2.8,0.000
'235',15,04,2015,21290.0,6.6,14.3,1.000,5.4,0.0,3.2,0.000
'235',16,04,2015,16950.0,6.7,11.0,0.797,3.7,0.0,2.4,0.000
'235',17,04,2015,17390.0,6.0,11.3,0.859,4.5,0.0,2.4,0.000
'235',18,04,2015,23090.0,5.6,11.4,0.826,4.7,0.0,3.2,0.000
'235',19,04,2015,11730.0,4.3,11.5,0.814,3.7,0.0,1.7,0.000
'235',20,04,2015,23650.0,7.0,13.1,0.927,4.2,0.0,3.4,0.000
'235',21,04,2015,22990.0,5.5,12.0,0.901,4.1,0.0,3.2,0.000
'235',22,04,2015,6130.0,5.9,10.0,0.888,4.2,0.0,0.9,0.000
'235',23,04,2015,18060.0,4.2,10.2,0.814,2.6,0.0,2.5,0.000
'235',24,04,2015,22940.0,2.5,14.7,0.855,4.5,0.0,3.3,0.000
'235',25,04,2015,9350.0,9.3,12.7,1.199,6.8,0.4,1.4,0.054
'235',26,04,2015,7090.0,5.7,9.4,0.887,4.5,2.6,1.0,0.150
'235',27,04,2015,25610.0,1.2,9.9,0.603,3.4,0.0,3.4,0.000
'235',28,04,2015,18040.0,-1.2,10.3,0.580,6.1,1.2,2.4,0.029
'235',29,04,2015,13520.0,4.0,13.2,0.815,6.7,7.9,1.9,0.125
'235',30,04,2015,22580.0,3.0,11.9,0.766,7.0,0.7,3.2,0.008
'235',01,05,2015,20610.0,5.1,11.2,0.762,4.0,0.0,2.9,0.000
'235',02,05,2015,22680.0,0.9,11.8,0.683,4.0,0.0,3.2,0.000
'235',03,05,2015,6660.0,7.0,14.9,1.095,7.5,4.3,1.0,0.238
'235',04,05,2015,20280.0,10.4,14.3,1.180,6.8,0.7,3.2,0.067
'235',05,05,2015,20990.0,11.3,20.7,1.384,10.3,7.3,3.4,0.137
'235',06,05,2015,21390.0,9.2,14.8,1.060,12.0,1.0,3.3,0.037
'235',07,05,2015,22290.0,7.3,12.8,0.991,6.7,0.1,3.3,0.012
'235',08,05,2015,19680.0,7.4,16.2,1.017,3.6,0.0,3.1,0.000
'235',09,05,2015,14120.0,8.4,14.0,1.109,9.3,2.7,2.2,0.042
'235',10,05,2015,24410.0,6.3,15.9,0.974,3.6,0.0,3.8,0.000
'235',11,05,2015,23390.0,11.3,22.1,1.354,6.1,0.0,3.9,0.000
'235',12,05,2015,19650.0,10.4,14.5,1.173,6.2,0.0,3.0,0.000
'235',13,05,2015,26870.0,8.1,13.6,0.957,4.4,0.0,4.0,0.000
'235',14,05,2015,14790.0,7.7,12.4,0.887,4.3,0.0,2.2,0.000
'235',15,05,2015,18710.0,5.7,11.8,0.783,3.5,0.0,2.6,0.000
'235',16,05,2015,18380.0,6.2,13.5,0.952,6.3,2.0,2.7,0.150
'235',17,05,2015,24450.0,8.5,13.8,0.964,6.1,0.0,3.7,0.000
'235',18,05,2015,6920.0,9.0,12.9,1.089,7.5,5.3,1.0,0.154
'235',19,05,2015,24310.0,6.0,13.1,0.854,8.0,0.9,3.6,0.037
'235',20,05,2015,22960.0,8.4,13.7,0.971,6.1,0.9,3.4,0.025
'235',21,05,2015,26230.0,8.3,14.3,1.022,4.9,0.0,4.0,0.000
'235',22,05,2015,21820.0,11.6,16.1,1.314,4.4,0.0,3.5,0.000
'235',23,05,2015,23670.0,8.2,13.6,0.961,4.5,0.2,3.6,0.012
'235',24,05,2015,25100.0,5.6,14.6,0.929,3.8,0.9,3.8,0.058
'235',25,05,2015,15870.0,9.5,14.1,1.052,4.2,0.0,2.4,0.000
'235',26,05,2015,26810.0,7.9,14.5,0.920,4.6,0.3,4.1,0.012
'235',27,05,2015,21690.0,7.6,14.7,1.028,4.4,0.0,3.3,0.000
'235',28,05,2015,22770.0,8.1,14.9,0.976,6.8,0.0,3.5,0.000
'235',29,05,2015,12240.0,6.6,14.8,0.963,7.5,3.0,1.8,0.121
'235',30,05,2015,26070.0,7.7,13.7,0.931,6.8,1.9,3.9,0.029
'235',31,05,2015,6300.0,8.1,14.6,1.139,7.1,6.4,1.0,0.308
'235',01,06,2015,24990.0,9.8,14.8,0.958,7.0,0.2,3.9,0.033
'235',02,06,2015,5580.0,11.4,16.0,1.331,13.1,1.3,0.9,0.137
'235',03,06,2015,27590.0,7.2,15.8,0.986,6.2,0.0,4.3,0.000
'235',04,06,2015,29370.0,6.6,19.6,0.983,4.3,0.0,4.8,0.000
'235',05,06,2015,19610.0,13.0,28.4,1.641,3.6,6.4,3.5,0.054
'235',06,06,2015,29910.0,12.3,15.5,1.200,7.0,0.0,4.8,0.000
'235',07,06,2015,28770.0,9.0,15.5,1.015,4.0,0.0,4.5,0.000
'235',08,06,2015,27870.0,9.2,15.1,0.971,4.9,0.0,4.3,0.000
'235',09,06,2015,12130.0,10.0,13.1,0.934,5.0,0.0,1.8,0.000
'235',10,06,2015,26250.0,10.4,16.5,1.222,6.1,0.0,4.2,0.000
'235',11,06,2015,30150.0,11.6,19.2,1.320,6.8,0.0,5.0,0.000
'235',12,06,2015,29010.0,12.9,24.5,1.444,4.6,0.0,5.2,0.000
'235',13,06,2015,4600.0,13.0,18.1,1.584,7.2,0.5,0.8,0.058
'235',14,06,2015,4240.0,11.1,14.8,1.288,2.8,0.9,0.7,0.108
'235',15,06,2015,27870.0,9.4,16.4,0.910,4.3,0.0,4.3,0.000
'235',16,06,2015,24570.0,7.9,16.6,0.954,2.2,0.1,3.8,0.033
'235',17,06,2015,17370.0,6.9,18.1,1.144,6.0,5.7,2.8,0.150
'235',18,06,2015,21220.0,11.5,16.0,1.212,5.7,0.1,3.4,0.008
'235',19,06,2015,16710.0,11.0,15.7,1.195,5.3,3.2,2.6,0.054
'235',20,06,2015,14180.0,10.6,15.2,1.146,3.3,0.9,2.2,0.050
'235',21,06,2015,16020.0,11.7,17.6,1.405,5.0,3.1,2.6,0.071
'235',22,06,2015,21290.0,10.1,16.0,1.148,4.5,0.5,3.4,0.017
'235',23,06,2015,7290.0,11.2,13.7,1.151,5.4,0.5,1.1,0.033
'235',24,06,2015,24030.0,11.8,18.2,1.332,5.2,0.0,3.9,0.000
'235',25,06,2015,25690.0,13.2,20.2,1.480,3.6,0.0,4.4,0.000
'235',26,06,2015,15360.0,14.5,22.0,1.443,3.6,0.0,2.7,0.000
'235',27,06,2015,27020.0,10.6,19.0,1.390,4.3,0.0,4.5,0.000
'235',28,06,2015,10150.0,10.3,19.7,1.329,3.9,1.2,1.7,0.112
'235',29,06,2015,27130.0,11.8,20.7,1.343,2.7,0.0,4.7,0.000
'235',30,06,2015,29800.0,11.5,24.5,1.337,4.2,0.0,5.4,0.000
'235',01,07,2015,28750.0,17.2,31.7,1.631,5.5,0.0,5.6,0.000
'235',02,07,2015,22490.0,19.1,29.7,2.139,3.9,9.6,4.3,0.096
'235',03,07,2015,27340.0,16.7,24.5,1.997,3.5,0.0,5.1,0.000
'235',04,07,2015,25350.0,16.1,29.4,2.050,5.1,0.0,4.8,0.000
'235',05,07,2015,15100.0,14.8,25.0,1.891,4.1,4.0,2.7,0.058
'235',06,07,2015,28050.0,13.7,19.3,1.365,5.8,0.0,4.8,0.000
'235',07,07,2015,17050.0,12.9,23.5,1.455,4.7,0.0,3.0,0.000
'235',08,07,2015,18900.0,12.8,18.7,1.333,8.2,0.8,3.2,0.062
'235',09,07,2015,25080.0,10.7,16.8,1.000,6.3,0.0,4.0,0.000
'235',10,07,2015,27780.0,10.6,20.0,1.140,4.3,0.0,4.8,0.000
'235',11,07,2015,24670.0,15.6,25.0,1.591,3.5,0.0,4.4,0.000
'235',12,07,2015,9360.0,15.3,18.7,1.694,6.1,0.6,1.6,0.067
'235',13,07,2015,7500.0,14.2,18.1,1.674,4.5,4.1,1.3,0.188
'235',14,07,2015,10000.0,13.5,18.9,1.630,3.9,0.2,1.7,0.012
'235',15,07,2015,9450.0,13.4,19.5,1.704,4.5,1.4,1.6,0.104
'235',16,07,2015,29270.0,15.5,21.7,1.679,4.4,0.0,5.2,0.000
'235',17,07,2015,23780.0,17.0,22.5,1.812,8.8,0.0,4.3,0.000
'235',18,07,2015,28000.0,13.5,19.2,1.241,5.4,0.0,4.8,0.000
'235',19,07,2015,14490.0,12.6,19.3,1.272,5.1,1.0,2.5,0.037
'235',20,07,2015,17590.0,9.4,23.1,1.282,4.5,0.3,3.1,0.008
'235',21,07,2015,27880.0,15.3,21.9,1.569,7.1,0.0,5.0,0.000
'235',22,07,2015,23880.0,15.4,21.1,1.586,5.4,0.0,4.2,0.000
'235',23,07,2015,25540.0,12.0,19.4,1.210,4.0,0.0,4.3,0.000
'235',24,07,2015,11770.0,11.1,20.5,1.332,3.9,0.6,2.1,0.017
'235',25,07,2015,8720.0,12.6,20.8,1.520,7.5,14.1,1.5,0.263
'235',26,07,2015,16840.0,13.0,19.4,1.385,5.3,3.8,2.8,0.183
'235',27,07,2015,9770.0,13.9,19.4,1.658,8.8,40.6,1.7,0.450
'235',28,07,2015,9270.0,14.3,17.7,1.499,9.4,3.7,1.5,0.108
'235',29,07,2015,14520.0,11.4,16.1,1.195,9.3,6.4,2.4,0.158
'235',30,07,2015,20810.0,12.6,16.9,1.112,6.3,0.0,3.4,0.000
'235',31,07,2015,23120.0,11.8,18.0,1.044,2.9,0.0,3.8,0.000
'235',01,08,2015,22620.0,10.9,19.9,1.069,3.0,0.0,3.8,0.000
'235',02,08,2015,23430.0,11.1,22.0,1.216,3.3,0.0,4.1,0.000
'235',03,08,2015,25210.0,15.8,27.6,1.715,4.8,0.0,4.6,0.000
'235',04,08,2015,14400.0,16.1,19.4,1.696,5.1,7.0,2.5,0.175
'235',05,08,2015,21530.0,13.7,24.2,1.445,4.5,0.0,3.9,0.000
'235',06,08,2015,23420.0,15.4,24.8,1.684,3.9,0.0,4.2,0.000
'235',07,08,2015,24190.0,12.7,21.7,1.595,3.3,0.0,4.2,0.000
'235',08,08,2015,25680.0,14.5,19.8,1.444,4.2,0.0,4.4,0.000
'235',09,08,2015,23380.0,11.9,21.8,1.345,2.4,0.0,4.1,0.000
'235',10,08,2015,16810.0,15.5,21.3,1.787,3.3,0.0,3.0,0.000
'235',11,08,2015,12040.0,15.5,22.1,1.801,3.0,0.3,2.1,0.054
'235',12,08,2015,10430.0,16.6,20.1,1.614,5.7,0.0,1.8,0.000
'235',13,08,2015,23080.0,16.3,25.0,1.847,6.3,0.0,4.2,0.000
'235',14,08,2015,15150.0,18.4,22.8,2.089,3.8,18.4,2.8,0.229
'235',15,08,2015,10700.0,16.0,20.0,1.800,3.8,1.7,1.9,0.037
'235',16,08,2015,9740.0,13.8,17.9,1.338,4.0,5.8,1.6,0.354
'235',17,08,2015,2030.0,13.2,16.8,1.591,5.5,36.7,0.3,0.925
'235',18,08,2015,4530.0,14.1,16.6,1.634,5.7,3.8,0.8,0.321
'235',19,08,2015,18470.0,13.9,20.6,1.574,3.8,0.4,3.2,0.033
'235',20,08,2015,21230.0,14.2,24.3,1.521,3.2,0.0,3.8,0.000
'235',21,08,2015,19180.0,14.9,23.3,1.724,3.3,0.0,3.5,0.000
'235',22,08,2015,19850.0,17.8,26.2,1.631,4.7,0.0,3.7,0.000
'235',23,08,2015,21060.0,16.5,24.8,1.455,6.6,0.3,3.9,0.054
'235',24,08,2015,12020.0,15.5,21.7,1.826,3.5,15.0,2.1,0.204
'235',25,08,2015,14840.0,13.9,18.7,1.463,9.3,3.2,2.5,0.204
'235',26,08,2015,11450.0,16.1,23.5,1.816,8.5,16.8,2.1,0.117
'235',27,08,2015,7050.0,15.4,18.2,1.543,7.4,1.6,1.2,0.046
'235',28,08,2015,20190.0,12.6,19.0,1.333,5.0,0.0,3.4,0.000
'235',29,08,2015,15930.0,12.2,20.1,1.364,3.5,0.0,2.7,0.000
'235',30,08,2015,16630.0,16.2,21.3,1.664,5.6,0.0,3.0,0.000
'235',31,08,2015,5240.0,16.1,20.2,1.982,3.9,19.9,0.9,0.346
'235',01,09,2015,13350.0,14.4,18.5,1.409,5.7,0.1,2.2,0.004
'235',02,09,2015,17170.0,13.3,17.5,1.195,6.3,0.1,2.8,0.008
'235',03,09,2015,9140.0,10.7,15.5,1.234,5.5,39.6,1.4,0.350
'235',04,09,2015,6970.0,12.8,17.2,1.433,7.9,11.1,1.1,0.246
'235',05,09,2015,13470.0,11.2,16.3,1.146,7.6,6.9,2.2,0.163
'235',06,09,2015,10030.0,11.3,16.4,1.154,6.8,1.8,1.6,0.121
'235',07,09,2015,12260.0,13.4,17.6,1.482,4.3,1.7,2.0,0.088
'235',08,09,2015,8510.0,12.4,16.6,1.356,2.5,0.4,1.4,0.021
'235',09,09,2015,17630.0,9.3,17.8,1.175,4.0,0.0,2.9,0.000
'235',10,09,2015,15980.0,12.9,18.4,1.346,5.1,0.0,2.7,0.000
'235',11,09,2015,17680.0,12.3,18.3,1.311,4.4,0.0,2.9,0.000
'235',12,09,2015,5460.0,13.0,19.6,1.555,4.4,0.1,0.9,0.017
'235',13,09,2015,10580.0,12.7,18.0,1.424,4.4,0.7,1.8,0.050
'235',14,09,2015,6050.0,12.2,18.9,1.515,6.0,18.3,1.0,0.225
'235',15,09,2015,8270.0,9.9,16.0,1.212,8.5,11.6,1.3,0.208
'235',16,09,2015,2930.0,11.2,18.0,1.488,5.2,5.8,0.5,0.279
'235',17,09,2015,6960.0,14.0,16.4,1.412,6.5,4.6,1.2,0.075
'235',18,09,2015,12370.0,11.4,17.7,1.392,4.5,2.1,2.0,0.062
'235',19,09,2015,14290.0,13.0,17.2,1.342,3.0,0.1,2.3,0.004
'235',20,09,2015,8320.0,12.6,17.5,1.400,3.8,0.0,1.4,0.000
'235',21,09,2015,5880.0,12.7,17.1,1.391,5.7,14.4,1.0,0.242
'235',22,09,2015,10190.0,9.0,16.4,1.180,3.2,8.2,1.6,0.196
'235',23,09,2015,10690.0,7.3,17.4,1.161,3.0,0.3,1.7,0.012
'235',24,09,2015,3920.0,12.1,15.6,1.367,5.8,9.4,0.6,0.204
'235',25,09,2015,13490.0,8.7,16.8,1.063,3.7,0.0,2.2,0.000
'235',26,09,2015,14890.0,5.8,16.5,0.989,2.3,0.0,2.3,0.000
'235',27,09,2015,13770.0,6.8,16.7,1.066,3.2,0.0,2.2,0.000
'235',28,09,2015,12270.0,9.1,16.5,1.188,4.0,0.0,2.0,0.000
'235',29,09,2015,13090.0,10.8,16.8,1.190,5.3,0.0,2.1,0.000
'235',30,09,2015,13900.0,10.6,16.9,1.214,5.8,0.0,2.2,0.000
'235',01,10,2015,13620.0,10.9,16.0,1.276,5.5,0.0,2.2,0.000
'235',02,10,2015,11970.0,9.9,14.3,1.298,4.4,0.0,1.9,0.000
'235',03,10,2015,10590.0,9.3,16.3,1.278,2.8,0.0,1.6,0.000
'235',04,10,2015,9650.0,8.8,16.8,1.252,2.9,0.0,1.5,0.000
'235',05,10,2015,6880.0,8.5,16.7,1.233,3.9,0.0,1.1,0.000
'235',06,10,2015,4590.0,13.2,17.2,1.609,3.4,1.5,0.8,0.133
'235',07,10,2015,5510.0,13.6,17.3,1.620,5.6,2.0,0.9,0.092
'235',08,10,2015,4800.0,12.0,15.3,1.444,3.3,5.5,0.8,0.267
'235',09,10,2015,8130.0,9.8,15.7,1.212,2.8,0.1,1.3,0.008
'235',10,10,2015,9360.0,7.9,14.3,1.018,5.6,0.0,1.4,0.000
'235',11,10,2015,11410.0,6.0,10.7,0.726,7.5,0.0,1.6,0.000
'235',12,10,2015,9490.0,4.6,9.2,0.697,5.7,0.0,1.3,0.000
'235',13,10,2015,10340.0,5.6,9.8,0.779,7.0,0.2,1.4,0.012
'235',14,10,2015,3140.0,6.5,9.3,0.880,5.5,0.5,0.4,0.079
'235',15,10,2015,2370.0,5.2,10.5,0.907,3.7,10.0,0.3,0.258
'235',16,10,2015,1220.0,7.4,10.6,1.084,4.0,5.9,0.2,0.475
'235',17,10,2015,2590.0,7.7,10.7,1.099,2.5,0.5,0.4,0.075
'235',18,10,2015,2920.0,5.7,13.2,1.097,2.0,2.5,0.4,0.346
'235',19,10,2015,3390.0,7.2,13.5,1.092,2.0,0.0,0.5,0.000
'235',20,10,2015,5750.0,5.3,13.7,1.011,2.2,0.0,0.8,0.000
'235',21,10,2015,2900.0,5.4,13.6,1.047,5.8,2.0,0.4,0.288
'235',22,10,2015,3490.0,12.1,15.3,1.309,5.4,1.0,0.6,0.096
'235',23,10,2015,4070.0,10.3,14.0,1.068,3.6,0.0,0.6,0.000
'235',24,10,2015,3020.0,10.1,13.4,1.124,5.2,0.3,0.5,0.017
'235',25,10,2015,7110.0,5.7,13.5,0.875,2.8,0.0,1.0,0.000
'235',26,10,2015,6510.0,7.5,15.0,1.135,4.1,0.0,1.0,0.000
'235',27,10,2015,7150.0,8.1,12.5,1.176,4.8,0.0,1.0,0.000
'235',28,10,2015,4000.0,7.9,11.1,1.133,4.4,0.5,0.6,0.046
'235',29,10,2015,5140.0,7.6,14.5,1.215,3.0,0.0,0.8,0.000
'235',30,10,2015,5260.0,7.8,13.6,1.134,4.1,0.0,0.8,0.000
'235',31,10,2015,6400.0,6.0,13.6,1.052,3.7,0.0,0.9,0.000
'235',01,11,2015,2920.0,3.6,12.8,1.020,1.8,0.0,0.4,0.000
'235',02,11,2015,3730.0,6.0,9.0,1.031,2.7,0.0,0.5,0.000
'235',03,11,2015,6270.0,5.2,15.8,1.019,2.7,0.0,0.9,0.000
'235',04,11,2015,2480.0,8.8,14.0,1.154,3.9,0.0,0.4,0.000
'235',05,11,2015,2810.0,11.4,14.8,1.437,5.2,9.9,0.4,0.312
'235',06,11,2015,2230.0,13.7,15.4,1.571,7.7,7.5,0.4,0.296
'235',07,11,2015,2110.0,12.5,17.7,1.555,9.3,1.3,0.3,0.083
'235',08,11,2015,4220.0,7.2,16.4,1.197,5.6,1.3,0.7,0.083
'235',09,11,2015,1910.0,11.5,15.2,1.292,10.1,4.9,0.3,0.188
'235',10,11,2015,2160.0,13.7,15.5,1.543,10.2,1.7,0.4,0.050
'235',11,11,2015,1600.0,13.2,14.2,1.379,7.8,0.6,0.3,0.054
'235',12,11,2015,4710.0,11.1,14.5,1.292,6.2,0.0,0.7,0.000
'235',13,11,2015,4240.0,7.9,13.7,0.901,11.6,2.6,0.6,0.058
'235',14,11,2015,2330.0,7.6,13.7,0.990,10.8,12.9,0.3,0.371
'235',15,11,2015,1020.0,13.2,14.6,1.412,11.6,6.9,0.2,0.288
'235',16,11,2015,2070.0,9.7,13.9,1.123,8.5,0.4,0.3,0.037
'235',17,11,2015,1530.0,10.2,15.0,1.295,8.1,5.8,0.2,0.229
'235',18,11,2015,3120.0,10.0,13.7,1.088,13.0,2.8,0.5,0.079
'235',19,11,2015,1680.0,10.0,13.2,1.005,11.9,0.2,0.3,0.025
'235',20,11,2015,2050.0,4.8,10.6,0.751,8.3,5.1,0.3,0.146
'235',21,11,2015,2510.0,3.4,7.7,0.725,5.6,10.8,0.3,0.292
'235',22,11,2015,2180.0,2.6,7.0,0.603,5.3,3.2,0.3,0.100
'235',23,11,2015,2670.0,-0.5,8.9,0.575,5.0,1.6,0.3,0.029
'235',24,11,2015,380.0,4.8,9.1,0.898,8.9,18.6,0.1,0.688
'235',25,11,2015,3320.0,6.5,9.5,0.811,4.9,2.9,0.5,0.067
'235',26,11,2015,3870.0,4.0,10.0,0.783,2.5,0.7,0.5,0.025
'235',27,11,2015,780.0,6.6,9.4,1.003,8.6,0.6,0.1,0.129
'235',28,11,2015,3180.0,6.3,10.7,0.844,10.4,13.3,0.4,0.383
'235',29,11,2015,1120.0,8.7,12.5,0.950,13.3,0.8,0.2,0.042
'235',30,11,2015,740.0,5.9,11.9,0.869,10.1,15.6,0.1,0.383
'235',01,12,2015,1120.0,6.7,12.0,0.970,5.7,1.0,0.2,0.142
'235',02,12,2015,1330.0,10.2,11.8,1.101,8.8,0.0,0.2,0.000
'235',03,12,2015,1750.0,8.7,10.8,1.024,9.0,0.1,0.3,0.012
'235',04,12,2015,3620.0,8.3,10.9,1.000,9.9,3.8,0.5,0.137
'235',05,12,2015,870.0,9.0,10.6,1.040,13.8,0.0,0.1,0.000
'235',06,12,2015,1840.0,9.2,12.0,1.132,11.0,0.0,0.3,0.000
'235',07,12,2015,1560.0,8.1,12.3,1.169,4.3,0.6,0.2,0.046
'235',08,12,2015,2090.0,7.9,10.9,1.055,7.2,5.6,0.3,0.150
'235',09,12,2015,3330.0,7.6,10.0,0.880,8.3,0.0,0.5,0.000
'235',10,12,2015,1660.0,7.6,9.0,0.940,12.2,1.5,0.2,0.112
'235',11,12,2015,1390.0,7.8,10.0,0.864,9.5,3.8,0.2,0.033
'235',12,12,2015,1800.0,6.4,11.9,0.922,9.1,13.5,0.3,0.362
'235',13,12,2015,2210.0,5.5,9.3,0.836,2.9,0.0,0.3,0.000
'235',14,12,2015,1660.0,6.2,9.4,0.988,3.3,0.0,0.2,0.000
'235',15,12,2015,2260.0,6.0,8.2,0.935,3.6,0.1,0.3,0.012
'235',16,12,2015,1030.0,8.1,11.9,1.168,6.7,3.0,0.2,0.163
'235',17,12,2015,1850.0,10.9,14.4,1.235,9.0,0.8,0.3,0.058
'235',18,12,2015,2440.0,10.1,11.7,1.198,7.5,0.4,0.4,0.029
'235',19,12,2015,1650.0,10.1,15.3,1.300,8.8,0.0,0.3,0.000
'235',20,12,2015,1390.0,10.1,12.6,1.124,9.0,0.3,0.2,0.029
'235',21,12,2015,1980.0,8.8,12.1,1.119,10.5,4.3,0.3,0.137
'235',22,12,2015,550.0,9.7,12.3,1.229,11.7,5.1,0.1,0.233
'235',23,12,2015,3090.0,7.9,11.4,1.000,9.3,2.3,0.5,0.104
'235',24,12,2015,1560.0,7.1,12.1,0.988,9.8,0.3,0.2,0.033
'235',25,12,2015,2060.0,7.5,12.3,0.998,8.9,2.5,0.3,0.125
'235',26,12,2015,2100.0,11.3,12.4,1.221,12.0,0.0,0.3,0.000
'235',27,12,2015,810.0,9.3,11.7,1.164,7.5,1.5,0.1,0.167
'235',28,12,2015,2660.0,7.7,11.2,1.022,4.9,0.0,0.4,0.000
'235',29,12,2015,1180.0,5.7,9.4,0.928,4.8,0.8,0.2,0.088
'235',30,12,2015,2720.0,5.8,9.4,0.901,7.8,0.0,0.4,0.000
'235',31,12,2015,2280.0,5.6,10.5,0.890,8.6,1.6,0.3,0.058
