* Source of data    : Royal Netherlands Meterological Institute (www.knmi.nl)
* File content      : Meteo from www.knmi.nl; input file for Swap 3.2 (www.swap.alterra.nl)
* File generated by : Alterra - Wageningen-UR (www.alterra.wur.nl)
* File generated at : 2016-12-19 15:22:13
station,DD,MM,YYYY,Rad,Tmin,Tmax,Hum,Wind,Rain,ETref,Wet 
'235',01,01,2014,1540.0,4.8,8.8,0.880,8.7,3.4,0.2,0.246
'235',02,01,2014,1740.0,6.1,9.7,0.951,7.6,3.0,0.2,0.154
'235',03,01,2014,2020.0,6.1,10.8,0.927,10.9,0.9,0.3,0.075
'235',04,01,2014,2120.0,6.1,8.8,0.895,7.3,0.9,0.3,0.029
'235',05,01,2014,3260.0,4.7,8.6,0.823,6.9,0.7,0.4,0.008
'235',06,01,2014,2400.0,6.0,13.1,1.016,12.0,1.9,0.4,0.088
'235',07,01,2014,2120.0,8.5,10.5,0.971,12.6,0.0,0.3,0.000
'235',08,01,2014,2610.0,7.0,9.6,1.014,8.0,0.7,0.4,0.054
'235',09,01,2014,1210.0,6.7,11.4,1.000,10.2,4.7,0.2,0.212
'235',10,01,2014,3540.0,6.2,8.5,0.879,7.5,0.1,0.5,0.004
'235',11,01,2014,1760.0,5.7,7.8,0.815,8.1,9.3,0.2,0.362
'235',12,01,2014,4030.0,1.7,7.4,0.711,3.9,0.0,0.5,0.000
'235',13,01,2014,3630.0,2.3,9.7,0.830,6.0,0.8,0.5,0.071
'235',14,01,2014,1450.0,3.0,6.4,0.805,3.6,0.8,0.2,0.137
'235',15,01,2014,940.0,3.0,6.5,0.791,6.2,4.0,0.1,0.238
'235',16,01,2014,910.0,5.2,9.0,0.949,5.9,7.9,0.1,0.300
'235',17,01,2014,2420.0,5.5,8.8,0.884,6.6,0.0,0.3,0.000
'235',18,01,2014,2690.0,4.7,7.8,0.841,4.8,0.0,0.4,0.000
'235',19,01,2014,2250.0,4.4,6.2,0.800,5.6,0.5,0.3,0.062
'235',20,01,2014,700.0,2.5,5.7,0.773,3.2,0.4,0.1,0.088
'235',21,01,2014,1190.0,2.3,4.0,0.726,2.0,0.0,0.1,0.000
'235',22,01,2014,2140.0,0.9,4.5,0.669,4.5,3.5,0.3,0.250
'235',23,01,2014,890.0,3.0,5.6,0.785,4.5,16.0,0.1,0.646
'235',24,01,2014,2280.0,1.7,6.2,0.759,3.5,0.6,0.3,0.025
'235',25,01,2014,1700.0,1.7,6.9,0.742,6.9,7.2,0.2,0.163
'235',26,01,2014,2460.0,2.3,7.0,0.696,7.2,7.4,0.3,0.229
'235',27,01,2014,2470.0,2.4,6.6,0.699,8.0,5.7,0.3,0.163
'235',28,01,2014,1770.0,2.7,6.1,0.672,7.6,0.0,0.2,0.000
'235',29,01,2014,1570.0,-2.1,2.8,0.542,8.1,0.0,0.2,0.000
'235',30,01,2014,3030.0,-2.3,1.3,0.496,6.2,0.0,0.3,0.000
'235',31,01,2014,5200.0,-1.4,5.8,0.607,4.9,1.2,0.6,0.083
'235',01,02,2014,2810.0,5.0,7.7,0.801,10.5,7.2,0.4,0.392
'235',02,02,2014,4600.0,2.6,7.4,0.730,8.3,0.0,0.6,0.000
'235',03,02,2014,6690.0,1.1,6.6,0.701,4.6,0.0,0.8,0.000
'235',04,02,2014,5230.0,2.3,9.4,0.734,6.2,0.0,0.7,0.000
'235',05,02,2014,5520.0,3.4,9.8,0.768,9.3,1.4,0.7,0.117
'235',06,02,2014,4030.0,5.5,8.6,0.859,10.8,9.0,0.5,0.279
'235',07,02,2014,1300.0,5.0,9.3,0.900,8.0,4.6,0.2,0.271
'235',08,02,2014,2510.0,4.5,9.3,0.833,10.3,7.9,0.3,0.304
'235',09,02,2014,2270.0,4.0,7.6,0.777,13.3,6.1,0.3,0.321
'235',10,02,2014,2840.0,2.2,7.1,0.745,4.0,2.0,0.4,0.146
'235',11,02,2014,4300.0,2.4,7.8,0.732,6.6,6.1,0.6,0.225
'235',12,02,2014,3990.0,2.9,8.8,0.705,10.4,4.7,0.5,0.125
'235',13,02,2014,3240.0,3.2,7.0,0.705,8.6,2.2,0.4,0.054
'235',14,02,2014,4700.0,5.0,9.5,0.855,8.3,5.1,0.6,0.179
'235',15,02,2014,7630.0,5.3,11.3,0.802,15.4,1.4,1.1,0.025
'235',16,02,2014,6520.0,1.6,8.2,0.673,8.2,0.3,0.9,0.021
'235',17,02,2014,5300.0,0.9,9.0,0.765,4.0,0.0,0.7,0.000
'235',18,02,2014,3610.0,4.5,8.8,0.821,5.1,0.5,0.5,0.017
'235',19,02,2014,5200.0,6.3,9.1,0.993,5.3,0.9,0.7,0.033
'235',20,02,2014,1660.0,6.1,10.5,1.016,8.0,4.7,0.2,0.212
'235',21,02,2014,8360.0,5.4,8.6,0.856,7.3,0.5,1.1,0.062
'235',22,02,2014,8340.0,5.7,9.1,0.899,8.0,1.4,1.1,0.058
'235',23,02,2014,5760.0,4.6,11.4,0.854,8.2,0.0,0.8,0.000
'235',24,02,2014,8420.0,4.9,11.8,0.852,6.0,0.0,1.1,0.000
'235',25,02,2014,4490.0,5.5,11.9,0.910,6.4,0.6,0.6,0.025
'235',26,02,2014,9610.0,3.1,9.2,0.857,5.7,0.0,1.3,0.000
'235',27,02,2014,3040.0,2.8,7.3,0.794,6.4,3.0,0.4,0.179
'235',28,02,2014,5470.0,1.0,7.2,0.742,4.3,0.0,0.7,0.000
'235',01,03,2014,3920.0,3.4,7.6,0.812,3.6,1.5,0.5,0.092
'235',02,03,2014,10900.0,0.8,9.2,0.657,6.5,0.0,1.4,0.000
'235',03,03,2014,3160.0,2.7,7.8,0.750,5.4,0.7,0.4,0.083
'235',04,03,2014,7370.0,2.1,10.2,0.832,2.8,0.0,1.0,0.000
'235',05,03,2014,12290.0,-0.5,10.4,0.723,2.4,0.0,1.6,0.000
'235',06,03,2014,7850.0,3.9,11.9,0.757,5.8,0.0,1.1,0.000
'235',07,03,2014,6690.0,0.7,10.9,0.689,6.4,0.3,0.9,0.017
'235',08,03,2014,11420.0,-0.1,14.5,0.701,4.2,0.0,1.6,0.000
'235',09,03,2014,13540.0,5.5,16.3,0.826,4.9,0.0,2.0,0.000
'235',10,03,2014,10740.0,4.0,12.7,0.900,5.0,0.0,1.5,0.000
'235',11,03,2014,14210.0,5.3,10.2,0.851,7.1,0.0,1.9,0.000
'235',12,03,2014,14350.0,4.5,11.4,0.871,4.0,0.0,2.0,0.000
'235',13,03,2014,13080.0,1.2,12.6,0.768,2.0,0.0,1.8,0.000
'235',14,03,2014,5440.0,5.3,9.1,0.926,5.2,0.0,0.7,0.000
'235',15,03,2014,12120.0,7.7,10.5,0.955,7.8,0.0,1.7,0.000
'235',16,03,2014,15000.0,8.7,11.3,1.039,7.6,0.0,2.2,0.000
'235',17,03,2014,6390.0,8.2,10.5,1.031,6.5,0.0,0.9,0.000
'235',18,03,2014,8540.0,8.1,10.8,1.048,7.3,3.6,1.2,0.100
'235',19,03,2014,12170.0,8.3,11.6,1.045,8.7,0.1,1.8,0.008
'235',20,03,2014,15620.0,8.0,18.5,1.070,9.5,0.0,2.4,0.000
'235',21,03,2014,7700.0,5.3,9.9,0.875,6.6,9.1,1.1,0.458
'235',22,03,2014,10950.0,4.0,9.2,0.756,7.6,2.0,1.5,0.046
'235',23,03,2014,14630.0,4.2,9.5,0.759,5.2,1.9,2.0,0.083
'235',24,03,2014,15760.0,0.3,9.5,0.614,2.9,0.3,2.0,0.012
'235',25,03,2014,16000.0,-0.3,9.6,0.630,3.8,0.0,2.1,0.000
'235',26,03,2014,8320.0,3.3,7.4,0.742,2.7,4.7,1.1,0.121
'235',27,03,2014,16050.0,4.9,11.5,0.814,7.4,0.0,2.2,0.000
'235',28,03,2014,17020.0,5.4,14.6,0.885,6.4,0.0,2.4,0.000
'235',29,03,2014,16760.0,6.0,16.2,0.968,4.9,0.0,2.5,0.000
'235',30,03,2014,14470.0,7.6,17.4,1.150,3.3,0.0,2.2,0.000
'235',31,03,2014,13130.0,8.7,15.9,1.290,4.5,0.0,2.0,0.000
'235',01,04,2014,13790.0,5.1,15.6,1.045,2.8,0.0,2.0,0.000
'235',02,04,2014,14020.0,3.2,11.2,0.955,3.5,0.0,1.9,0.000
'235',03,04,2014,15440.0,7.5,14.6,1.200,5.2,0.0,2.3,0.000
'235',04,04,2014,2670.0,9.6,12.1,1.230,3.2,1.1,0.4,0.108
'235',05,04,2014,16340.0,8.2,14.7,1.094,4.1,0.0,2.4,0.000
'235',06,04,2014,5890.0,10.3,14.1,1.324,8.5,4.2,0.9,0.129
'235',07,04,2014,6390.0,11.5,16.6,1.406,6.6,19.0,1.0,0.225
'235',08,04,2014,11970.0,6.4,12.4,0.934,9.1,3.7,1.7,0.108
'235',09,04,2014,17560.0,8.1,12.4,1.037,6.3,0.0,2.6,0.000
'235',10,04,2014,12550.0,3.8,13.5,0.919,2.4,0.0,1.8,0.000
'235',11,04,2014,17960.0,3.6,13.6,0.933,2.5,0.0,2.6,0.000
'235',12,04,2014,14870.0,1.9,12.5,0.812,4.7,0.0,2.1,0.000
'235',13,04,2014,17230.0,8.1,11.6,0.917,7.3,0.0,2.5,0.000
'235',14,04,2014,15220.0,5.8,10.8,0.776,8.8,0.6,2.1,0.037
'235',15,04,2014,14390.0,5.5,9.9,0.706,5.1,0.0,2.0,0.000
'235',16,04,2014,22360.0,1.2,12.4,0.692,2.5,0.0,3.1,0.000
'235',17,04,2014,12960.0,4.2,14.1,0.818,7.2,2.2,1.9,0.075
'235',18,04,2014,11620.0,6.5,11.0,0.836,5.9,0.1,1.6,0.008
'235',19,04,2014,21960.0,6.7,12.6,0.974,7.4,0.4,3.2,0.012
'235',20,04,2014,21100.0,9.7,19.8,1.250,5.9,0.0,3.4,0.000
'235',21,04,2014,9500.0,10.6,13.8,1.271,5.2,1.3,1.5,0.079
'235',22,04,2014,19120.0,8.0,15.9,1.090,3.6,0.0,3.0,0.000
'235',23,04,2014,19820.0,6.6,17.4,1.125,3.1,0.0,3.1,0.000
'235',24,04,2014,14490.0,9.7,16.2,1.310,3.5,2.6,2.3,0.017
'235',25,04,2014,17730.0,11.4,18.0,1.468,5.5,10.2,2.9,0.067
'235',26,04,2014,15020.0,10.0,17.0,1.173,3.8,0.0,2.4,0.000
'235',27,04,2014,3880.0,9.9,12.6,1.209,1.8,6.0,0.6,0.250
'235',28,04,2014,11000.0,10.6,14.5,1.311,2.9,0.0,1.7,0.000
'235',29,04,2014,12940.0,10.0,15.1,1.374,2.0,0.3,2.0,0.029
'235',30,04,2014,18350.0,10.1,16.8,1.337,2.5,0.0,2.9,0.000
'235',01,05,2014,6880.0,10.6,14.2,1.300,4.1,4.5,1.1,0.150
'235',02,05,2014,13930.0,7.6,11.9,0.859,7.0,0.0,2.0,0.000
'235',03,05,2014,23790.0,4.9,11.8,0.703,3.3,0.0,3.3,0.000
'235',04,05,2014,17380.0,5.6,11.3,0.791,2.5,0.0,2.4,0.000
'235',05,05,2014,21170.0,6.4,17.6,0.833,3.7,0.0,3.3,0.000
'235',06,05,2014,17650.0,10.4,15.9,1.188,5.8,0.0,2.8,0.000
'235',07,05,2014,18090.0,9.5,14.9,1.187,7.1,0.1,2.8,0.012
'235',08,05,2014,7880.0,10.9,14.1,1.282,7.0,11.3,1.2,0.358
'235',09,05,2014,12910.0,9.0,14.4,1.162,8.5,2.8,2.0,0.108
'235',10,05,2014,7650.0,8.7,14.5,1.191,8.8,6.3,1.2,0.163
'235',11,05,2014,11090.0,10.0,12.7,1.150,11.0,2.6,1.7,0.150
'235',12,05,2014,18310.0,7.4,14.0,1.065,6.3,1.3,2.7,0.021
'235',13,05,2014,25780.0,7.7,13.1,0.917,4.4,0.0,3.8,0.000
'235',14,05,2014,22000.0,8.0,13.0,0.900,4.6,0.0,3.3,0.000
'235',15,05,2014,27520.0,4.9,13.3,0.807,2.6,0.0,4.0,0.000
'235',16,05,2014,26860.0,4.4,16.3,0.899,1.7,0.0,4.1,0.000
'235',17,05,2014,27130.0,7.1,17.7,1.064,2.1,0.0,4.3,0.000
'235',18,05,2014,27850.0,10.5,19.8,1.245,4.0,0.0,4.7,0.000
'235',19,05,2014,27750.0,13.0,19.9,1.457,5.1,0.0,4.8,0.000
'235',20,05,2014,19410.0,14.3,25.7,1.572,4.1,2.3,3.5,0.008
'235',21,05,2014,12950.0,12.0,19.4,1.539,3.3,5.7,2.2,0.075
'235',22,05,2014,25180.0,14.6,20.6,1.440,5.5,1.9,4.3,0.033
'235',23,05,2014,17790.0,13.8,17.9,1.391,4.1,0.0,3.0,0.000
'235',24,05,2014,18500.0,13.6,18.3,1.414,4.4,0.0,3.1,0.000
'235',25,05,2014,24980.0,10.0,19.0,1.229,2.9,0.0,4.1,0.000
'235',26,05,2014,15080.0,14.6,23.1,1.716,6.0,3.7,2.6,0.171
'235',27,05,2014,12790.0,14.3,18.9,1.661,6.6,9.5,2.2,0.317
'235',28,05,2014,4970.0,11.1,14.4,1.376,6.7,14.4,0.8,0.679
'235',29,05,2014,9890.0,9.4,13.7,1.077,5.9,1.0,1.5,0.212
'235',30,05,2014,29010.0,7.1,17.2,1.026,2.6,0.0,4.6,0.000
'235',31,05,2014,29470.0,8.3,16.3,0.991,3.4,0.0,4.7,0.000
'235',01,06,2014,20230.0,9.9,16.0,1.066,2.9,0.0,3.2,0.000
'235',02,06,2014,27720.0,10.4,17.2,1.136,3.6,0.0,4.5,0.000
'235',03,06,2014,25760.0,8.0,18.8,1.192,3.3,0.0,4.2,0.000
'235',04,06,2014,10900.0,12.5,18.4,1.497,3.3,11.4,1.8,0.350
'235',05,06,2014,15560.0,10.7,15.6,1.238,7.4,14.9,2.5,0.238
'235',06,06,2014,30310.0,11.5,18.9,1.205,4.6,0.0,5.1,0.000
'235',07,06,2014,19930.0,14.2,25.2,1.592,4.4,0.0,3.6,0.000
'235',08,06,2014,22190.0,14.7,21.5,1.681,2.9,8.8,3.9,0.021
'235',09,06,2014,24680.0,16.4,25.2,1.981,3.8,0.0,4.5,0.000
'235',10,06,2014,19160.0,12.3,22.4,1.610,4.8,2.2,3.4,0.092
'235',11,06,2014,29790.0,11.7,18.7,1.394,3.6,0.0,5.0,0.000
'235',12,06,2014,29820.0,11.4,20.5,1.332,2.4,0.0,5.1,0.000
'235',13,06,2014,26840.0,13.2,19.9,1.414,4.2,0.0,4.6,0.000
'235',14,06,2014,21630.0,13.4,17.7,1.224,4.4,0.0,3.6,0.000
'235',15,06,2014,19280.0,12.7,17.2,1.159,3.9,0.0,3.2,0.000
'235',16,06,2014,15380.0,13.0,17.5,1.319,5.1,0.2,2.5,0.008
'235',17,06,2014,14940.0,13.0,17.0,1.335,4.8,0.0,2.4,0.000
'235',18,06,2014,15340.0,13.6,17.8,1.430,3.5,0.1,2.5,0.004
'235',19,06,2014,9400.0,12.5,16.8,1.320,4.8,0.7,1.5,0.046
'235',20,06,2014,16470.0,12.3,16.5,1.234,4.7,0.5,2.7,0.017
'235',21,06,2014,20530.0,12.4,18.1,1.293,3.8,0.0,3.4,0.000
'235',22,06,2014,27320.0,11.6,18.0,1.249,4.0,0.0,4.5,0.000
'235',23,06,2014,25060.0,12.2,18.9,1.291,3.0,0.0,4.2,0.000
'235',24,06,2014,13130.0,12.1,17.8,1.318,3.1,1.7,2.1,0.096
'235',25,06,2014,20670.0,12.8,17.6,1.193,3.4,0.0,3.4,0.000
'235',26,06,2014,25300.0,11.3,19.7,1.218,1.6,0.0,4.3,0.000
'235',27,06,2014,16020.0,12.5,18.4,1.376,2.0,1.7,2.7,0.054
'235',28,06,2014,22870.0,13.4,18.7,1.490,4.1,0.8,3.9,0.017
'235',29,06,2014,24660.0,12.8,17.7,1.248,3.7,0.9,4.1,0.037
'235',30,06,2014,23240.0,11.6,17.7,1.207,3.5,8.0,3.8,0.121
'235',01,07,2014,25400.0,11.8,17.8,1.138,4.1,0.0,4.2,0.000
'235',02,07,2014,22820.0,11.1,18.3,1.136,3.3,0.0,3.8,0.000
'235',03,07,2014,28490.0,11.3,21.3,1.174,5.9,0.0,5.0,0.000
'235',04,07,2014,24090.0,12.5,28.9,1.382,4.5,0.6,4.5,0.046
'235',05,07,2014,11790.0,16.4,20.9,1.828,6.2,1.7,2.1,0.071
'235',06,07,2014,8440.0,15.4,23.7,1.928,4.9,4.7,1.5,0.254
'235',07,07,2014,26030.0,13.1,20.9,1.367,4.0,0.0,4.6,0.000
'235',08,07,2014,5630.0,13.7,18.5,1.499,4.7,8.4,0.9,0.475
'235',09,07,2014,5060.0,13.6,17.7,1.673,7.1,2.8,0.9,0.179
'235',10,07,2014,28080.0,17.1,23.2,2.036,4.1,0.0,5.1,0.000
'235',11,07,2014,23550.0,16.5,25.0,2.051,3.2,5.3,4.3,0.054
'235',12,07,2014,26460.0,15.0,24.8,1.744,3.3,0.0,4.8,0.000
'235',13,07,2014,18880.0,15.3,20.8,1.812,4.7,0.0,3.3,0.000
'235',14,07,2014,16080.0,15.5,19.4,1.700,4.8,0.0,2.8,0.000
'235',15,07,2014,15370.0,13.9,20.7,1.636,5.0,0.1,2.7,0.004
'235',16,07,2014,28520.0,10.8,22.0,1.304,2.2,0.0,5.0,0.000
'235',17,07,2014,26520.0,15.5,24.5,1.769,3.5,0.0,4.8,0.000
'235',18,07,2014,25650.0,18.7,26.0,2.128,5.5,0.0,4.9,0.000
'235',19,07,2014,22990.0,19.5,34.6,2.087,4.5,1.1,4.6,0.042
'235',20,07,2014,13780.0,18.4,23.6,2.157,2.8,1.8,2.5,0.100
'235',21,07,2014,4540.0,18.4,20.1,2.117,3.8,16.7,0.8,0.217
'235',22,07,2014,26950.0,19.5,24.3,2.051,6.3,0.0,5.1,0.000
'235',23,07,2014,27910.0,20.8,26.8,2.026,7.1,0.0,5.3,0.000
'235',24,07,2014,26200.0,19.9,25.2,1.940,6.6,0.0,5.0,0.000
'235',25,07,2014,8070.0,18.0,22.2,1.864,3.4,1.4,1.5,0.062
'235',26,07,2014,23590.0,18.3,24.3,2.138,3.4,0.0,4.4,0.000
'235',27,07,2014,18490.0,17.1,22.0,1.975,3.2,0.0,3.3,0.000
'235',28,07,2014,9210.0,17.6,22.0,1.943,6.3,7.1,1.7,0.212
'235',29,07,2014,14550.0,16.8,22.3,1.879,4.7,9.4,2.6,0.067
'235',30,07,2014,20960.0,14.7,21.6,1.603,3.8,0.0,3.7,0.000
'235',31,07,2014,23410.0,14.0,22.1,1.638,4.9,0.0,4.2,0.000
'235',01,08,2014,24000.0,13.6,22.7,1.613,2.8,0.0,4.3,0.000
'235',02,08,2014,15010.0,15.7,28.7,2.013,3.3,18.9,2.8,0.125
'235',03,08,2014,25120.0,15.7,21.6,1.582,3.6,0.3,4.5,0.017
'235',04,08,2014,24620.0,13.6,21.2,1.597,3.3,6.2,4.3,0.112
'235',05,08,2014,24620.0,12.3,21.8,1.423,2.5,0.0,4.3,0.000
'235',06,08,2014,9690.0,16.2,23.8,1.791,5.4,1.7,1.7,0.067
'235',07,08,2014,24300.0,16.1,21.9,1.791,3.5,0.0,4.3,0.000
'235',08,08,2014,13540.0,17.3,24.0,1.901,5.0,0.5,2.5,0.012
'235',09,08,2014,21350.0,14.2,21.0,1.550,7.7,0.1,3.8,0.012
'235',10,08,2014,7650.0,14.3,21.3,1.567,7.0,3.8,1.4,0.133
'235',11,08,2014,23190.0,14.1,20.3,1.325,10.8,4.7,4.0,0.079
'235',12,08,2014,20130.0,14.5,19.5,1.318,8.5,0.9,3.5,0.012
'235',13,08,2014,20960.0,13.9,19.4,1.360,7.2,1.6,3.6,0.029
'235',14,08,2014,16910.0,12.1,19.1,1.396,5.2,4.9,2.9,0.037
'235',15,08,2014,19540.0,11.4,19.0,1.353,3.5,2.8,3.3,0.067
'235',16,08,2014,10930.0,13.6,18.1,1.282,5.9,4.8,1.8,0.071
'235',17,08,2014,6870.0,13.0,17.7,1.274,9.5,7.2,1.2,0.154
'235',18,08,2014,14190.0,11.9,18.0,1.264,8.5,9.5,2.3,0.125
'235',19,08,2014,10320.0,10.6,15.1,1.187,5.3,14.8,1.6,0.321
'235',20,08,2014,12570.0,9.7,16.1,1.075,4.1,4.3,2.0,0.142
'235',21,08,2014,18330.0,7.9,17.2,0.981,5.4,0.0,3.0,0.000
'235',22,08,2014,10970.0,12.1,17.2,1.281,5.5,16.0,1.8,0.171
'235',23,08,2014,13490.0,10.4,16.5,1.162,2.8,18.7,2.1,0.146
'235',24,08,2014,17310.0,9.5,16.8,1.084,3.9,1.5,2.7,0.029
'235',25,08,2014,6790.0,8.2,15.8,1.111,3.8,1.9,1.1,0.108
'235',26,08,2014,19830.0,12.6,18.0,1.282,7.0,0.1,3.3,0.021
'235',27,08,2014,21020.0,10.9,19.0,1.342,3.4,0.0,3.6,0.000
'235',28,08,2014,10370.0,12.7,21.0,1.625,4.6,1.1,1.8,0.058
'235',29,08,2014,18990.0,16.1,19.8,1.695,7.1,0.0,3.3,0.000
'235',30,08,2014,14780.0,14.7,19.6,1.621,6.2,2.2,2.6,0.067
'235',31,08,2014,17750.0,12.5,18.2,1.404,3.9,0.0,3.0,0.000
'235',01,09,2014,14800.0,11.8,19.7,1.451,1.9,0.0,2.5,0.000
'235',02,09,2014,16750.0,11.6,19.4,1.497,3.0,0.0,2.9,0.000
'235',03,09,2014,19820.0,14.7,21.0,1.620,3.6,0.0,3.5,0.000
'235',04,09,2014,18390.0,15.0,21.7,1.688,4.1,0.0,3.3,0.000
'235',05,09,2014,9610.0,16.2,22.1,1.915,1.9,0.0,1.7,0.000
'235',06,09,2014,5360.0,15.5,18.9,1.794,2.9,0.0,0.9,0.000
'235',07,09,2014,13970.0,11.9,19.8,1.443,2.8,0.0,2.4,0.000
'235',08,09,2014,18500.0,9.0,18.7,1.169,3.8,0.0,3.1,0.000
'235',09,09,2014,5010.0,13.4,16.7,1.241,3.5,0.0,0.8,0.000
'235',10,09,2014,8990.0,12.3,18.3,1.277,2.9,0.0,1.5,0.000
'235',11,09,2014,18360.0,15.1,19.8,1.615,5.0,0.0,3.2,0.000
'235',12,09,2014,18140.0,15.1,20.1,1.727,5.0,0.0,3.1,0.000
'235',13,09,2014,16640.0,15.9,19.7,1.759,5.2,0.0,2.9,0.000
'235',14,09,2014,16990.0,15.0,19.5,1.693,4.1,0.1,2.9,0.012
'235',15,09,2014,16370.0,14.6,20.8,1.765,3.3,0.0,2.9,0.000
'235',16,09,2014,11870.0,17.1,21.7,2.049,3.0,0.0,2.1,0.000
'235',17,09,2014,15800.0,16.9,23.3,1.933,3.7,0.0,2.9,0.000
'235',18,09,2014,15580.0,16.4,22.3,1.917,3.7,0.0,2.8,0.000
'235',19,09,2014,14960.0,13.6,21.3,1.755,2.4,0.0,2.6,0.000
'235',20,09,2014,10430.0,13.7,21.1,1.793,2.4,2.2,1.8,0.037
'235',21,09,2014,12390.0,14.1,17.9,1.334,5.5,2.7,2.1,0.037
'235',22,09,2014,11940.0,11.6,16.8,1.020,5.2,0.0,1.9,0.000
'235',23,09,2014,6120.0,9.3,17.3,1.044,3.3,0.0,1.0,0.000
'235',24,09,2014,6210.0,13.0,17.6,1.374,5.8,6.1,1.0,0.171
'235',25,09,2014,6990.0,13.7,17.6,1.322,6.9,0.1,1.2,0.004
'235',26,09,2014,7420.0,9.5,19.0,1.341,5.6,0.0,1.3,0.000
'235',27,09,2014,12660.0,8.5,20.1,1.282,1.8,0.0,2.1,0.000
'235',28,09,2014,8960.0,10.9,19.8,1.467,2.3,0.0,1.5,0.000
'235',29,09,2014,7070.0,13.7,19.5,1.742,2.9,0.9,1.2,0.108
'235',30,09,2014,5480.0,12.7,18.6,1.603,4.4,0.0,0.9,0.000
'235',01,10,2014,6840.0,12.4,19.5,1.673,3.8,1.4,1.2,0.071
'235',02,10,2014,13010.0,10.7,18.2,1.402,1.8,0.0,2.2,0.000
'235',03,10,2014,12520.0,9.0,20.8,1.330,2.5,0.0,2.1,0.000
'235',04,10,2014,10620.0,11.9,20.8,1.458,4.8,13.3,1.8,0.137
'235',05,10,2014,9090.0,11.7,15.8,1.137,3.0,0.1,1.5,0.017
'235',06,10,2014,3340.0,13.1,14.7,1.396,4.8,0.4,0.5,0.017
'235',07,10,2014,5750.0,10.1,15.1,1.107,9.0,9.8,0.9,0.133
'235',08,10,2014,3670.0,8.8,15.7,1.233,6.2,9.3,0.6,0.171
'235',09,10,2014,6230.0,12.3,17.1,1.320,9.1,13.6,1.0,0.158
'235',10,10,2014,10050.0,10.2,17.2,1.218,6.5,0.0,1.6,0.000
'235',11,10,2014,3790.0,9.2,15.6,1.278,3.6,1.4,0.6,0.062
'235',12,10,2014,6770.0,9.3,16.6,1.258,3.7,0.5,1.1,0.046
'235',13,10,2014,4100.0,11.3,17.8,1.487,4.8,7.5,0.7,0.137
'235',14,10,2014,2030.0,10.3,14.6,1.343,4.5,4.2,0.3,0.129
'235',15,10,2014,4570.0,10.8,16.0,1.392,2.6,4.7,0.7,0.133
'235',16,10,2014,7450.0,11.9,16.9,1.487,4.3,4.3,1.2,0.150
'235',17,10,2014,8310.0,11.4,17.8,1.509,4.2,0.5,1.4,0.046
'235',18,10,2014,7840.0,12.8,21.0,1.595,6.6,0.0,1.4,0.000
'235',19,10,2014,3550.0,15.9,19.6,1.815,9.0,2.1,0.6,0.108
'235',20,10,2014,5810.0,13.0,16.3,1.342,8.0,1.7,1.0,0.050
'235',21,10,2014,2660.0,9.0,15.7,1.118,10.5,12.9,0.4,0.308
'235',22,10,2014,6110.0,8.9,13.1,0.961,7.7,2.1,0.9,0.083
'235',23,10,2014,2960.0,12.1,14.8,1.305,6.9,0.6,0.5,0.067
'235',24,10,2014,1290.0,11.0,13.6,1.382,6.9,4.0,0.2,0.333
'235',25,10,2014,5810.0,11.0,15.2,1.179,4.9,0.0,0.9,0.000
'235',26,10,2014,3800.0,13.6,15.8,1.251,7.4,0.0,0.6,0.000
'235',27,10,2014,5600.0,10.9,16.0,1.261,5.8,0.0,0.9,0.000
'235',28,10,2014,2180.0,8.6,12.7,1.218,5.8,0.0,0.3,0.000
'235',29,10,2014,2530.0,10.9,14.0,1.307,5.0,5.8,0.4,0.238
'235',30,10,2014,2480.0,10.0,14.1,1.323,4.2,0.1,0.4,0.008
'235',31,10,2014,4750.0,10.3,17.6,1.436,4.0,0.0,0.8,0.000
'235',01,11,2014,6420.0,10.8,17.0,1.413,5.7,0.0,1.0,0.000
'235',02,11,2014,5930.0,11.5,16.6,1.343,8.4,4.3,1.0,0.121
'235',03,11,2014,2020.0,9.7,13.7,1.212,8.5,21.8,0.3,0.425
'235',04,11,2014,4060.0,6.0,11.1,0.986,3.9,3.7,0.6,0.050
'235',05,11,2014,2840.0,4.5,9.1,0.955,2.2,0.0,0.4,0.000
'235',06,11,2014,5580.0,4.0,10.7,0.947,3.5,0.0,0.7,0.000
'235',07,11,2014,1890.0,5.1,9.9,0.899,8.3,0.7,0.3,0.037
'235',08,11,2014,5460.0,8.6,12.5,1.073,7.4,0.5,0.8,0.021
'235',09,11,2014,5220.0,8.3,12.9,1.098,4.8,0.0,0.8,0.000
'235',10,11,2014,5120.0,6.7,12.2,1.045,5.2,0.5,0.7,0.033
'235',11,11,2014,3840.0,5.8,11.1,1.021,4.8,0.0,0.5,0.000
'235',12,11,2014,2170.0,6.5,11.4,1.059,4.1,0.3,0.3,0.033
'235',13,11,2014,5360.0,4.9,12.7,1.013,3.6,0.0,0.8,0.000
'235',14,11,2014,2170.0,7.4,11.1,1.088,4.8,3.9,0.3,0.137
'235',15,11,2014,1250.0,8.7,10.8,1.168,3.4,6.4,0.2,0.146
'235',16,11,2014,860.0,7.4,10.5,1.114,2.1,12.7,0.1,0.692
'235',17,11,2014,3380.0,7.0,11.2,1.074,4.3,0.0,0.5,0.000
'235',18,11,2014,1270.0,6.9,9.3,1.012,5.3,0.0,0.2,0.000
'235',19,11,2014,1760.0,7.3,9.0,0.984,3.0,0.0,0.2,0.000
'235',20,11,2014,1820.0,5.7,8.4,0.890,3.2,0.0,0.2,0.000
'235',21,11,2014,4860.0,4.3,7.3,0.807,5.1,0.0,0.6,0.000
'235',22,11,2014,2530.0,5.4,10.0,0.964,4.0,0.2,0.3,0.025
'235',23,11,2014,2750.0,7.8,12.7,1.169,3.7,8.6,0.4,0.317
'235',24,11,2014,3220.0,2.9,11.2,0.769,3.6,1.5,0.4,0.062
'235',25,11,2014,3040.0,1.9,8.3,0.820,3.3,0.0,0.4,0.000
'235',26,11,2014,2100.0,4.4,5.9,0.783,6.6,0.2,0.3,0.033
'235',27,11,2014,1170.0,5.1,8.0,0.927,5.0,0.7,0.2,0.108
'235',28,11,2014,2190.0,3.5,6.1,0.771,7.6,0.0,0.3,0.000
'235',29,11,2014,2790.0,2.2,3.7,0.686,6.7,0.0,0.3,0.000
'235',30,11,2014,660.0,1.6,2.9,0.674,4.6,0.0,0.1,0.000
'235',01,12,2014,650.0,0.7,2.1,0.614,6.2,0.0,0.1,0.000
'235',02,12,2014,810.0,0.4,2.5,0.642,4.1,0.0,0.1,0.000
'235',03,12,2014,890.0,-0.7,5.3,0.618,6.0,0.0,0.1,0.000
'235',04,12,2014,1220.0,-0.8,1.3,0.564,4.3,0.0,0.1,0.000
'235',05,12,2014,710.0,1.2,7.7,0.767,4.2,2.3,0.1,0.200
'235',06,12,2014,2840.0,1.6,9.2,0.751,2.8,1.5,0.4,0.067
'235',07,12,2014,380.0,6.1,9.6,0.843,8.1,8.6,0.1,0.258
'235',08,12,2014,2070.0,2.7,8.1,0.695,6.5,3.3,0.3,0.100
'235',09,12,2014,2360.0,-0.6,7.6,0.652,5.3,1.2,0.3,0.017
'235',10,12,2014,2660.0,6.1,8.9,0.784,11.8,6.2,0.4,0.246
'235',11,12,2014,1920.0,3.2,8.4,0.661,13.0,2.8,0.3,0.100
'235',12,12,2014,990.0,5.9,10.0,0.878,11.1,20.6,0.1,0.350
'235',13,12,2014,2130.0,3.2,8.1,0.683,4.7,0.9,0.3,0.021
'235',14,12,2014,2410.0,4.2,8.0,0.746,8.4,0.3,0.3,0.025
'235',15,12,2014,2610.0,5.7,8.4,0.850,7.0,4.1,0.4,0.150
'235',16,12,2014,1590.0,3.9,8.2,0.741,5.8,1.8,0.2,0.042
'235',17,12,2014,1070.0,5.3,10.6,0.997,7.2,4.1,0.2,0.250
'235',18,12,2014,1190.0,9.6,11.4,1.216,9.3,0.3,0.2,0.042
'235',19,12,2014,2520.0,7.6,11.2,0.948,10.8,5.5,0.4,0.246
'235',20,12,2014,1450.0,4.9,8.8,0.756,11.8,3.4,0.2,0.108
'235',21,12,2014,880.0,7.3,10.4,0.971,9.2,0.0,0.1,0.000
'235',22,12,2014,930.0,10.3,11.5,1.173,12.5,1.6,0.1,0.100
'235',23,12,2014,2230.0,9.9,11.2,1.107,11.7,0.9,0.3,0.054
'235',24,12,2014,2530.0,6.7,10.2,0.889,9.7,2.2,0.4,0.175
'235',25,12,2014,2730.0,4.7,8.2,0.689,7.2,0.4,0.4,0.017
'235',26,12,2014,2250.0,0.7,6.1,0.649,3.5,0.8,0.3,0.033
'235',27,12,2014,1280.0,0.2,3.4,0.566,10.5,0.6,0.1,0.046
'235',28,12,2014,3410.0,0.2,6.6,0.568,6.1,0.7,0.4,0.004
'235',29,12,2014,2210.0,2.9,7.1,0.698,4.3,0.9,0.3,0.017
'235',30,12,2014,1270.0,5.5,7.2,0.774,4.6,0.1,0.2,0.025
'235',31,12,2014,3480.0,6.0,7.8,0.854,5.9,0.0,0.5,0.000
