* Source of data    : SEQ_F1_S1 - Piracicaba - SP
* File content      : Input weather file for Swap 3.2 (www.swap.alterra.nl)
* File generated by : R-Script 
* File generated at : 13-Sep-2019
station,DD,MM,YYYY,Rad,Tmin,Tmax,Rain,Wind,Hum
'SEQ_F1_S1', 1, 1,2014,21220.0,20.03,29.46,10.6,1.19,3.16
'SEQ_F1_S1', 2, 1,2014,23730.0,20.64,31.68, 1.5,0.66,3.43
'SEQ_F1_S1', 3, 1,2014,23950.0,20.74,34.69, 1.1,0.82,3.66
'SEQ_F1_S1', 4, 1,2014,28370.0,19.31,33.59,12.0,1.89,3.37
'SEQ_F1_S1', 5, 1,2014,28440.0,20.33,33.00, 2.0,1.41,3.45
'SEQ_F1_S1', 6, 1,2014,31760.0,20.19,31.45, 0.0,1.56,2.90
'SEQ_F1_S1', 7, 1,2014,30640.0,17.30,30.25, 0.0,0.63,2.38
'SEQ_F1_S1', 8, 1,2014,31630.0,17.48,29.31, 0.0,1.08,2.38
'SEQ_F1_S1', 9, 1,2014,33670.0,18.20,30.30, 0.0,1.64,2.66
'SEQ_F1_S1',10, 1,2014,32540.0,18.22,30.29, 0.0,0.81,2.37
'SEQ_F1_S1',11, 1,2014,25120.0,18.41,29.84, 0.0,0.99,2.67
'SEQ_F1_S1',12, 1,2014,19540.0,18.10,28.09, 2.9,0.95,2.74
'SEQ_F1_S1',13, 1,2014,15870.0,17.32,26.29,25.7,1.17,2.70
'SEQ_F1_S1',14, 1,2014,26720.0,19.09,31.68, 1.9,1.00,3.15
'SEQ_F1_S1',15, 1,2014,25550.0,18.91,29.05, 1.2,0.68,2.85
'SEQ_F1_S1',16, 1,2014,19190.0,17.65,24.29, 0.1,1.29,2.39
'SEQ_F1_S1',17, 1,2014,30890.0,17.78,30.57,14.8,0.98,2.98
'SEQ_F1_S1',18, 1,2014,33180.0,18.98,31.50, 0.0,1.40,2.92
'SEQ_F1_S1',19, 1,2014,34830.0,18.27,31.57, 0.0,1.38,2.71
'SEQ_F1_S1',20, 1,2014,33710.0,18.32,30.21, 0.0,1.02,2.50
'SEQ_F1_S1',21, 1,2014,33100.0,19.09,29.18, 0.0,0.96,2.46
'SEQ_F1_S1',22, 1,2014,28650.0,19.65,28.32, 0.0,1.12,2.65
'SEQ_F1_S1',23, 1,2014,29770.0,20.03,28.88, 0.0,1.46,2.63
'SEQ_F1_S1',24, 1,2014,28820.0,19.46,29.97, 0.0,1.07,2.80
'SEQ_F1_S1',25, 1,2014,31030.0,17.58,29.22, 0.0,1.08,2.45
'SEQ_F1_S1',26, 1,2014,29960.0,19.81,30.97, 1.3,1.42,2.67
'SEQ_F1_S1',27, 1,2014,31440.0,18.16,30.96, 0.0,1.21,2.64
'SEQ_F1_S1',28, 1,2014,33520.0,18.87,31.47, 0.0,1.04,2.59
'SEQ_F1_S1',29, 1,2014,35010.0,17.36,30.78, 0.0,0.78,2.03
'SEQ_F1_S1',30, 1,2014,33010.0,16.41,30.86, 0.0,0.75,2.06
'SEQ_F1_S1',31, 1,2014,29070.0,17.34,31.53, 0.0,0.79,2.19
'SEQ_F1_S1', 1, 2,2014,33070.0,18.69,31.50, 0.0,0.91,2.06
'SEQ_F1_S1', 2, 2,2014,33610.0,19.36,31.32, 0.0,0.94,2.18
'SEQ_F1_S1', 3, 2,2014,33140.0,19.65,31.31, 0.0,0.97,2.17
'SEQ_F1_S1', 4, 2,2014,32950.0,19.73,31.94, 0.0,1.06,2.09
'SEQ_F1_S1', 5, 2,2014,28920.0,19.63,32.81, 0.0,1.01,2.47
'SEQ_F1_S1', 6, 2,2014,30890.0,18.59,31.75, 0.0,0.89,2.32
'SEQ_F1_S1', 7, 2,2014,33280.0,17.84,32.11, 2.0,0.97,2.05
'SEQ_F1_S1', 8, 2,2014,33250.0,19.45,31.99, 0.5,1.16,2.45
'SEQ_F1_S1', 9, 2,2014,32770.0,18.43,31.69, 0.0,1.35,2.29
'SEQ_F1_S1',10, 2,2014,29970.0,19.38,32.06, 0.0,1.40,2.32
'SEQ_F1_S1',11, 2,2014,27190.0,20.22,31.18, 0.9,1.43,2.37
'SEQ_F1_S1',12, 2,2014,22040.0,20.25,29.10, 0.0,1.38,2.42
'SEQ_F1_S1',13, 2,2014,26100.0,17.50,30.04, 0.0,1.23,2.44
'SEQ_F1_S1',14, 2,2014,22180.0,18.30,28.42, 6.4,1.08,2.69
'SEQ_F1_S1',15, 2,2014,11570.0,19.05,23.89, 1.2,1.44,2.58
'SEQ_F1_S1',16, 2,2014,16200.0,18.70,24.62, 3.5,1.54,2.63
'SEQ_F1_S1',17, 2,2014,18690.0,18.39,26.06, 0.3,2.05,2.56
'SEQ_F1_S1',18, 2,2014,31160.0,17.19,27.76, 0.0,2.65,2.29
'SEQ_F1_S1',19, 2,2014,32970.0,16.70,28.30, 0.0,1.72,2.10
'SEQ_F1_S1',20, 2,2014,31540.0,16.35,29.56, 0.0,1.03,2.26
'SEQ_F1_S1',21, 2,2014,24800.0,17.79,29.33, 0.0,1.09,2.44
'SEQ_F1_S1',22, 2,2014,25990.0,18.53,27.48, 0.2,1.35,2.60
'SEQ_F1_S1',23, 2,2014,23130.0,17.94,29.10, 3.2,1.29,2.82
'SEQ_F1_S1',24, 2,2014,22390.0,18.54,26.38, 1.0,1.17,2.71
'SEQ_F1_S1',25, 2,2014,20390.0,18.65,28.48, 1.4,0.83,2.81
'SEQ_F1_S1',26, 2,2014,27610.0,16.99,30.20, 0.0,1.00,2.56
'SEQ_F1_S1',27, 2,2014,23570.0,18.30,30.31, 0.4,1.07,2.73
'SEQ_F1_S1',28, 2,2014,18590.0,18.45,26.97,12.3,0.91,2.67
'SEQ_F1_S1', 1, 3,2014,25900.0,17.20,27.80,10.9,1.30,2.28
'SEQ_F1_S1', 2, 3,2014,26500.0,16.90,27.80, 0.0,1.30,2.21
'SEQ_F1_S1', 3, 3,2014,23700.0,18.50,28.10, 0.0,2.00,2.17
'SEQ_F1_S1', 4, 3,2014,24400.0,18.00,28.60,10.4,1.00,2.21
'SEQ_F1_S1', 5, 3,2014, 8000.0,19.10,23.70,16.0,0.30,2.26
'SEQ_F1_S1', 6, 3,2014,25500.0,18.60,29.50, 0.2,0.60,2.32
'SEQ_F1_S1', 7, 3,2014,27500.0,18.00,27.50,13.7,1.00,2.26
'SEQ_F1_S1', 8, 3,2014,25200.0,17.90,28.20, 6.8,0.50,2.30
'SEQ_F1_S1', 9, 3,2014,29100.0,17.30,28.10, 0.1,0.80,2.21
'SEQ_F1_S1',10, 3,2014,28300.0,16.10,30.50, 0.0,0.90,2.19
'SEQ_F1_S1',11, 3,2014,22600.0,18.30,28.00, 0.6,1.00,2.27
'SEQ_F1_S1',12, 3,2014,11700.0,18.60,28.20,37.3,0.60,2.44
'SEQ_F1_S1',13, 3,2014,17100.0,19.70,28.90, 0.0,0.90,2.35
'SEQ_F1_S1',14, 3,2014,29100.0,18.30,30.40, 0.0,1.00,2.20
'SEQ_F1_S1',15, 3,2014,29600.0,18.10,29.90, 0.0,0.90,2.17
'SEQ_F1_S1',16, 3,2014,29400.0,18.70,29.90, 0.0,1.00,2.12
'SEQ_F1_S1',17, 3,2014,27200.0,17.80,29.30, 0.0,0.80,2.12
'SEQ_F1_S1',18, 3,2014,23100.0,16.60,29.00, 0.0,1.00,2.15
'SEQ_F1_S1',19, 3,2014,25500.0,16.30,28.00, 0.0,0.70,2.20
'SEQ_F1_S1',20, 3,2014,21300.0,17.80,28.00, 5.0,1.30,2.29
'SEQ_F1_S1',21, 3,2014,17100.0,18.70,28.80,10.0,1.10,2.38
'SEQ_F1_S1',22, 3,2014,15900.0,19.10,28.20, 0.0,0.80,2.36
'SEQ_F1_S1',23, 3,2014,19800.0,17.30,24.60, 0.0,2.00,2.19
'SEQ_F1_S1',24, 3,2014,21300.0,16.60,25.80, 0.0,1.40,2.17
'SEQ_F1_S1',25, 3,2014,25100.0,13.30,26.70, 0.0,1.30,2.12
'SEQ_F1_S1',26, 3,2014,23800.0,16.00,26.90, 0.0,1.60,2.15
'SEQ_F1_S1',27, 3,2014,25400.0,16.10,27.20, 0.0,1.20,2.15
'SEQ_F1_S1',28, 3,2014,26200.0,16.30,28.10, 0.0,1.20,2.17
'SEQ_F1_S1',29, 3,2014,23400.0,18.10,23.70, 0.0,0.80,2.12
'SEQ_F1_S1',30, 3,2014,11400.0,15.30,29.90, 0.0,0.90,2.35
'SEQ_F1_S1',31, 3,2014,15800.0,17.30,28.70, 3.5,0.50,2.37
'SEQ_F1_S1', 1, 4,2014,24900.0,19.40,28.70, 2.0,1.10,2.33
'SEQ_F1_S1', 2, 4,2014,24400.0,13.70,28.00, 0.1,1.20,2.20
'SEQ_F1_S1', 3, 4,2014,21700.0,16.80,28.00, 0.0,1.20,2.23
'SEQ_F1_S1', 4, 4,2014,22000.0,18.00,27.40, 0.0,2.30,2.20
'SEQ_F1_S1', 5, 4,2014,25300.0,16.50,28.10, 0.0,1.10,2.11
'SEQ_F1_S1', 6, 4,2014,25600.0,14.90,28.60, 0.0,0.60,2.14
'SEQ_F1_S1', 7, 4,2014,25100.0,15.30,30.10, 0.0,0.70,2.07
'SEQ_F1_S1', 8, 4,2014,24600.0,15.20,29.40, 0.0,0.70,2.09
'SEQ_F1_S1', 9, 4,2014,18900.0,15.80,29.00, 0.0,0.90,2.18
'SEQ_F1_S1',10, 4,2014,15100.0,16.80,27.10, 0.0,1.10,2.18
'SEQ_F1_S1',11, 4,2014,21100.0,16.60,28.50, 0.0,0.70,2.20
'SEQ_F1_S1',12, 4,2014,19800.0,18.20,28.90, 2.0,1.60,2.28
'SEQ_F1_S1',13, 4,2014,11900.0,19.50,27.90, 0.3,0.90,2.37
'SEQ_F1_S1',14, 4,2014,10500.0,16.80,22.80, 1.2,1.80,2.15
'SEQ_F1_S1',15, 4,2014, 7700.0,15.90,21.30,40.5,1.30,2.09
'SEQ_F1_S1',16, 4,2014,16100.0,16.90,25.10, 0.0,1.20,2.24
'SEQ_F1_S1',17, 4,2014,21800.0,15.50,26.60, 0.0,0.80,2.21
'SEQ_F1_S1',18, 4,2014,23000.0,14.80,27.60, 0.0,0.60,2.19
'SEQ_F1_S1',19, 4,2014,21700.0,15.20,28.60, 0.0,0.90,2.15
'SEQ_F1_S1',20, 4,2014,18800.0,17.00,26.40, 0.0,1.20,2.22
'SEQ_F1_S1',21, 4,2014,22200.0,16.00,26.40, 0.0,1.10,2.18
'SEQ_F1_S1',22, 4,2014, 7900.0,16.70,22.80, 0.0,1.10,2.17
'SEQ_F1_S1',23, 4,2014, 8800.0,15.60,22.90, 0.0,0.40,2.14
'SEQ_F1_S1',24, 4,2014,15700.0,16.10,24.00, 0.0,1.10,2.18
'SEQ_F1_S1',25, 4,2014,21700.0,14.60,24.00, 0.0,1.20,2.08
'SEQ_F1_S1',26, 4,2014,21900.0,12.80,22.80,10.2,1.30,2.00
'SEQ_F1_S1',27, 4,2014,22000.0,11.50,22.60, 0.0,1.70,1.94
'SEQ_F1_S1',28, 4,2014,22700.0,12.10,22.90, 0.0,1.70,1.95
'SEQ_F1_S1',29, 4,2014,22800.0,10.50,23.70, 0.0,0.60,1.94
'SEQ_F1_S1',30, 4,2014,20300.0,10.10,23.80, 0.0,0.90,1.94
'SEQ_F1_S1', 1, 5,2014,17000.0,13.20,23.60,11.3,1.80,1.96
'SEQ_F1_S1', 2, 5,2014,15800.0,12.90,24.20, 2.9,0.40,2.05
'SEQ_F1_S1', 3, 5,2014,18400.0,13.40,24.90, 1.0,0.40,2.10
'SEQ_F1_S1', 4, 5,2014,21600.0,11.90,25.80, 0.0,0.80,2.04
'SEQ_F1_S1', 5, 5,2014,19400.0,12.10,26.50, 0.0,0.60,2.07
'SEQ_F1_S1', 6, 5,2014,17900.0,12.90,26.20, 0.0,0.50,2.09
'SEQ_F1_S1', 7, 5,2014,14200.0,14.00,26.90, 0.0,0.50,2.14
'SEQ_F1_S1', 8, 5,2014,20500.0,13.00,26.70, 0.0,1.00,2.07
'SEQ_F1_S1', 9, 5,2014,17800.0,13.50,24.40, 0.0,1.10,2.08
'SEQ_F1_S1',10, 5,2014,21200.0,13.40,22.30, 0.0,2.00,1.95
'SEQ_F1_S1',11, 5,2014,20900.0,12.70,23.30, 0.0,2.30,1.98
'SEQ_F1_S1',12, 5,2014,19900.0,10.50,23.70, 0.0,0.60,1.96
'SEQ_F1_S1',13, 5,2014,18500.0,11.60,24.60, 0.0,0.70,1.99
'SEQ_F1_S1',14, 5,2014,15800.0,11.70,24.60, 0.0,0.90,2.01
'SEQ_F1_S1',15, 5,2014,18700.0,11.50,24.60, 0.0,0.60,1.99
'SEQ_F1_S1',16, 5,2014,17100.0,10.80,25.20, 0.0,0.90,1.98
'SEQ_F1_S1',17, 5,2014,15600.0,15.20,24.40, 0.0,1.10,2.10
'SEQ_F1_S1',18, 5,2014,12900.0,14.60,23.90, 0.0,0.50,2.10
'SEQ_F1_S1',19, 5,2014,17800.0,12.50,25.40, 0.0,0.80,2.08
'SEQ_F1_S1',20, 5,2014,18800.0,10.50,25.70, 0.0,0.40,2.03
'SEQ_F1_S1',21, 5,2014,17100.0,11.60,27.00, 0.0,1.10,2.01
'SEQ_F1_S1',22, 5,2014,10500.0,16.60,26.40,13.8,1.40,2.14
'SEQ_F1_S1',23, 5,2014, 7200.0,17.70,22.80,19.2,0.50,2.21
'SEQ_F1_S1',24, 5,2014, 5600.0,16.30,19.90, 0.8,0.60,2.04
'SEQ_F1_S1',25, 5,2014, 6700.0,15.70,20.80, 0.5,0.30,2.06
'SEQ_F1_S1',26, 5,2014, 9000.0,13.10,23.00, 0.1,1.00,2.08
'SEQ_F1_S1',27, 5,2014,10700.0,11.10,19.30, 0.0,0.30,1.78
'SEQ_F1_S1',28, 5,2014,10800.0,12.30,20.90, 0.0,0.60,1.94
'SEQ_F1_S1',29, 5,2014,17400.0,11.50,23.70, 0.0,0.90,2.02
'SEQ_F1_S1',30, 5,2014,19100.0,10.00,23.60, 0.0,0.60,1.93
'SEQ_F1_S1',31, 5,2014,17900.0, 9.30,24.30, 0.0,0.70,1.99
'SEQ_F1_S1', 1, 6,2014, 5100.0,13.30,19.70, 1.4,0.80,1.92
'SEQ_F1_S1', 2, 6,2014,15700.0,12.80,23.20, 0.1,1.10,2.01
'SEQ_F1_S1', 3, 6,2014,18400.0, 7.90,21.10, 0.0,0.40,1.78
'SEQ_F1_S1', 4, 6,2014,18700.0, 6.30,23.70, 0.0,0.50,1.87
'SEQ_F1_S1', 5, 6,2014,14400.0, 9.60,26.50, 0.0,1.00,2.05
'SEQ_F1_S1', 6, 6,2014, 5200.0,15.80,21.20, 0.0,0.70,2.05
'SEQ_F1_S1', 7, 6,2014,16100.0,15.20,27.50, 0.0,1.00,2.12
'SEQ_F1_S1', 8, 6,2014,15700.0,15.10,27.00, 0.0,1.50,2.00
'SEQ_F1_S1', 9, 6,2014,15000.0,15.70,25.60, 0.0,0.90,2.11
'SEQ_F1_S1',10, 6,2014,12400.0,15.20,22.20, 0.0,1.80,2.07
'SEQ_F1_S1',11, 6,2014,17200.0,14.00,24.20, 0.0,0.80,2.06
'SEQ_F1_S1',12, 6,2014,17300.0,11.80,24.90, 0.0,1.00,2.05
'SEQ_F1_S1',13, 6,2014,17800.0,12.30,25.20, 0.0,0.70,2.06
'SEQ_F1_S1',14, 6,2014,15500.0,12.50,25.30, 0.0,0.70,2.05
'SEQ_F1_S1',15, 6,2014,16000.0,13.30,24.60, 0.0,0.80,2.09
'SEQ_F1_S1',16, 6,2014,17000.0,12.20,24.30, 0.0,0.50,2.05
'SEQ_F1_S1',17, 6,2014,17500.0,11.60,25.70, 0.0,0.40,2.05
'SEQ_F1_S1',18, 6,2014,17000.0,11.40,24.00, 0.1,0.90,2.03
'SEQ_F1_S1',19, 6,2014,13900.0,11.80,20.40, 0.0,1.40,1.88
'SEQ_F1_S1',20, 6,2014,16900.0, 8.70,21.30, 0.0,0.80,1.83
'SEQ_F1_S1',21, 6,2014,15800.0,10.30,21.80, 0.0,0.70,1.91
'SEQ_F1_S1',22, 6,2014,16300.0, 9.60,23.50, 0.1,0.50,1.97
'SEQ_F1_S1',23, 6,2014,14100.0,10.90,25.10, 0.0,0.60,2.05
'SEQ_F1_S1',24, 6,2014,17600.0,11.60,25.20, 0.0,0.60,2.03
'SEQ_F1_S1',25, 6,2014,16100.0,11.40,25.20, 0.0,0.60,2.02
'SEQ_F1_S1',26, 6,2014,16400.0,11.40,26.20, 0.0,0.80,2.05
'SEQ_F1_S1',27, 6,2014,17300.0,11.50,27.00, 0.0,0.70,2.05
'SEQ_F1_S1',28, 6,2014,16100.0,12.20,27.40, 0.0,0.70,2.04
'SEQ_F1_S1',29, 6,2014,11700.0,14.10,21.50, 0.0,1.60,2.02
'SEQ_F1_S1',30, 6,2014,18900.0,10.50,21.30, 0.0,1.00,1.83
'SEQ_F1_S1', 1, 7,2014,18800.0, 7.10,22.90, 0.0,0.70,1.79
'SEQ_F1_S1', 2, 7,2014,17500.0,10.20,26.20, 0.0,0.70,1.94
'SEQ_F1_S1', 3, 7,2014,17100.0,10.70,27.80, 0.0,0.60,2.01
'SEQ_F1_S1', 4, 7,2014,16800.0,12.80,27.70, 0.0,0.60,2.03
'SEQ_F1_S1', 5, 7,2014,17100.0,12.10,26.30, 0.0,0.70,2.01
'SEQ_F1_S1', 6, 7,2014,17700.0,11.40,25.00, 0.0,1.00,1.95
'SEQ_F1_S1', 7, 7,2014, 6700.0,12.60,22.70, 0.0,0.40,1.95
'SEQ_F1_S1', 8, 7,2014,11100.0,14.80,20.80, 3.9,1.70,2.01
'SEQ_F1_S1', 9, 7,2014, 7900.0,12.60,20.70, 5.7,1.10,1.95
'SEQ_F1_S1',10, 7,2014, 9700.0,14.70,20.60, 2.4,1.30,2.02
'SEQ_F1_S1',11, 7,2014,13100.0,13.30,21.50, 0.0,1.90,1.98
'SEQ_F1_S1',12, 7,2014,18200.0,10.40,23.40, 0.0,1.40,1.96
'SEQ_F1_S1',13, 7,2014,19000.0,10.30,23.50, 0.0,0.90,1.94
'SEQ_F1_S1',14, 7,2014,18500.0, 8.50,24.10, 0.0,1.00,1.93
'SEQ_F1_S1',15, 7,2014,17500.0, 9.60,24.10, 0.0,0.60,1.94
'SEQ_F1_S1',16, 7,2014,17600.0, 9.40,25.10, 0.0,0.60,1.95
'SEQ_F1_S1',17, 7,2014,16700.0,11.70,26.50, 0.0,0.80,1.99
'SEQ_F1_S1',18, 7,2014, 9000.0,14.00,21.10, 2.5,1.70,1.95
'SEQ_F1_S1',19, 7,2014,19600.0,11.60,20.90, 0.0,0.70,1.84
'SEQ_F1_S1',20, 7,2014,19200.0, 7.50,21.70, 0.0,0.90,1.79
'SEQ_F1_S1',21, 7,2014,19300.0, 7.10,24.80, 0.0,0.60,1.90
'SEQ_F1_S1',22, 7,2014,18300.0, 8.60,26.50, 0.0,0.80,1.96
'SEQ_F1_S1',23, 7,2014,18700.0,10.80,25.90, 0.0,1.20,1.93
'SEQ_F1_S1',24, 7,2014, 3400.0,14.30,20.10, 5.3,1.30,1.94
'SEQ_F1_S1',25, 7,2014, 6900.0,12.00,17.90, 2.3,1.00,1.73
'SEQ_F1_S1',26, 7,2014, 8100.0,11.00,19.20, 0.0,0.40,1.77
'SEQ_F1_S1',27, 7,2014, 7500.0,14.40,19.20, 0.8,1.70,1.93
'SEQ_F1_S1',28, 7,2014,14800.0,13.60,22.60, 0.0,2.10,2.03
'SEQ_F1_S1',29, 7,2014,18600.0,12.40,24.10, 0.0,1.70,2.02
'SEQ_F1_S1',30, 7,2014,20200.0,10.70,24.30, 0.0,0.60,1.97
'SEQ_F1_S1',31, 7,2014,19200.0, 9.70,24.60, 0.0,0.60,1.94
'SEQ_F1_S1', 1, 8,2014,20100.0, 9.60,25.80, 0.0,0.90,1.93
'SEQ_F1_S1', 2, 8,2014,19800.0,10.30,26.50, 0.0,0.70,1.96
'SEQ_F1_S1', 3, 8,2014,19900.0,10.70,28.40, 0.0,0.80,1.95
'SEQ_F1_S1', 4, 8,2014,20800.0,10.80,28.30, 0.0,1.60,1.93
'SEQ_F1_S1', 5, 8,2014,18900.0,11.20,22.00, 0.0,2.80,1.84
'SEQ_F1_S1', 6, 8,2014,20800.0, 8.40,25.30, 0.0,0.60,1.87
'SEQ_F1_S1', 7, 8,2014,20900.0, 7.70,26.20, 0.0,0.80,1.87
'SEQ_F1_S1', 8, 8,2014,19600.0,10.10,24.70, 0.0,1.60,1.98
'SEQ_F1_S1', 9, 8,2014,19400.0,11.60,24.20, 0.0,1.20,2.01
'SEQ_F1_S1',10, 8,2014,18500.0,11.20,24.90, 0.0,0.90,1.96
'SEQ_F1_S1',11, 8,2014,21200.0,10.90,27.00, 0.0,0.70,1.89
'SEQ_F1_S1',12, 8,2014,20700.0,11.30,28.70, 0.0,1.00,1.88
'SEQ_F1_S1',13, 8,2014, 5700.0,10.90,20.70, 5.4,2.00,1.86
'SEQ_F1_S1',14, 8,2014, 5900.0,10.60,15.00, 0.0,3.10,1.50
'SEQ_F1_S1',15, 8,2014,20200.0,11.20,24.20, 0.0,1.40,1.98
'SEQ_F1_S1',16, 8,2014,16000.0,13.90,25.10, 0.0,1.30,2.06
'SEQ_F1_S1',17, 8,2014, 9200.0,14.40,22.40, 0.8,1.00,2.07
'SEQ_F1_S1',18, 8,2014,22000.0,11.10,26.30, 0.1,1.10,2.07
'SEQ_F1_S1',19, 8,2014,23400.0,12.20,24.60, 0.0,1.20,1.98
'SEQ_F1_S1',20, 8,2014,23200.0,11.00,26.40, 0.0,1.10,1.98
'SEQ_F1_S1',21, 8,2014,22800.0,11.00,27.60, 0.0,0.70,1.96
'SEQ_F1_S1',22, 8,2014,22300.0,11.40,28.20, 0.0,1.10,1.91
'SEQ_F1_S1',23, 8,2014,22200.0,11.90,28.80, 0.0,0.70,1.88
'SEQ_F1_S1',24, 8,2014,22900.0,11.70,29.60, 0.0,1.40,1.80
'SEQ_F1_S1',25, 8,2014,22900.0,12.10,30.20, 0.0,1.20,1.69
'SEQ_F1_S1',26, 8,2014,18500.0,14.60,27.30, 0.0,2.00,1.93
'SEQ_F1_S1',27, 8,2014,22000.0,15.40,24.60, 0.0,1.00,1.84
'SEQ_F1_S1',28, 8,2014,18700.0,12.20,23.40, 0.0,1.00,1.92
'SEQ_F1_S1',29, 8,2014,21200.0,10.40,23.60, 0.4,1.00,1.94
'SEQ_F1_S1',30, 8,2014,23700.0,10.10,26.40, 0.0,1.00,2.00
'SEQ_F1_S1',31, 8,2014,21600.0,10.80,31.60, 0.9,1.90,2.11
'SEQ_F1_S1', 1, 9,2014,13000.0,14.90,26.40,11.0,1.20,2.21
'SEQ_F1_S1', 2, 9,2014,22900.0,14.90,29.90, 7.2,1.10,2.14
'SEQ_F1_S1', 3, 9,2014,18200.0,16.20,26.80,11.5,1.90,2.21
'SEQ_F1_S1', 4, 9,2014,20900.0,14.20,22.70, 0.0,2.60,2.00
'SEQ_F1_S1', 5, 9,2014,25900.0,13.30,24.80, 0.0,1.80,1.98
'SEQ_F1_S1', 6, 9,2014,25800.0,10.00,26.10, 0.0,1.10,1.95
'SEQ_F1_S1', 7, 9,2014,22300.0,12.80,25.80, 0.0,1.00,1.91
'SEQ_F1_S1', 8, 9,2014,21400.0,16.90,27.70, 0.0,0.80,1.94
'SEQ_F1_S1', 9, 9,2014,25800.0,12.10,28.20, 0.0,1.30,1.91
'SEQ_F1_S1',10, 9,2014,25800.0,14.00,29.40, 0.0,1.20,1.77
'SEQ_F1_S1',11, 9,2014,24300.0,14.80,30.80, 0.0,1.20,1.75
'SEQ_F1_S1',12, 9,2014,25000.0,14.80,29.20, 0.0,1.20,2.02
'SEQ_F1_S1',13, 9,2014,25700.0,12.40,27.70, 0.0,0.90,1.96
'SEQ_F1_S1',14, 9,2014,25200.0,13.30,29.60, 0.0,1.10,1.83
'SEQ_F1_S1',15, 9,2014,20800.0,14.70,31.00, 0.0,1.90,1.85
'SEQ_F1_S1',16, 9,2014,24700.0,14.90,27.40, 0.0,1.50,2.03
'SEQ_F1_S1',17, 9,2014,26800.0,13.70,27.40, 0.0,1.40,2.08
'SEQ_F1_S1',18, 9,2014,22600.0,12.10,28.40, 0.0,1.00,2.03
'SEQ_F1_S1',19, 9,2014,11300.0,16.60,24.80, 1.3,1.60,2.17
'SEQ_F1_S1',20, 9,2014, 5700.0,17.30,21.40,11.1,0.70,2.13
'SEQ_F1_S1',21, 9,2014,20400.0,16.40,26.60, 0.0,1.50,2.18
'SEQ_F1_S1',22, 9,2014,29300.0,13.90,24.10, 0.0,2.20,1.97
'SEQ_F1_S1',23, 9,2014,28300.0,10.10,29.20, 0.0,0.80,1.93
'SEQ_F1_S1',24, 9,2014,21700.0,14.70,30.20, 5.5,2.20,2.03
'SEQ_F1_S1',25, 9,2014,14600.0,16.80,26.80, 4.6,0.60,2.28
'SEQ_F1_S1',26, 9,2014, 7900.0,18.70,26.30,33.7,1.10,2.33
'SEQ_F1_S1',27, 9,2014,10300.0,18.60,23.90, 1.3,1.20,2.26
'SEQ_F1_S1',28, 9,2014,20600.0,17.80,29.50, 0.0,1.20,2.29
'SEQ_F1_S1',29, 9,2014,22900.0,18.50,32.40, 0.0,1.60,2.18
'SEQ_F1_S1',30, 9,2014,19000.0,17.60,29.60, 0.0,1.30,2.16
'SEQ_F1_S1', 1,10,2014,14100.0,18.90,28.90, 3.2,1.60,2.23
'SEQ_F1_S1', 2,10,2014,27500.0,14.10,23.30, 0.0,3.90,2.01
'SEQ_F1_S1', 3,10,2014,30000.0,13.20,22.70, 0.0,4.10,1.90
'SEQ_F1_S1', 4,10,2014,30000.0,12.00,22.00, 0.0,3.60,1.84
'SEQ_F1_S1', 5,10,2014,30000.0,10.70,23.30, 0.0,2.70,1.86
'SEQ_F1_S1', 6,10,2014,28600.0,10.30,24.80, 0.0,1.50,1.89
'SEQ_F1_S1', 7,10,2014,19600.0,12.00,24.70, 0.0,0.70,1.94
'SEQ_F1_S1', 8,10,2014,29500.0,11.70,27.10, 0.0,1.30,1.90
'SEQ_F1_S1', 9,10,2014,29600.0,13.00,29.70, 0.0,1.10,1.81
'SEQ_F1_S1',10,10,2014,29800.0,13.90,31.10, 0.0,1.40,1.75
'SEQ_F1_S1',11,10,2014,29400.0,14.70,32.00, 0.0,1.20,1.68
'SEQ_F1_S1',12,10,2014,27200.0,16.30,32.70, 0.0,0.80,1.57
'SEQ_F1_S1',13,10,2014,27600.0,15.60,33.40, 0.0,0.90,1.49
'SEQ_F1_S1',14,10,2014,28400.0,18.00,33.80, 0.0,1.40,1.44
'SEQ_F1_S1',15,10,2014,28400.0,17.40,31.20, 0.0,2.00,2.02
'SEQ_F1_S1',16,10,2014,26300.0,15.80,32.90, 0.0,1.00,1.86
'SEQ_F1_S1',17,10,2014,26600.0,18.20,33.70, 0.0,1.50,1.79
'SEQ_F1_S1',18,10,2014,26300.0,16.90,32.40, 0.0,1.40,1.88
'SEQ_F1_S1',19,10,2014,26700.0,17.50,33.10, 2.6,1.80,1.84
'SEQ_F1_S1',20,10,2014,13700.0,17.60,24.20, 0.0,2.10,2.17
'SEQ_F1_S1',21,10,2014,23100.0,15.90,24.60, 0.0,3.20,2.04
'SEQ_F1_S1',22,10,2014,28500.0,15.40,27.30, 0.0,2.50,2.05
'SEQ_F1_S1',23,10,2014,27200.0,14.90,28.90, 0.0,1.40,2.03
'SEQ_F1_S1',24,10,2014,26100.0,16.10,30.60, 4.3,1.30,2.08
'SEQ_F1_S1',25,10,2014,10800.0,18.20,24.30, 7.3,0.60,2.27
'SEQ_F1_S1',26,10,2014,24700.0,18.20,29.00, 0.1,0.90,2.24
'SEQ_F1_S1',27,10,2014,30000.0,15.70,28.60, 0.0,1.40,2.01
'SEQ_F1_S1',28,10,2014,30000.0,13.40,27.60, 0.0,1.40,1.97
'SEQ_F1_S1',29,10,2014,30000.0,13.40,29.70, 0.0,0.90,1.91
'SEQ_F1_S1',30,10,2014,28700.0,16.30,31.90, 0.0,1.40,1.70
'SEQ_F1_S1',31,10,2014,25700.0,19.80,30.40, 0.0,1.40,1.93
'SEQ_F1_S1', 1,11,2014,20500.0,19.20,30.30, 2.3,1.10,2.08
'SEQ_F1_S1', 2,11,2014,26400.0,17.50,30.90,32.1,1.20,2.09
'SEQ_F1_S1', 3,11,2014,25200.0,19.40,31.50,14.9,1.20,2.33
'SEQ_F1_S1', 4,11,2014,12200.0,19.80,27.90,20.9,1.30,2.39
'SEQ_F1_S1', 5,11,2014,16800.0,19.10,25.40, 0.2,1.70,2.32
'SEQ_F1_S1', 6,11,2014,30000.0,18.00,31.80, 0.0,1.20,2.18
'SEQ_F1_S1', 7,11,2014,21200.0,18.30,29.40,17.9,1.10,2.25
'SEQ_F1_S1', 8,11,2014,16400.0,18.60,26.50, 2.4,1.00,2.32
'SEQ_F1_S1', 9,11,2014,28500.0,18.60,28.40, 0.0,2.20,2.18
'SEQ_F1_S1',10,11,2014,30000.0,16.00,28.40, 0.0,1.70,2.07
'SEQ_F1_S1',11,11,2014,30000.0,13.60,28.80, 0.0,1.30,2.05
'SEQ_F1_S1',12,11,2014,14300.0,15.70,24.90, 0.0,0.80,2.14
'SEQ_F1_S1',13,11,2014,22400.0,18.00,27.00, 7.2,1.90,2.28
'SEQ_F1_S1',14,11,2014,24400.0,17.30,25.20, 0.0,3.40,2.17
'SEQ_F1_S1',15,11,2014,30000.0,15.60,26.20, 0.0,3.00,2.04
'SEQ_F1_S1',16,11,2014,30000.0,14.70,26.30, 0.0,2.60,2.01
'SEQ_F1_S1',17,11,2014,30000.0,12.30,27.20, 0.0,1.60,2.02
'SEQ_F1_S1',18,11,2014,30000.0,13.80,28.00, 0.0,1.70,2.00
'SEQ_F1_S1',19,11,2014,30000.0,16.00,29.20, 0.0,1.00,1.95
'SEQ_F1_S1',20,11,2014,12300.0,17.70,23.70, 0.0,1.20,2.13
'SEQ_F1_S1',21,11,2014,30000.0,17.70,30.60, 0.0,1.30,2.05
'SEQ_F1_S1',22,11,2014, 8700.0,18.30,24.00, 4.6,0.90,2.25
'SEQ_F1_S1',23,11,2014,16400.0,19.10,27.60, 0.2,1.20,2.32
'SEQ_F1_S1',24,11,2014,17700.0,19.60,29.40, 4.5,1.20,2.36
'SEQ_F1_S1',25,11,2014,16400.0,19.90,28.60,19.3,0.50,2.39
'SEQ_F1_S1',26,11,2014,16500.0,20.20,26.40,27.9,1.00,2.36
'SEQ_F1_S1',27,11,2014,18500.0,20.80,29.30, 0.1,1.00,2.32
'SEQ_F1_S1',28,11,2014,21400.0,18.40,28.30, 0.0,1.10,2.22
'SEQ_F1_S1',29,11,2014,19300.0,18.90,27.40, 0.0,1.10,2.22
'SEQ_F1_S1',30,11,2014,22100.0,18.20,26.60, 0.1,1.00,2.26
'SEQ_F1_S1', 1,12,2014,20000.0,19.10,28.80, 5.5,0.70,2.34
'SEQ_F1_S1', 2,12,2014,28100.0,18.60,28.90, 0.1,1.60,2.25
'SEQ_F1_S1', 3,12,2014,24000.0,19.60,29.30, 0.0,1.30,2.13
'SEQ_F1_S1', 4,12,2014,20300.0,17.60,28.30, 0.0,2.00,2.29
'SEQ_F1_S1', 5,12,2014,23400.0,17.00,25.50, 0.0,2.50,2.15
'SEQ_F1_S1', 6,12,2014,28400.0,16.20,28.60, 3.9,2.00,2.16
'SEQ_F1_S1', 7,12,2014,30000.0,17.80,30.20, 0.0,1.00,2.11
'SEQ_F1_S1', 8,12,2014,23800.0,19.40,28.50, 0.0,0.90,2.17
'SEQ_F1_S1', 9,12,2014,23300.0,18.70,27.90, 7.4,1.20,2.22
'SEQ_F1_S1',10,12,2014, 9900.0,19.50,24.90,18.9,0.60,2.31
'SEQ_F1_S1',11,12,2014,22500.0,19.80,28.30, 0.0,0.80,2.35
'SEQ_F1_S1',12,12,2014,19900.0,19.80,29.30,21.7,1.10,2.37
'SEQ_F1_S1',13,12,2014, 8500.0,19.60,23.10,18.1,1.10,2.26
'SEQ_F1_S1',14,12,2014,22400.0,19.20,29.50, 0.0,1.50,2.36
'SEQ_F1_S1',15,12,2014,30000.0,16.60,27.70, 0.0,1.70,2.11
'SEQ_F1_S1',16,12,2014,30000.0,15.00,29.80, 0.0,1.10,2.17
'SEQ_F1_S1',17,12,2014,30000.0,16.00,29.90, 0.0,1.00,2.14
'SEQ_F1_S1',18,12,2014,30000.0,19.10,30.50, 0.0,0.90,2.06
'SEQ_F1_S1',19,12,2014,25700.0,20.10,30.20, 1.4,1.10,2.33
'SEQ_F1_S1',20,12,2014,26600.0,19.30,30.40,42.2,1.40,2.34
'SEQ_F1_S1',21,12,2014,24400.0,21.30,29.60, 1.5,1.60,2.37
'SEQ_F1_S1',22,12,2014,23500.0,20.30,30.00,52.8,1.60,2.40
'SEQ_F1_S1',23,12,2014, 5700.0,18.80,24.60,20.2,0.70,2.28
'SEQ_F1_S1',24,12,2014,23400.0,17.80,28.20, 4.8,1.10,2.33
'SEQ_F1_S1',25,12,2014,30000.0,18.60,32.40, 0.0,0.70,2.21
'SEQ_F1_S1',26,12,2014,30000.0,20.40,33.00, 0.0,0.60,1.99
'SEQ_F1_S1',27,12,2014,30000.0,19.70,32.90, 0.0,0.70,1.86
'SEQ_F1_S1',28,12,2014,30000.0,19.10,31.50, 3.9,1.00,2.04
'SEQ_F1_S1',29,12,2014,28300.0,18.10,32.20,40.1,1.10,2.22
'SEQ_F1_S1',30,12,2014,23800.0,19.60,31.30,11.2,0.60,2.39
'SEQ_F1_S1',31,12,2014,27000.0,19.90,31.30, 2.2,0.80,2.37
