Station,DD,MM,YYYY,Rad,TMin,TMax,Hum,Wind,Rain,ETref
'Almen',1,1,1998,-99.9,4.8,7.6,-99.9,-99.9,1.6,0.3
'Almen',2,1,1998,-99.9,5.3,9.6,-99.9,-99.9,5.7,0.2
'Almen',3,1,1998,-99.9,3.5,10.3,-99.9,-99.9,6.4,0.0
'Almen',4,1,1998,-99.9,4.5,8.6,-99.9,-99.9,16.7,0.2
'Almen',5,1,1998,-99.9,3.8,7.3,-99.9,-99.9,5.3,0.1
'Almen',6,1,1998,-99.9,3.3,7.5,-99.9,-99.9,12.0,0.2
'Almen',7,1,1998,-99.9,5.7,11.4,-99.9,-99.9,2.0,0.3
'Almen',8,1,1998,-99.9,6.7,11.7,-99.9,-99.9,7.7,0.2
'Almen',9,1,1998,-99.9,8.2,12.4,-99.9,-99.9,2.4,0.2
'Almen',10,1,1998,-99.9,5.9,12.3,-99.9,-99.9,0.0,0.5
'Almen',11,1,1998,-99.9,-2.2,11.7,-99.9,-99.9,0.0,0.5
'Almen',12,1,1998,-99.9,6.1,10.6,-99.9,-99.9,0.0,0.4
'Almen',13,1,1998,-99.9,3.0,10.4,-99.9,-99.9,0.0,0.4
'Almen',14,1,1998,-99.9,4.9,10.9,-99.9,-99.9,0.1,0.2
'Almen',15,1,1998,-99.9,3.3,8.6,-99.9,-99.9,3.1,0.1
'Almen',16,1,1998,-99.9,5.4,8.6,-99.9,-99.9,1.4,0.2
'Almen',17,1,1998,-99.9,2.1,6.8,-99.9,-99.9,1.6,0.4
'Almen',18,1,1998,-99.9,3.3,7.9,-99.9,-99.9,0.0,0.1
'Almen',19,1,1998,-99.9,1.1,6.9,-99.9,-99.9,7.0,0.1
'Almen',20,1,1998,-99.9,0.6,4.4,-99.9,-99.9,3.5,0.1
'Almen',21,1,1998,-99.9,-1.4,0.6,-99.9,-99.9,0.2,0.1
'Almen',22,1,1998,-99.9,-2.3,1.1,-99.9,-99.9,0.0,0.3
'Almen',23,1,1998,-99.9,-2.1,1.7,-99.9,-99.9,0.0,0.1
'Almen',24,1,1998,-99.9,0.4,2.6,-99.9,-99.9,0.4,0.1
'Almen',25,1,1998,-99.9,-3.5,1.8,-99.9,-99.9,0.0,0.5
'Almen',26,1,1998,-99.9,-7.8,1.4,-99.9,-99.9,0.0,0.7
'Almen',27,1,1998,-99.9,-9.1,0.9,-99.9,-99.9,0.0,0.6
'Almen',28,1,1998,-99.9,-0.5,2.7,-99.9,-99.9,0.0,0.1
'Almen',29,1,1998,-99.9,-1.5,1.6,-99.9,-99.9,0.2,0.2
'Almen',30,1,1998,-99.9,0.5,5.2,-99.9,-99.9,0.2,0.1
'Almen',31,1,1998,-99.9,-6.6,3.5,-99.9,-99.9,2.2,0.7
'Almen',1,2,1998,-99.9,-12.5,-2.7,-99.9,-99.9,0.0,0.5
'Almen',2,2,1998,-99.9,-12.4,0.9,-99.9,-99.9,0.0,0.3
'Almen',3,2,1998,-99.9,-3.5,4.1,-99.9,-99.9,2.0,0.8
'Almen',4,2,1998,-99.9,-2.9,4.5,-99.9,-99.9,0.0,0.8
'Almen',5,2,1998,-99.9,0.2,4.7,-99.9,-99.9,0.1,0.3
'Almen',6,2,1998,-99.9,3.3,5.6,-99.9,-99.9,0.0,0.2
'Almen',7,2,1998,-99.9,0.6,4.2,-99.9,-99.9,0.0,0.2
'Almen',8,2,1998,-99.9,-0.4,6.1,-99.9,-99.9,2.4,0.5
'Almen',9,2,1998,-99.9,2.5,11.5,-99.9,-99.9,0.0,0.9
'Almen',10,2,1998,-99.9,1.7,10.5,-99.9,-99.9,0.0,0.7
'Almen',11,2,1998,-99.9,2.7,9.8,-99.9,-99.9,0.0,0.5
'Almen',12,2,1998,-99.9,8.0,13.8,-99.9,-99.9,0.0,0.6
'Almen',13,2,1998,-99.9,6.9,15.1,-99.9,-99.9,0.0,0.8
'Almen',14,2,1998,-99.9,5.4,15.2,-99.9,-99.9,0.0,1.0
'Almen',15,2,1998,-99.9,7.6,14.0,-99.9,-99.9,0.0,0.8
'Almen',16,2,1998,-99.9,6.7,12.2,-99.9,-99.9,0.0,0.4
'Almen',17,2,1998,-99.9,0.7,7.4,-99.9,-99.9,2.1,0.4
'Almen',18,2,1998,-99.9,1.3,11.2,-99.9,-99.9,0.0,1.1
'Almen',19,2,1998,-99.9,2.5,9.6,-99.9,-99.9,0.0,0.5
'Almen',20,2,1998,-99.9,8.3,13.6,-99.9,-99.9,0.0,1.1
'Almen',21,2,1998,-99.9,8.5,13.7,-99.9,-99.9,0.0,0.7
'Almen',22,2,1998,-99.9,0.7,9.6,-99.9,-99.9,1.8,0.5
'Almen',23,2,1998,-99.9,0.7,9.9,-99.9,-99.9,0.3,0.9
'Almen',24,2,1998,-99.9,7.4,11.1,-99.9,-99.9,0.2,0.4
'Almen',25,2,1998,-99.9,5.7,10.8,-99.9,-99.9,0.0,0.6
'Almen',26,2,1998,-99.9,6.4,8.9,-99.9,-99.9,0.0,0.1
'Almen',27,2,1998,-99.9,6.0,9.5,-99.9,-99.9,0.0,0.3
'Almen',28,2,1998,-99.9,0.9,8.4,-99.9,-99.9,6.5,1.0
'Almen',1,3,1998,-99.9,0.4,4.2,-99.9,-99.9,1.6,0.5
'Almen',2,3,1998,-99.9,3.0,11.2,-99.9,-99.9,1.9,1.2
'Almen',3,3,1998,-99.9,6.9,13.2,-99.9,-99.9,2.5,0.1
'Almen',4,3,1998,-99.9,3.9,15.5,-99.9,-99.9,12.8,0.2
'Almen',5,3,1998,-99.9,3.3,7.0,-99.9,-99.9,7.8,0.5
'Almen',6,3,1998,-99.9,2.2,9.6,-99.9,-99.9,13.6,0.2
'Almen',7,3,1998,-99.9,7.0,11.4,-99.9,-99.9,29.0,0.5
'Almen',8,3,1998,-99.9,-4.2,8.1,-99.9,-99.9,10.3,0.4
'Almen',9,3,1998,-99.9,-5.3,6.8,-99.9,-99.9,1.0,1.2
'Almen',10,3,1998,-99.9,-2.4,8.6,-99.9,-99.9,0.0,1.4
'Almen',11,3,1998,-99.9,2.7,6.2,-99.9,-99.9,0.4,0.5
'Almen',12,3,1998,-99.9,-3.8,7.3,-99.9,-99.9,2.5,1.1
'Almen',13,3,1998,-99.9,-2.7,6.5,-99.9,-99.9,0.0,0.4
'Almen',14,3,1998,-99.9,5.9,9.3,-99.9,-99.9,2.5,0.6
'Almen',15,3,1998,-99.9,6.6,9.1,-99.9,-99.9,1.2,0.4
'Almen',16,3,1998,-99.9,6.8,11.9,-99.9,-99.9,0.9,0.6
'Almen',17,3,1998,-99.9,7.3,11.9,-99.9,-99.9,0.0,0.9
'Almen',18,3,1998,-99.9,3.1,11.4,-99.9,-99.9,0.0,0.7
'Almen',19,3,1998,-99.9,1.5,9.4,-99.9,-99.9,0.0,1.3
'Almen',20,3,1998,-99.9,2.7,8.9,-99.9,-99.9,0.0,0.6
'Almen',21,3,1998,-99.9,0.2,9.5,-99.9,-99.9,0.3,1.9
'Almen',22,3,1998,-99.9,1.3,7.7,-99.9,-99.9,0.1,0.4
'Almen',23,3,1998,-99.9,-1.0,7.3,-99.9,-99.9,1.3,0.9
'Almen',24,3,1998,-99.9,-5.7,9.6,-99.9,-99.9,0.0,1.8
'Almen',25,3,1998,-99.9,0.6,11.5,-99.9,-99.9,0.0,1.9
'Almen',26,3,1998,-99.9,1.9,11.7,-99.9,-99.9,0.0,1.4
'Almen',27,3,1998,-99.9,6.5,11.0,-99.9,-99.9,1.5,0.4
'Almen',28,3,1998,-99.9,9.8,15.2,-99.9,-99.9,0.3,1.0
'Almen',29,3,1998,-99.9,8.7,21.9,-99.9,-99.9,0.0,2.1
'Almen',30,3,1998,-99.9,8.9,22.5,-99.9,-99.9,0.0,2.5
'Almen',31,3,1998,-99.9,5.3,17.0,-99.9,-99.9,0.0,1.3
'Almen',1,4,1998,-99.9,2.5,11.4,-99.9,-99.9,0.0,0.8
'Almen',2,4,1998,-99.9,8.2,12.7,-99.9,-99.9,4.6,0.7
'Almen',3,4,1998,-99.9,8.7,14.1,-99.9,-99.9,3.7,0.7
'Almen',4,4,1998,-99.9,7.7,13.1,-99.9,-99.9,7.4,1.0
'Almen',5,4,1998,-99.9,7.4,12.4,-99.9,-99.9,5.3,1.2
'Almen',6,4,1998,-99.9,6.6,13.6,-99.9,-99.9,0.2,1.8
'Almen',7,4,1998,-99.9,2.8,11.7,-99.9,-99.9,0.5,1.0
'Almen',8,4,1998,-99.9,4.8,10.9,-99.9,-99.9,13.1,1.3
'Almen',9,4,1998,-99.9,4.6,13.0,-99.9,-99.9,1.2,1.7
'Almen',10,4,1998,-99.9,5.6,12.3,-99.9,-99.9,0.5,0.9
'Almen',11,4,1998,-99.9,3.4,11.7,-99.9,-99.9,3.6,1.5
'Almen',12,4,1998,-99.9,1.8,10.7,-99.9,-99.9,1.4,1.9
'Almen',13,4,1998,-99.9,0.1,6.7,-99.9,-99.9,0.0,1.2
'Almen',14,4,1998,-99.9,-0.8,7.0,-99.9,-99.9,1.8,1.4
'Almen',15,4,1998,-99.9,2.2,9.2,-99.9,-99.9,2.5,0.9
'Almen',16,4,1998,-99.9,0.2,10.7,-99.9,-99.9,7.7,1.7
'Almen',17,4,1998,-99.9,2.7,13.5,-99.9,-99.9,0.5,1.7
'Almen',18,4,1998,-99.9,1.8,12.1,-99.9,-99.9,0.4,0.5
'Almen',19,4,1998,-99.9,-1.7,13.9,-99.9,-99.9,0.1,2.4
'Almen',20,4,1998,-99.9,5.9,11.4,-99.9,-99.9,0.0,0.7
'Almen',21,4,1998,-99.9,6.1,14.9,-99.9,-99.9,9.8,2.2
'Almen',22,4,1998,-99.9,8.2,19.1,-99.9,-99.9,0.0,3.1
'Almen',23,4,1998,-99.9,8.4,22.5,-99.9,-99.9,0.0,3.4
'Almen',24,4,1998,-99.9,10.3,14.3,-99.9,-99.9,14.0,0.9
'Almen',25,4,1998,-99.9,11.4,14.8,-99.9,-99.9,0.4,0.8
'Almen',26,4,1998,-99.9,6.8,12.7,-99.9,-99.9,12.3,1.0
'Almen',27,4,1998,-99.9,7.2,12.6,-99.9,-99.9,0.0,0.8
'Almen',28,4,1998,-99.9,5.2,13.7,-99.9,-99.9,5.4,1.5
'Almen',29,4,1998,-99.9,5.4,14.0,-99.9,-99.9,0.2,2.4
'Almen',30,4,1998,-99.9,6.1,16.5,-99.9,-99.9,0.0,1.9
'Almen',1,5,1998,-99.9,9.2,16.4,-99.9,-99.9,0.0,0.9
'Almen',2,5,1998,-99.9,8.5,20.8,-99.9,-99.9,0.1,2.6
'Almen',3,5,1998,-99.9,4.7,13.6,-99.9,-99.9,0.0,1.2
'Almen',4,5,1998,-99.9,2.3,12.6,-99.9,-99.9,0.0,2.1
'Almen',5,5,1998,-99.9,4.4,14.3,-99.9,-99.9,0.0,1.3
'Almen',6,5,1998,-99.9,8.7,13.3,-99.9,-99.9,3.5,0.9
'Almen',7,5,1998,-99.9,10.9,16.3,-99.9,-99.9,2.6,1.7
'Almen',8,5,1998,-99.9,9.8,22.5,-99.9,-99.9,0.0,4.1
'Almen',9,5,1998,-99.9,11.5,25.7,-99.9,-99.9,0.0,4.0
'Almen',10,5,1998,-99.9,9.4,27.8,-99.9,-99.9,0.0,4.5
'Almen',11,5,1998,-99.9,16.2,29.2,-99.9,-99.9,0.0,4.3
'Almen',12,5,1998,-99.9,13.8,29.9,-99.9,-99.9,0.0,4.6
'Almen',13,5,1998,-99.9,14.1,24.2,-99.9,-99.9,0.0,4.5
'Almen',14,5,1998,-99.9,10.3,23.7,-99.9,-99.9,0.0,4.8
'Almen',15,5,1998,-99.9,8.4,22.9,-99.9,-99.9,0.0,4.7
'Almen',16,5,1998,-99.9,8.6,19.9,-99.9,-99.9,0.0,4.5
'Almen',17,5,1998,-99.9,7.0,22.6,-99.9,-99.9,0.0,4.6
'Almen',18,5,1998,-99.9,6.9,24.0,-99.9,-99.9,0.0,3.1
'Almen',19,5,1998,-99.9,8.6,22.4,-99.9,-99.9,0.1,4.5
'Almen',20,5,1998,-99.9,6.9,18.7,-99.9,-99.9,0.0,3.1
'Almen',21,5,1998,-99.9,4.8,14.9,-99.9,-99.9,0.0,1.7
'Almen',22,5,1998,-99.9,4.1,13.9,-99.9,-99.9,0.2,2.0
'Almen',23,5,1998,-99.9,0.8,14.8,-99.9,-99.9,0.0,1.6
'Almen',24,5,1998,-99.9,9.2,15.3,-99.9,-99.9,2.4,1.2
'Almen',25,5,1998,-99.9,10.0,18.1,-99.9,-99.9,0.9,1.9
'Almen',26,5,1998,-99.9,10.1,17.1,-99.9,-99.9,5.9,1.9
'Almen',27,5,1998,-99.9,8.4,17.9,-99.9,-99.9,1.4,2.3
'Almen',28,5,1998,-99.9,9.6,21.9,-99.9,-99.9,4.9,3.8
'Almen',29,5,1998,-99.9,10.6,20.0,-99.9,-99.9,8.8,1.3
'Almen',30,5,1998,-99.9,10.8,16.7,-99.9,-99.9,0.0,1.6
'Almen',31,5,1998,-99.9,8.8,22.6,-99.9,-99.9,0.0,3.7
'Almen',1,6,1998,-99.9,10.7,21.8,-99.9,-99.9,0.4,3.8
'Almen',2,6,1998,-99.9,9.9,20.3,-99.9,-99.9,0.0,2.4
'Almen',3,6,1998,-99.9,12.7,21.1,-99.9,-99.9,4.8,3.6
'Almen',4,6,1998,-99.9,8.6,19.5,-99.9,-99.9,4.6,3.0
'Almen',5,6,1998,-99.9,7.9,18.5,-99.9,-99.9,0.0,2.3
'Almen',6,6,1998,-99.9,10.2,26.5,-99.9,-99.9,16.1,2.5
'Almen',7,6,1998,-99.9,12.8,18.6,-99.9,-99.9,22.6,1.3
'Almen',8,6,1998,-99.9,11.4,19.9,-99.9,-99.9,1.6,2.9
'Almen',9,6,1998,-99.9,14.1,18.6,-99.9,-99.9,0.3,1.1
'Almen',10,6,1998,-99.9,8.3,18.7,-99.9,-99.9,11.8,2.7
'Almen',11,6,1998,-99.9,8.2,17.8,-99.9,-99.9,0.6,2.1
'Almen',12,6,1998,-99.9,3.3,14.9,-99.9,-99.9,18.7,1.4
'Almen',13,6,1998,-99.9,3.2,16.9,-99.9,-99.9,1.3,4.2
'Almen',14,6,1998,-99.9,11.5,18.2,-99.9,-99.9,1.4,1.7
'Almen',15,6,1998,-99.9,9.6,18.5,-99.9,-99.9,5.9,2.2
'Almen',16,6,1998,-99.9,10.4,18.1,-99.9,-99.9,3.5,1.8
'Almen',17,6,1998,-99.9,10.3,19.3,-99.9,-99.9,4.4,3.1
'Almen',18,6,1998,-99.9,11.0,15.5,-99.9,-99.9,2.9,1.0
'Almen',19,6,1998,-99.9,11.7,20.4,-99.9,-99.9,12.7,1.8
'Almen',20,6,1998,-99.9,10.7,28.3,-99.9,-99.9,0.1,4.6
'Almen',21,6,1998,-99.9,17.5,31.7,-99.9,-99.9,0.0,4.9
'Almen',22,6,1998,-99.9,9.5,21.6,-99.9,-99.9,0.5,3.6
'Almen',23,6,1998,-99.9,9.8,19.2,-99.9,-99.9,0.0,1.9
'Almen',24,6,1998,-99.9,14.5,20.9,-99.9,-99.9,2.8,1.7
'Almen',25,6,1998,-99.9,9.9,27.0,-99.9,-99.9,0.2,3.0
'Almen',26,6,1998,-99.9,8.0,23.1,-99.9,-99.9,0.1,2.7
'Almen',27,6,1998,-99.9,10.2,23.9,-99.9,-99.9,0.1,3.4
'Almen',28,6,1998,-99.9,11.6,18.7,-99.9,-99.9,2.6,3.1
'Almen',29,6,1998,-99.9,12.1,19.5,-99.9,-99.9,3.3,1.4
'Almen',30,6,1998,-99.9,12.0,16.9,-99.9,-99.9,3.4,1.2
'Almen',1,7,1998,-99.9,7.3,19.6,-99.9,-99.9,0.0,2.8
'Almen',2,7,1998,-99.9,5.8,19.3,-99.9,-99.9,0.5,2.3
'Almen',3,7,1998,-99.9,12.4,17.2,-99.9,-99.9,0.0,1.9
'Almen',4,7,1998,-99.9,12.2,18.7,-99.9,-99.9,0.0,1.7
'Almen',5,7,1998,-99.9,13.4,20.2,-99.9,-99.9,0.9,1.4
'Almen',6,7,1998,-99.9,7.3,19.9,-99.9,-99.9,1.2,2.2
'Almen',7,7,1998,-99.9,8.4,16.4,-99.9,-99.9,0.1,2.8
'Almen',8,7,1998,-99.9,9.0,16.3,-99.9,-99.9,8.1,2.3
'Almen',9,7,1998,-99.9,10.4,16.4,-99.9,-99.9,0.6,0.9
'Almen',10,7,1998,-99.9,12.7,21.2,-99.9,-99.9,1.0,2.4
'Almen',11,7,1998,-99.9,13.7,21.3,-99.9,-99.9,1.1,3.5
'Almen',12,7,1998,-99.9,12.7,18.4,-99.9,-99.9,5.0,0.9
'Almen',13,7,1998,-99.9,11.8,19.9,-99.9,-99.9,8.4,3.2
'Almen',14,7,1998,-99.9,10.8,16.5,-99.9,-99.9,0.1,1.6
'Almen',15,7,1998,-99.9,11.4,19.2,-99.9,-99.9,1.2,1.6
'Almen',16,7,1998,-99.9,11.4,18.9,-99.9,-99.9,1.3,1.8
'Almen',17,7,1998,-99.9,8.3,20.9,-99.9,-99.9,1.5,2.6
'Almen',18,7,1998,-99.9,12.3,19.1,-99.9,-99.9,1.1,1.9
'Almen',19,7,1998,-99.9,11.3,22.2,-99.9,-99.9,0.0,3.8
'Almen',20,7,1998,-99.9,14.0,31.3,-99.9,-99.9,0.0,4.9
'Almen',21,7,1998,-99.9,15.0,27.0,-99.9,-99.9,0.0,3.2
'Almen',22,7,1998,-99.9,13.0,23.0,-99.9,-99.9,11.6,4.4
'Almen',23,7,1998,-99.9,14.5,23.2,-99.9,-99.9,0.0,1.9
'Almen',24,7,1998,-99.9,10.8,21.0,-99.9,-99.9,0.0,3.0
'Almen',25,7,1998,-99.9,6.8,21.0,-99.9,-99.9,0.4,3.5
'Almen',26,7,1998,-99.9,7.5,23.8,-99.9,-99.9,0.0,4.0
'Almen',27,7,1998,-99.9,9.9,25.4,-99.9,-99.9,0.0,4.2
'Almen',28,7,1998,-99.9,13.7,21.4,-99.9,-99.9,1.2,1.7
'Almen',29,7,1998,-99.9,12.6,19.3,-99.9,-99.9,3.2,1.0
'Almen',30,7,1998,-99.9,13.6,19.2,-99.9,-99.9,1.9,2.7
'Almen',31,7,1998,-99.9,9.2,20.3,-99.9,-99.9,6.7,2.2
'Almen',1,8,1998,-99.9,9.1,21.3,-99.9,-99.9,0.1,3.0
'Almen',2,8,1998,-99.9,10.2,20.6,-99.9,-99.9,0.0,2.6
'Almen',3,8,1998,-99.9,8.1,23.2,-99.9,-99.9,0.0,3.9
'Almen',4,8,1998,-99.9,12.4,21.3,-99.9,-99.9,0.6,3.2
'Almen',5,8,1998,-99.9,8.4,20.3,-99.9,-99.9,0.0,2.1
'Almen',6,8,1998,-99.9,6.7,25.5,-99.9,-99.9,0.0,4.1
'Almen',7,8,1998,-99.9,10.4,24.6,-99.9,-99.9,0.0,3.1
'Almen',8,8,1998,-99.9,11.1,29.3,-99.9,-99.9,0.0,4.4
'Almen',9,8,1998,-99.9,12.9,24.1,-99.9,-99.9,0.0,4.2
'Almen',10,8,1998,-99.9,11.5,30.7,-99.9,-99.9,0.0,4.5
'Almen',11,8,1998,-99.9,15.7,31.0,-99.9,-99.9,0.0,4.2
'Almen',12,8,1998,-99.9,13.6,29.2,-99.9,-99.9,0.0,3.5
'Almen',13,8,1998,-99.9,8.7,20.7,-99.9,-99.9,0.0,2.7
'Almen',14,8,1998,-99.9,10.9,22.1,-99.9,-99.9,0.0,1.9
'Almen',15,8,1998,-99.9,10.0,26.0,-99.9,-99.9,0.0,3.7
'Almen',16,8,1998,-99.9,6.2,21.6,-99.9,-99.9,0.0,3.4
'Almen',17,8,1998,-99.9,8.5,25.8,-99.9,-99.9,0.0,3.5
'Almen',18,8,1998,-99.9,6.9,22.2,-99.9,-99.9,2.0,1.2
'Almen',19,8,1998,-99.9,4.7,20.8,-99.9,-99.9,0.0,3.5
'Almen',20,8,1998,-99.9,7.1,23.4,-99.9,-99.9,0.0,3.1
'Almen',21,8,1998,-99.9,11.5,18.6,-99.9,-99.9,3.0,1.0
'Almen',22,8,1998,-99.9,10.4,18.2,-99.9,-99.9,6.2,2.2
'Almen',23,8,1998,-99.9,9.6,19.1,-99.9,-99.9,2.2,2.0
'Almen',24,8,1998,-99.9,9.5,16.5,-99.9,-99.9,13.5,1.6
'Almen',25,8,1998,-99.9,8.8,17.1,-99.9,-99.9,1.6,1.6
'Almen',26,8,1998,-99.9,8.1,12.9,-99.9,-99.9,3.0,0.5
'Almen',27,8,1998,-99.9,6.5,16.4,-99.9,-99.9,16.9,2.4
'Almen',28,8,1998,-99.9,8.5,15.1,-99.9,-99.9,4.4,1.5
'Almen',29,8,1998,-99.9,7.5,15.0,-99.9,-99.9,0.3,1.0
'Almen',30,8,1998,-99.9,9.6,17.7,-99.9,-99.9,0.0,1.6
'Almen',31,8,1998,-99.9,8.8,20.2,-99.9,-99.9,0.0,2.9
'Almen',1,9,1998,-99.9,10.5,20.4,-99.9,-99.9,0.0,1.5
'Almen',2,9,1998,-99.9,13.3,19.2,-99.9,-99.9,4.9,0.9
'Almen',3,9,1998,-99.9,14.7,18.9,-99.9,-99.9,5.9,0.6
'Almen',4,9,1998,-99.9,14.7,18.9,-99.9,-99.9,8.6,1.2
'Almen',5,9,1998,-99.9,13.7,18.8,-99.9,-99.9,1.2,1.2
'Almen',6,9,1998,-99.9,12.8,21.0,-99.9,-99.9,2.0,1.3
'Almen',7,9,1998,-99.9,10.4,21.4,-99.9,-99.9,0.2,1.5
'Almen',8,9,1998,-99.9,15.2,22.0,-99.9,-99.9,2.7,1.8
'Almen',9,9,1998,-99.9,14.8,20.4,-99.9,-99.9,3.2,0.9
'Almen',10,9,1998,-99.9,14.5,21.6,-99.9,-99.9,9.7,2.0
'Almen',11,9,1998,-99.9,9.3,19.7,-99.9,-99.9,5.1,2.3
'Almen',12,9,1998,-99.9,7.0,11.4,-99.9,-99.9,4.0,0.3
'Almen',13,9,1998,-99.9,7.1,14.5,-99.9,-99.9,8.4,1.7
'Almen',14,9,1998,-99.9,5.7,13.1,-99.9,-99.9,22.4,0.5
'Almen',15,9,1998,-99.9,10.5,16.2,-99.9,-99.9,43.7,1.1
'Almen',16,9,1998,-99.9,9.9,16.6,-99.9,-99.9,5.5,1.6
'Almen',17,9,1998,-99.9,10.5,15.2,-99.9,-99.9,31.5,0.8
'Almen',18,9,1998,-99.9,10.3,17.3,-99.9,-99.9,0.7,1.8
'Almen',19,9,1998,-99.9,13.4,17.1,-99.9,-99.9,1.9,0.5
'Almen',20,9,1998,-99.9,8.9,20.6,-99.9,-99.9,4.7,2.2
'Almen',21,9,1998,-99.9,6.4,20.2,-99.9,-99.9,0.0,2.3
'Almen',22,9,1998,-99.9,8.8,17.5,-99.9,-99.9,0.0,2.3
'Almen',23,9,1998,-99.9,7.3,17.2,-99.9,-99.9,0.0,2.2
'Almen',24,9,1998,-99.9,8.7,20.8,-99.9,-99.9,0.0,2.2
'Almen',25,9,1998,-99.9,8.5,22.5,-99.9,-99.9,0.0,2.0
'Almen',26,9,1998,-99.9,10.5,22.5,-99.9,-99.9,0.0,1.7
'Almen',27,9,1998,-99.9,10.5,20.6,-99.9,-99.9,2.7,1.5
'Almen',28,9,1998,-99.9,8.9,20.1,-99.9,-99.9,0.0,1.3
'Almen',29,9,1998,-99.9,9.0,19.6,-99.9,-99.9,0.0,1.3
'Almen',30,9,1998,-99.9,11.4,16.3,-99.9,-99.9,0.0,0.6
'Almen',1,10,1998,-99.9,7.7,13.7,-99.9,-99.9,0.8,0.3
'Almen',2,10,1998,-99.9,4.2,7.7,-99.9,-99.9,2.6,0.5
'Almen',3,10,1998,-99.9,4.4,5.8,-99.9,-99.9,0.0,0.2
'Almen',4,10,1998,-99.9,4.6,7.4,-99.9,-99.9,0.4,0.2
'Almen',5,10,1998,-99.9,5.5,8.5,-99.9,-99.9,0.7,0.3
'Almen',6,10,1998,-99.9,5.6,10.6,-99.9,-99.9,2.7,0.7
'Almen',7,10,1998,-99.9,6.1,9.7,-99.9,-99.9,1.4,0.4
'Almen',8,10,1998,-99.9,3.9,11.2,-99.9,-99.9,12.2,0.5
'Almen',9,10,1998,-99.9,4.1,14.1,-99.9,-99.9,0.1,1.4
'Almen',10,10,1998,-99.9,8.9,13.7,-99.9,-99.9,7.3,0.5
'Almen',11,10,1998,-99.9,8.8,12.5,-99.9,-99.9,6.7,0.3
'Almen',12,10,1998,-99.9,7.0,11.6,-99.9,-99.9,4.4,0.7
'Almen',13,10,1998,-99.9,6.3,14.0,-99.9,-99.9,9.7,1.1
'Almen',14,10,1998,-99.9,8.4,15.8,-99.9,-99.9,2.6,0.2
'Almen',15,10,1998,-99.9,7.7,14.6,-99.9,-99.9,3.9,1.1
'Almen',16,10,1998,-99.9,4.2,15.0,-99.9,-99.9,0.2,1.2
'Almen',17,10,1998,-99.9,9.4,16.3,-99.9,-99.9,0.0,0.3
'Almen',18,10,1998,-99.9,-0.4,11.3,-99.9,-99.9,2.8,1.1
'Almen',19,10,1998,-99.9,-2.1,11.6,-99.9,-99.9,0.0,1.1
'Almen',20,10,1998,-99.9,1.3,10.8,-99.9,-99.9,4.5,1.0
'Almen',21,10,1998,-99.9,7.1,13.7,-99.9,-99.9,0.1,0.2
'Almen',22,10,1998,-99.9,13.0,15.9,-99.9,-99.9,4.4,0.3
'Almen',23,10,1998,-99.9,12.9,15.4,-99.9,-99.9,0.2,0.2
'Almen',24,10,1998,-99.9,9.1,12.9,-99.9,-99.9,8.3,0.5
'Almen',25,10,1998,-99.9,5.5,12.5,-99.9,-99.9,20.2,0.5
'Almen',26,10,1998,-99.9,4.2,8.1,-99.9,-99.9,2.1,0.4
'Almen',27,10,1998,-99.9,4.4,13.5,-99.9,-99.9,9.8,0.1
'Almen',28,10,1998,-99.9,8.2,14.1,-99.9,-99.9,39.9,0.5
'Almen',29,10,1998,-99.9,5.3,10.9,-99.9,-99.9,5.0,0.7
'Almen',30,10,1998,-99.9,4.2,8.0,-99.9,-99.9,8.4,0.4
'Almen',31,10,1998,-99.9,4.4,8.4,-99.9,-99.9,3.2,0.3
'Almen',1,11,1998,-99.9,3.8,9.6,-99.9,-99.9,20.9,0.7
'Almen',2,11,1998,-99.9,4.4,8.5,-99.9,-99.9,1.8,0.6
'Almen',3,11,1998,-99.9,5.6,9.9,-99.9,-99.9,5.9,0.4
'Almen',4,11,1998,-99.9,1.6,8.9,-99.9,-99.9,11.0,0.4
'Almen',5,11,1998,-99.9,2.5,8.2,-99.9,-99.9,1.1,0.5
'Almen',6,11,1998,-99.9,-0.6,10.9,-99.9,-99.9,11.9,0.7
'Almen',7,11,1998,-99.9,-0.7,8.8,-99.9,-99.9,0.2,0.5
'Almen',8,11,1998,-99.9,2.4,10.4,-99.9,-99.9,0.0,0.3
'Almen',9,11,1998,-99.9,9.7,14.1,-99.9,-99.9,16.8,0.2
'Almen',10,11,1998,-99.9,3.6,12.4,-99.9,-99.9,1.6,0.3
'Almen',11,11,1998,-99.9,0.3,10.1,-99.9,-99.9,6.2,0.7
'Almen',12,11,1998,-99.9,0.8,7.2,-99.9,-99.9,0.2,0.5
'Almen',13,11,1998,-99.9,2.5,7.8,-99.9,-99.9,0.6,0.2
'Almen',14,11,1998,-99.9,-0.2,6.8,-99.9,-99.9,5.3,0.2
'Almen',15,11,1998,-99.9,0.0,4.9,-99.9,-99.9,0.5,0.2
'Almen',16,11,1998,-99.9,1.4,4.9,-99.9,-99.9,2.4,0.5
'Almen',17,11,1998,-99.9,-3.3,4.6,-99.9,-99.9,0.0,0.3
'Almen',18,11,1998,-99.9,-3.2,3.7,-99.9,-99.9,3.0,0.3
'Almen',19,11,1998,-99.9,-5.7,2.8,-99.9,-99.9,0.4,0.5
'Almen',20,11,1998,-99.9,-8.2,0.4,-99.9,-99.9,0.0,0.4
'Almen',21,11,1998,-99.9,-7.1,1.4,-99.9,-99.9,0.0,0.6
'Almen',22,11,1998,-99.9,-8.8,-2.1,-99.9,-99.9,0.0,0.6
'Almen',23,11,1998,-99.9,-9.5,-0.9,-99.9,-99.9,0.0,0.4
'Almen',24,11,1998,-99.9,-6.7,0.0,-99.9,-99.9,0.0,0.4
'Almen',25,11,1998,-99.9,-1.9,1.9,-99.9,-99.9,0.5,0.2
'Almen',26,11,1998,-99.9,-1.1,4.2,-99.9,-99.9,0.0,0.1
'Almen',27,11,1998,-99.9,4.2,7.1,-99.9,-99.9,3.5,0.2
'Almen',28,11,1998,-99.9,2.4,7.2,-99.9,-99.9,0.3,0.4
'Almen',29,11,1998,-99.9,1.2,2.9,-99.9,-99.9,6.5,0.1
'Almen',30,11,1998,-99.9,-0.2,1.8,-99.9,-99.9,0.4,0.0
'Almen',1,12,1998,-99.9,-3.7,0.3,-99.9,-99.9,0.0,0.3
'Almen',2,12,1998,-99.9,-3.6,-1.9,-99.9,-99.9,0.0,0.1
'Almen',3,12,1998,-99.9,-6.6,-1.3,-99.9,-99.9,0.0,0.1
'Almen',4,12,1998,-99.9,-1.9,1.3,-99.9,-99.9,0.4,0.1
'Almen',5,12,1998,-99.9,-1.4,1.3,-99.9,-99.9,4.1,0.3
'Almen',6,12,1998,-99.9,-2.2,3.0,-99.9,-99.9,1.1,0.3
'Almen',7,12,1998,-99.9,-10.0,2.5,-99.9,-99.9,0.0,0.4
'Almen',8,12,1998,-99.9,-11.0,-1.8,-99.9,-99.9,0.0,0.1
'Almen',9,12,1998,-99.9,-1.8,2.3,-99.9,-99.9,4.0,0.1
'Almen',10,12,1998,-99.9,0.6,2.6,-99.9,-99.9,2.5,0.1
'Almen',11,12,1998,-99.9,-0.3,6.2,-99.9,-99.9,0.0,0.1
'Almen',12,12,1998,-99.9,5.8,12.4,-99.9,-99.9,1.1,0.1
'Almen',13,12,1998,-99.9,6.3,13.3,-99.9,-99.9,8.1,0.1
'Almen',14,12,1998,-99.9,7.1,12.3,-99.9,-99.9,1.4,0.1
'Almen',15,12,1998,-99.9,7.2,12.0,-99.9,-99.9,0.3,0.0
'Almen',16,12,1998,-99.9,4.8,7.5,-99.9,-99.9,13.4,0.3
'Almen',17,12,1998,-99.9,3.1,9.7,-99.9,-99.9,0.0,0.3
'Almen',18,12,1998,-99.9,3.6,6.9,-99.9,-99.9,0.1,0.0
'Almen',19,12,1998,-99.9,3.4,7.8,-99.9,-99.9,2.6,0.2
'Almen',20,12,1998,-99.9,-0.6,5.0,-99.9,-99.9,4.0,0.4
'Almen',21,12,1998,-99.9,-1.5,3.8,-99.9,-99.9,0.0,0.4
'Almen',22,12,1998,-99.9,0.1,4.5,-99.9,-99.9,1.5,0.1
'Almen',23,12,1998,-99.9,2.1,6.0,-99.9,-99.9,0.7,0.3
'Almen',24,12,1998,-99.9,0.3,3.3,-99.9,-99.9,1.5,0.1
'Almen',25,12,1998,-99.9,2.8,8.7,-99.9,-99.9,0.4,0.1
'Almen',26,12,1998,-99.9,5.7,11.1,-99.9,-99.9,3.8,0.3
'Almen',27,12,1998,-99.9,6.3,11.2,-99.9,-99.9,3.6,0.1
'Almen',28,12,1998,-99.9,4.8,9.9,-99.9,-99.9,4.3,0.0
'Almen',29,12,1998,-99.9,3.7,6.7,-99.9,-99.9,8.1,0.4
'Almen',30,12,1998,-99.9,3.1,10.3,-99.9,-99.9,0.0,0.4
'Almen',31,12,1998,-99.9,2.3,9.3,-99.9,-99.9,0.0,0.3

