*************************************************************************************************************************     
* Filename: Hupsel.002                                                             
* Contents: SWAP  4.0 - Daily meterorological data                
*************************************************************************************************************************     
* Comment area:                                                                 
*                                                                               
*                                                                               
*************************************************************************************************************************     
 Station      DD      MM    YYYY         RAD       Tmin      Tmax        HUM      WIND      RAIN     ETref            WET     
*             nr      nr      nr       kJ/m2         ºC        ºC        kPa       m/s        mm        mm              d
*************************************************************************************************************************     
 '283'         1       1    2002      3810.0       -3.2      -0.1       0.53       4.9       0.0        0.4        0.0000
 '283'         2       1    2002      2050.0       -5.2       0.7       0.52       3.6       0.0        0.2        0.0000
 '283'         3       1    2002      5140.0       -7.4       0.9       0.43       4.1       0.0        0.5        0.0000
 '283'         4       1    2002      4760.0      -11.9      -2.1       0.28       3.1       0.0        0.4        0.0000
 '283'         5       1    2002      4030.0      -11.2      -0.4       0.32       1.8       0.0        0.4        0.0000
 '283'         6       1    2002      1040.0       -1.8       1.5       0.58       2.2       0.2        0.1        0.0292
 '283'         7       1    2002      1270.0        0.3       2.2       0.67       1.0       0.0        0.1        0.0000
 '283'         8       1    2002      1620.0       -2.9       2.4       0.60       1.7       0.0        0.2        0.0000
 '283'         9       1    2002      4160.0       -4.5       1.9       0.56       1.0       0.0        0.4        0.0000
 '283'        10       1    2002      3340.0       -4.9       1.4       0.53       1.9       0.0        0.3        0.0000
 '283'        11       1    2002       540.0       -1.8       2.6       0.60       3.1       0.4        0.1        0.0333
 '283'        12       1    2002       700.0        1.4       3.6       0.72       2.9       0.6        0.1        0.0958
 '283'        13       1    2002      4360.0        0.8       8.1       0.74       2.5       0.0        0.5        0.0000
 '283'        14       1    2002      1310.0       -2.6       2.7       0.57       2.5       0.0        0.1        0.0000
 '283'        15       1    2002      1770.0        0.6       4.5       0.67       4.1       1.1        0.2        0.1708
 '283'        16       1    2002      1430.0        0.4       4.8       0.74       2.7       1.4        0.2        0.1958
 '283'        17       1    2002      1420.0        1.3       4.5       0.72       4.8       0.6        0.2        0.0292
 '283'        18       1    2002      2200.0        2.9       5.6       0.79       4.0       1.6        0.3        0.1167
 '283'        19       1    2002      2150.0        3.3       9.2       0.89       6.0       1.2        0.3        0.0958
 '283'        20       1    2002       900.0        3.5      10.4       0.97       6.9       4.7        0.1        0.2000
 '283'        21       1    2002       690.0        7.4      11.8       1.13       6.4       0.6        0.1        0.0500
 '283'        22       1    2002      1260.0        5.4       8.8       0.90       6.7       0.7        0.2        0.0458
 '283'        23       1    2002      2070.0        5.0       9.3       0.90       6.3       1.5        0.3        0.1375
 '283'        24       1    2002      1090.0        4.5      10.8       0.93       8.1       3.8        0.2        0.1250
 '283'        25       1    2002      4190.0        1.0       7.9       0.78       4.3       2.2        0.5        0.1625
 '283'        26       1    2002      1620.0        7.9      11.2       1.07       9.8      12.5        0.2        0.3875
 '283'        27       1    2002      2960.0        8.1      12.1       1.15       5.1       5.5        0.4        0.3667
 '283'        28       1    2002      2750.0        8.8      12.9       1.09      10.8       2.2        0.4        0.1792
 '283'        29       1    2002      2820.0        7.9      11.8       1.07       7.7       0.0        0.4        0.0000
 '283'        30       1    2002      3360.0        9.0      12.4       1.10       4.6       0.0        0.5        0.0000
 '283'        31       1    2002      3400.0        6.1      11.3       0.89       6.8       1.8        0.5        0.0792
 '283'         1       2    2002      2720.0        7.8      12.2       1.00       6.6       0.0        0.4        0.0000
 '283'         2       2    2002      6630.0        9.0      15.6       0.88       5.3       0.0        1.0        0.0000
 '283'         3       2    2002      5480.0        6.5      14.0       0.72       4.9       0.1        0.8        0.0125
 '283'         4       2    2002      3090.0        6.3      13.1       0.89       8.0       3.2        0.4        0.2167
 '283'         5       2    2002      1180.0        8.4      12.9       1.13       6.0      27.9        0.2        0.4750
 '283'         6       2    2002      2870.0        5.8       9.1       0.89       5.3       1.6        0.4        0.0625
 '283'         7       2    2002      3680.0        4.1       7.7       0.80       5.2       1.1        0.5        0.0917
 '283'         8       2    2002      4120.0        5.2      11.8       1.03       6.0       0.6        0.6        0.0500
 '283'         9       2    2002      2170.0        7.0      12.4       1.04       7.7       2.1        0.3        0.0667
 '283'        10       2    2002      2230.0        4.9       8.8       0.85       6.2       6.2        0.3        0.1792
 '283'        11       2    2002       800.0        8.7      12.1       1.14       9.8      15.3        0.1        0.6500
 '283'        12       2    2002      4310.0        9.2      12.6       1.08       8.2       2.8        0.7        0.0542
 '283'        13       2    2002      5790.0        2.9      10.1       0.87       2.8       1.3        0.8        0.0500
 '283'        14       2    2002      9110.0       -1.2       4.9       0.52       5.0       0.0        1.0        0.0000
 '283'        15       2    2002      9140.0       -2.6       5.9       0.50       3.9       0.0        1.0        0.0000
 '283'        16       2    2002      9500.0       -3.0       8.7       0.55       3.2       0.0        1.1        0.0000
 '283'        17       2    2002      7690.0       -4.0       5.5       0.56       2.1       0.0        0.8        0.0000
 '283'        18       2    2002      4460.0       -0.2       8.0       0.72       4.0       0.9        0.5        0.0625
 '283'        19       2    2002      4940.0        2.3       8.3       0.77       6.8       6.7        0.6        0.2667
 '283'        20       2    2002      6990.0        2.3      10.2       0.80       6.0      15.1        0.9        0.3208
 '283'        21       2    2002      9240.0        0.2       5.7       0.48       5.1       0.0        1.1        0.0000
 '283'        22       2    2002      1140.0        1.3       9.4       0.78       7.8       9.0        0.1        0.3958
 '283'        23       2    2002      5230.0        0.9       6.6       0.65       7.3       5.5        0.6        0.2250
 '283'        24       2    2002      8310.0        0.4       6.5       0.65       5.0       3.2        1.0        0.2500
 '283'        25       2    2002      2040.0        2.0       9.9       0.92       3.6       5.7        0.3        0.5417
 '283'        26       2    2002      4260.0        7.0      12.8       1.00      10.6       9.4        0.6        0.3958
 '283'        27       2    2002      8730.0        3.5       8.9       0.76       8.6       4.1        1.1        0.1667
 '283'        28       2    2002      5320.0        2.5       7.1       0.72       6.8       1.1        0.7        0.0333
 '283'         1       3    2002      7350.0       -2.4       8.5       0.67       4.0       2.1        0.9        0.0875
 '283'         2       3    2002     12940.0       -4.8       6.4       0.56       2.5       0.0        1.4        0.0000
 '283'         3       3    2002      9310.0       -2.0       8.2       0.68       3.8       0.0        1.1        0.0000
 '283'         4       3    2002      3240.0        2.9       9.4       0.85       3.0       0.0        0.4        0.0000
 '283'         5       3    2002      3560.0        2.9       8.7       0.81       2.0       0.0        0.5        0.0000
 '283'         6       3    2002      2250.0        4.2      10.3       0.91       7.2       0.7        0.3        0.0625
 '283'         7       3    2002      8120.0        3.3      11.6       0.78       7.9       1.3        1.1        0.0417
 '283'         8       3    2002     11890.0        1.4      12.0       0.81       3.7       0.0        1.6        0.0000
 '283'         9       3    2002      6320.0        2.8      11.3       0.83       6.5       3.8        0.9        0.0917
 '283'        10       3    2002     13690.0        2.1      10.8       0.68       5.3       0.0        1.8        0.0000
 '283'        11       3    2002     12870.0        2.4      14.0       0.77       3.3       0.0        1.8        0.0000
 '283'        12       3    2002      2330.0        3.3       9.7       0.89       1.5       5.7        0.3        0.3417
 '283'        13       3    2002      1800.0       -0.3       7.6       0.76       4.1       2.0        0.2        0.2583
 '283'        14       3    2002      9420.0       -2.3       6.1       0.61       5.8       0.7        1.1        0.0583
 '283'        15       3    2002      6480.0        0.5       6.6       0.70       6.4       1.9        0.8        0.1125
 '283'        16       3    2002     12510.0        3.0      16.1       1.05       2.7       0.0        1.8        0.0000
 '283'        17       3    2002      8460.0        5.3      16.3       1.17       2.9       1.1        1.3        0.0542
 '283'        18       3    2002      5540.0        7.1      13.9       1.08       5.0       5.1        0.8        0.1667
 '283'        19       3    2002      8470.0        7.2      12.5       0.99       6.2       1.6        1.2        0.0667
 '283'        20       3    2002      7920.0        7.2      13.7       1.10       4.3       5.4        1.2        0.2500
 '283'        21       3    2002      8840.0        7.2      15.3       1.17       3.9       1.4        1.3        0.1167
 '283'        22       3    2002      7590.0        2.1       9.4       0.78       3.8       2.8        1.0        0.1083
 '283'        23       3    2002     13650.0        0.4       9.9       0.72       3.6       0.0        1.7        0.0000
 '283'        24       3    2002     12780.0       -2.1       8.0       0.63       2.2       0.0        1.5        0.0000
 '283'        25       3    2002     17740.0       -3.1       7.6       0.58       2.0       0.0        2.0        0.0000
 '283'        26       3    2002     15600.0       -4.4       8.6       0.55       1.9       0.0        1.8        0.0000
 '283'        27       3    2002     17850.0       -2.1       9.2       0.56       3.2       0.0        2.2        0.0000
 '283'        28       3    2002     18670.0       -4.0      13.5       0.64       2.5       0.0        2.4        0.0000
 '283'        29       3    2002     18270.0       -1.1      17.4       0.79       3.3       0.0        2.5        0.0000
 '283'        30       3    2002      9880.0       -0.9      15.1       0.84       1.4       0.0        1.4        0.0000
 '283'        31       3    2002     12770.0        5.7      16.3       0.96       2.5       0.0        1.9        0.0000
 '283'         1       4    2002     15750.0        5.7      17.6       1.08       1.8       0.0        2.4        0.0000
 '283'         2       4    2002     17550.0        5.5      20.7       0.92       4.1       0.0        2.8        0.0000
 '283'         3       4    2002     18770.0        8.0      18.8       0.83       6.6       0.0        3.0        0.0000
 '283'         4       4    2002     16890.0        5.3      16.4       0.69       5.7       0.0        2.5        0.0000
 '283'         5       4    2002     19370.0        2.3      13.2       0.56       6.3       0.0        2.6        0.0000
 '283'         6       4    2002     20350.0       -1.9       9.8       0.51       4.5       0.0        2.5        0.0000
 '283'         7       4    2002     19900.0       -3.5      12.7       0.64       2.3       0.0        2.6        0.0000
 '283'         8       4    2002     20060.0       -1.9      12.8       0.58       3.4       0.0        2.6        0.0000
 '283'         9       4    2002     14120.0       -2.7      12.0       0.53       2.5       0.0        1.9        0.0000
 '283'        10       4    2002     14710.0        1.2      10.6       0.55       5.3       0.0        1.9        0.0000
 '283'        11       4    2002     15530.0        1.8      12.9       0.70       3.9       0.0        2.1        0.0000
 '283'        12       4    2002     15810.0        1.1      14.1       0.86       5.0       0.0        2.2        0.0000
 '283'        13       4    2002      5410.0        3.5       9.5       0.79       4.5       0.0        0.7        0.0000
 '283'        14       4    2002      7270.0        1.6       9.9       0.81       2.0       0.3        1.0        0.0333
 '283'        15       4    2002      2160.0        5.7       7.1       0.92       3.1       9.9        0.3        0.7625
 '283'        16       4    2002      2540.0        6.1       8.4       0.96       2.4       0.8        0.3        0.1083
 '283'        17       4    2002     10860.0        6.7      11.8       1.02       2.0       0.0        1.5        0.0000
 '283'        18       4    2002     10680.0        2.9      13.8       1.03       2.3       4.9        1.5        0.1708
 '283'        19       4    2002     15630.0        2.9      13.9       0.97       1.8       2.1        2.2        0.0375
 '283'        20       4    2002      9160.0        0.4      12.9       0.93       1.3       0.0        1.2        0.0000
 '283'        21       4    2002     21120.0        1.0      17.9       1.02       1.1       0.0        3.1        0.0000
 '283'        22       4    2002     14680.0        3.1      19.3       1.13       1.9       0.0        2.3        0.0000
 '283'        23       4    2002     16590.0        9.5      18.0       1.25       3.5       0.0        2.6        0.0000
 '283'        24       4    2002     15610.0        8.5      19.3       1.34       2.4       0.0        2.5        0.0000
 '283'        25       4    2002     18190.0        4.7      18.3       1.24       2.8       0.0        2.8        0.0000
 '283'        26       4    2002      7420.0        4.5      12.8       1.04       4.3       4.2        1.0        0.2375
 '283'        27       4    2002     16240.0        4.6      11.3       0.86       5.4       7.7        2.3        0.1333
 '283'        28       4    2002      6940.0        6.9      12.6       1.07       5.4       5.9        1.0        0.2958
 '283'        29       4    2002     15310.0        7.1      13.1       0.96       7.7       4.4        2.2        0.1000
 '283'        30       4    2002      9290.0        6.3      15.0       1.01       5.0       1.9        1.4        0.0208
 '283'         1       5    2002     17810.0        6.5      15.2       1.07       4.5       4.5        2.7        0.1417
 '283'         2       5    2002     11750.0        6.8      15.4       1.16       2.8       2.1        1.8        0.0875
 '283'         3       5    2002      6540.0        7.3      11.9       1.03       3.6       0.0        0.9        0.0000
 '283'         4       5    2002      3800.0        6.0      10.0       0.98       5.2       7.0        0.5        0.3167
 '283'         5       5    2002      4150.0        5.9      11.6       1.08       3.8      14.7        0.6        0.4083
 '283'         6       5    2002      9550.0        2.7      12.6       0.95       2.1       0.5        1.4        0.0833
 '283'         7       5    2002     23830.0        4.7      17.8       1.19       2.2       0.0        3.6        0.0000
 '283'         8       5    2002     13700.0        9.5      16.6       1.37       3.8       0.0        2.1        0.0000
 '283'         9       5    2002     18260.0       10.8      23.0       1.70       3.0       0.0        3.1        0.0000
 '283'        10       5    2002      6380.0        8.5      17.8       1.46       2.0       3.1        1.0        0.0708
 '283'        11       5    2002      7690.0       12.2      15.8       1.46       2.2       0.0        1.2        0.0000
 '283'        12       5    2002      5960.0       10.0      14.2       1.30       1.7       0.0        0.9        0.0000
 '283'        13       5    2002     22210.0        6.1      22.0       1.33       2.9       0.0        3.7        0.0000
 '283'        14       5    2002     14020.0        9.2      17.7       1.28       5.3      10.4        2.2        0.1083
 '283'        15       5    2002     19720.0        8.3      19.6       1.30       3.2       0.0        3.1        0.0000
 '283'        16       5    2002     25580.0        7.0      23.8       1.44       1.8       0.0        4.4        0.0000
 '283'        17       5    2002     25300.0        7.6      23.0       1.37       3.0       0.0        4.3        0.0000
 '283'        18       5    2002     10080.0       10.3      20.1       1.50       2.7       1.4        1.6        0.0625
 '283'        19       5    2002     15750.0        9.6      20.0       1.36       2.4       0.0        2.6        0.0000
 '283'        20       5    2002     22350.0        8.6      23.0       1.39       2.5       0.0        3.8        0.0000
 '283'        21       5    2002     25690.0       11.9      25.1       1.40       4.3       0.0        4.6        0.0000
 '283'        22       5    2002     10260.0       14.6      21.1       1.58       3.3       1.7        1.8        0.1333
 '283'        23       5    2002     13570.0       12.0      18.8       1.43       2.1       0.0        2.2        0.0000
 '283'        24       5    2002     15170.0        7.5      18.4       1.28       4.1       1.8        2.4        0.1417
 '283'        25       5    2002     13820.0        8.3      16.7       1.21       3.5       2.1        2.1        0.0708
 '283'        26       5    2002     16610.0        8.3      18.6       1.25       3.5       2.2        2.6        0.0417
 '283'        27       5    2002     25310.0        8.1      19.6       1.19       2.3       0.0        4.2        0.0000
 '283'        28       5    2002     16330.0       11.7      20.4       1.32       2.2       0.3        2.7        0.0917
 '283'        29       5    2002     14310.0        7.8      18.0       1.20       4.1       1.1        2.2        0.0625
 '283'        30       5    2002     20850.0        7.8      19.7       1.22       3.0       0.0        3.3        0.0000
 '283'        31       5    2002     20660.0        5.4      19.1       1.13       3.6       0.0        3.2        0.0000
 '283'         1       6    2002     28650.0        2.9      19.2       1.03       2.0       0.0        4.5        0.0000
 '283'         2       6    2002     28280.0        8.5      23.6       1.15       4.2       0.0        4.9        0.0000
 '283'         3       6    2002     20700.0       13.0      26.5       1.54       3.4       0.1        3.7        0.0125
 '283'         4       6    2002     26500.0       12.1      25.5       1.59       2.3       0.1        4.8        0.0083
 '283'         5       6    2002     11210.0       14.9      24.7       1.78       3.8       3.0        2.0        0.0833
 '283'         6       6    2002     14140.0       14.5      21.6       1.74       1.9       0.8        2.4        0.0958
 '283'         7       6    2002     13270.0       13.4      20.7       1.61       3.0       0.0        2.3        0.0000
 '283'         8       6    2002     16220.0       10.2      21.0       1.34       1.3       0.0        2.8        0.0000
 '283'         9       6    2002     24080.0       13.8      23.8       1.49       2.4       0.9        4.3        0.0125
 '283'        10       6    2002     12450.0       11.0      18.1       1.44       3.8       4.7        2.0        0.1875
 '283'        11       6    2002     18460.0        9.7      18.1       1.38       3.0       1.9        2.9        0.0583
 '283'        12       6    2002     12490.0       10.9      19.9       1.54       3.8      10.7        2.1        0.2833
 '283'        13       6    2002      6300.0       12.0      16.8       1.43       3.6       0.3        1.0        0.0292
 '283'        14       6    2002     17240.0       13.8      23.1       1.83       3.0       7.1        3.0        0.0667
 '283'        15       6    2002     22580.0       15.3      21.1       1.68       4.4       2.8        4.0        0.1083
 '283'        16       6    2002     15030.0       13.0      23.3       1.83       2.3       1.1        2.6        0.0625
 '283'        17       6    2002     27950.0       14.5      31.6       2.30       1.8       0.0        5.4        0.0000
 '283'        18       6    2002     23000.0       14.6      33.5       2.53       4.1       0.0        4.5        0.0000
 '283'        19       6    2002     20880.0       11.1      24.1       1.60       1.3       0.0        3.7        0.0000
 '283'        20       6    2002      7390.0       13.6      19.3       1.67       3.3       6.6        1.3        0.1417
 '283'        21       6    2002     17810.0       10.4      20.7       1.46       1.9       0.0        3.0        0.0000
 '283'        22       6    2002     19060.0        9.6      23.8       1.55       3.1       1.6        3.4        0.0542
 '283'        23       6    2002     23130.0       10.4      20.5       1.38       3.4       0.6        3.9        0.0750
 '283'        24       6    2002     26310.0        8.0      20.8       1.29       2.8       0.0        4.3        0.0000
 '283'        25       6    2002     22240.0        6.5      22.1       1.32       2.4       0.0        3.7        0.0000
 '283'        26       6    2002     24850.0        8.1      23.1       1.41       2.0       0.0        4.3        0.0000
 '283'        27       6    2002     21400.0        8.2      19.7       1.22       4.0       0.2        3.5        0.0167
 '283'        28       6    2002     16200.0        8.4      16.4       1.26       4.7       6.4        2.5        0.2250
 '283'        29       6    2002     19990.0        7.7      18.7       1.14       3.0       0.0        3.2        0.0000
 '283'        30       6    2002     13980.0       10.8      19.2       1.32       4.5       0.0        2.3        0.0000
 '283'         1       7    2002      4630.0       12.5      15.4       1.44       4.9      12.2        0.7        0.5208
 '283'         2       7    2002     14420.0       11.8      17.8       1.42       4.8       4.7        2.3        0.0667
 '283'         3       7    2002      5240.0       12.1      17.1       1.55       4.6      17.9        0.8        0.6833
 '283'         4       7    2002     19640.0       12.3      20.2       1.50       4.5       0.8        3.3        0.0958
 '283'         5       7    2002     19150.0       11.5      22.0       1.48       2.5       0.2        3.3        0.0458
 '283'         6       7    2002     12500.0       12.4      21.2       1.68       2.5       0.0        2.1        0.0000
 '283'         7       7    2002     12310.0       12.1      19.9       1.57       2.4       0.0        2.1        0.0000
 '283'         8       7    2002     26640.0       12.9      25.3       1.77       3.0       0.0        4.8        0.0000
 '283'         9       7    2002     16460.0       13.0      27.6       2.02       1.8       0.0        3.0        0.0000
 '283'        10       7    2002      4750.0       11.7      17.3       1.51       2.2      13.7        0.8        0.2542
 '283'        11       7    2002     19480.0        9.6      21.1       1.52       2.8      16.6        3.2        0.0917
 '283'        12       7    2002     22780.0        7.6      22.3       1.35       1.7       0.0        3.9        0.0000
 '283'        13       7    2002     13080.0       14.6      21.6       1.89       2.4       3.6        2.3        0.1417
 '283'        14       7    2002     12000.0       16.0      23.3       2.04       3.0       0.0        2.1        0.0000
 '283'        15       7    2002     22750.0       15.3      25.0       1.87       3.3       0.0        4.2        0.0000
 '283'        16       7    2002     11850.0       12.3      23.0       1.65       3.6       0.0        2.1        0.0000
 '283'        17       7    2002     10430.0       14.0      21.2       1.69       4.6       0.0        1.8        0.0000
 '283'        18       7    2002     18230.0       11.5      20.1       1.39       5.4       0.0        3.0        0.0000
 '283'        19       7    2002      9160.0       12.4      16.8       1.38       2.6       0.0        1.5        0.0000
 '283'        20       7    2002     20540.0       13.5      22.3       1.61       1.7      11.7        3.5        0.1667
 '283'        21       7    2002     14260.0       12.7      18.5       1.60       3.9       2.0        2.4        0.1000
 '283'        22       7    2002     12600.0       12.3      20.2       1.48       3.4       0.0        2.1        0.0000
 '283'        23       7    2002     11120.0       14.6      20.4       1.68       4.1       3.0        1.9        0.1542
 '283'        24       7    2002     16690.0       14.0      20.1       1.60       4.1       1.0        2.9        0.0625
 '283'        25       7    2002     13830.0       10.8      19.7       1.47       2.3       0.9        2.3        0.0458
 '283'        26       7    2002     13510.0       12.5      24.5       1.95       3.0       3.4        2.4        0.2000
 '283'        27       7    2002     23740.0       12.0      27.6       2.04       1.7       0.0        4.4        0.0000
 '283'        28       7    2002     25110.0       15.1      29.9       2.14       1.9       0.0        4.8        0.0000
 '283'        29       7    2002     24670.0       15.4      31.0       2.15       1.6       0.0        4.8        0.0000
 '283'        30       7    2002     21400.0       16.6      33.4       2.60       2.2       0.0        4.2        0.0000
 '283'        31       7    2002     16530.0       17.0      28.5       2.57       1.5      50.2        3.0        0.2083
 '283'         1       8    2002      3740.0       13.4      20.2       1.87       2.6       9.5        0.6        0.1583
 '283'         2       8    2002     20640.0       12.0      24.8       1.77       1.4       0.0        3.7        0.0000
 '283'         3       8    2002      8690.0       12.6      19.4       1.71       2.2       1.9        1.5        0.1083
 '283'         4       8    2002     21760.0       13.6      23.6       1.83       1.6       0.0        3.8        0.0000
 '283'         5       8    2002      8510.0       14.5      20.6       1.88       1.5       8.0        1.5        0.1458
 '283'         6       8    2002     13450.0       12.6      21.6       1.82       1.8       3.9        2.3        0.1500
 '283'         7       8    2002     18560.0       11.9      24.5       1.94       0.9       0.1        3.2        0.0042
 '283'         8       8    2002     11870.0       14.2      22.6       2.01       1.5       0.0        2.1        0.0000
 '283'         9       8    2002     17510.0       12.0      24.7       1.92       1.5       0.3        3.1        0.0167
 '283'        10       8    2002      5930.0       14.9      18.0       1.80       1.7       4.9        1.0        0.2500
 '283'        11       8    2002      9850.0       14.1      21.8       1.96       2.6       0.0        1.7        0.0000
 '283'        12       8    2002     15160.0       12.8      22.5       1.75       3.9       0.0        2.6        0.0000
 '283'        13       8    2002     19030.0       12.5      23.3       1.77       2.8       0.0        3.3        0.0000
 '283'        14       8    2002     15460.0       11.1      24.9       1.92       1.4       0.0        2.7        0.0000
 '283'        15       8    2002     21320.0       12.6      27.5       2.08       1.7       0.0        3.9        0.0000
 '283'        16       8    2002     22450.0       13.0      27.8       1.94       2.0       0.0        4.2        0.0000
 '283'        17       8    2002     21990.0       14.0      28.6       1.99       2.5       0.0        4.1        0.0000
 '283'        18       8    2002     20250.0       15.3      29.1       2.13       3.0       0.0        3.8        0.0000
 '283'        19       8    2002      8690.0       15.8      26.2       2.16       2.2       0.0        1.6        0.0000
 '283'        20       8    2002     16620.0       13.9      29.0       2.29       2.0      21.3        3.1        0.1833
 '283'        21       8    2002      2930.0       16.6      18.6       1.98       2.5       8.2        0.5        0.3708
 '283'        22       8    2002      6020.0       15.1      19.0       1.84       2.1       0.0        1.0        0.0000
 '283'        23       8    2002     12630.0       14.3      21.2       1.89       1.8       0.0        2.2        0.0000
 '283'        24       8    2002      4520.0       14.2      19.3       1.91       1.9       3.6        0.8        0.2000
 '283'        25       8    2002      9380.0       14.6      21.4       1.94       1.9       0.1        1.6        0.0083
 '283'        26       8    2002     17770.0       13.3      24.0       2.01       2.9       0.0        3.2        0.0000
 '283'        27       8    2002     14470.0       16.6      26.2       2.41       2.8       0.0        2.7        0.0000
 '283'        28       8    2002     16140.0       15.3      25.0       2.16       3.4       0.0        3.0        0.0000
 '283'        29       8    2002     13500.0       13.0      23.8       2.00       1.2       0.0        2.4        0.0000
 '283'        30       8    2002     17600.0       10.9      23.6       1.88       1.9       0.0        3.0        0.0000
 '283'        31       8    2002      8220.0        9.9      20.7       1.59       3.3       0.0        1.4        0.0000
 '283'         1       9    2002     17370.0        8.4      20.7       1.40       2.3       0.0        2.8        0.0000
 '283'         2       9    2002     18640.0        9.8      22.5       1.52       2.8       0.0        3.2        0.0000
 '283'         3       9    2002     16780.0        8.5      22.9       1.46       3.7       2.9        2.8        0.0333
 '283'         4       9    2002     16560.0        7.7      22.4       1.60       1.7       0.0        2.8        0.0000
 '283'         5       9    2002     13680.0       12.1      22.5       1.74       1.3       0.0        2.4        0.0000
 '283'         6       9    2002     12920.0       12.3      21.1       1.65       3.3       0.0        2.2        0.0000
 '283'         7       9    2002     11980.0       12.9      22.0       1.63       3.3       0.0        2.1        0.0000
 '283'         8       9    2002     15330.0       12.7      24.8       1.75       2.5       0.0        2.7        0.0000
 '283'         9       9    2002     13610.0       13.3      27.5       2.13       2.8      12.8        2.4        0.0458
 '283'        10       9    2002      2970.0       13.4      16.3       1.59       1.7       8.1        0.5        0.5917
 '283'        11       9    2002      5030.0       13.0      17.0       1.65       2.4       1.6        0.8        0.1458
 '283'        12       9    2002     17560.0        9.3      21.5       1.57       3.0       0.0        2.9        0.0000
 '283'        13       9    2002     16990.0        7.8      21.5       1.52       2.1       0.0        2.8        0.0000
 '283'        14       9    2002      6550.0       10.6      19.3       1.62       2.8       0.3        1.1        0.0167
 '283'        15       9    2002     12500.0        7.0      19.3       1.38       2.1       0.0        2.0        0.0000
 '283'        16       9    2002      9050.0        5.6      19.5       1.45       1.8       0.0        1.4        0.0000
 '283'        17       9    2002      8870.0        7.7      19.0       1.46       2.0       0.0        1.4        0.0000
 '283'        18       9    2002      4830.0        7.2      16.1       1.31       0.9       0.0        0.8        0.0000
 '283'        19       9    2002      4920.0       12.3      16.8       1.52       1.4       0.0        0.8        0.0000
 '283'        20       9    2002      8130.0       10.6      17.8       1.44       1.9       0.0        1.3        0.0000
 '283'        21       9    2002      6260.0       10.4      17.7       1.51       1.5       0.1        1.0        0.0125
 '283'        22       9    2002      9960.0        7.9      15.6       1.32       3.0       4.7        1.5        0.0958
 '283'        23       9    2002     13640.0        6.4      15.4       1.10       4.8       0.0        2.0        0.0000
 '283'        24       9    2002     15280.0        4.0      15.3       1.01       3.4       0.2        2.2        0.0042
 '283'        25       9    2002      6930.0        6.4      16.9       1.31       2.4       7.8        1.1        0.1875
 '283'        26       9    2002      5010.0        7.9      14.3       1.28       2.1       2.0        0.8        0.0667
 '283'        27       9    2002     10830.0        7.9      16.0       1.27       1.5       0.0        1.7        0.0000
 '283'        28       9    2002      6060.0        5.9      16.4       1.29       1.5       0.0        0.9        0.0000
 '283'        29       9    2002     12410.0        5.8      18.2       1.34       1.0       0.0        1.9        0.0000
 '283'        30       9    2002     13610.0        4.4      19.0       1.27       1.8       0.0        2.0        0.0000
 '283'         1      10    2002     11660.0        4.8      20.1       1.40       1.3       0.0        1.8        0.0000
 '283'         2      10    2002      7840.0        5.2      17.7       1.34       1.3       0.0        1.2        0.0000
 '283'         3      10    2002      3100.0       10.4      17.9       1.61       3.0      10.0        0.5        0.2292
 '283'         4      10    2002     11630.0        6.3      18.0       1.34       2.7       0.0        1.8        0.0000
 '283'         5      10    2002      1450.0        7.7      13.9       1.29       3.7      15.5        0.2        0.4625
 '283'         6      10    2002      5870.0        2.3      13.1       1.01       4.0       1.1        0.9        0.0708
 '283'         7      10    2002      5230.0        1.6      12.6       1.04       2.5       2.3        0.7        0.0583
 '283'         8      10    2002     12540.0        0.5      10.1       0.78       3.2       0.0        1.6        0.0000
 '283'         9      10    2002     11600.0        3.0      13.3       0.94       5.6       0.0        1.6        0.0000
 '283'        10      10    2002     11130.0        4.8      12.2       0.90       5.6       0.0        1.5        0.0000
 '283'        11      10    2002     11490.0        1.9      10.5       0.71       5.1       0.0        1.5        0.0000
 '283'        12      10    2002      3890.0        2.6       7.2       0.69       4.0       0.0        0.5        0.0000
 '283'        13      10    2002      2370.0        5.1       7.4       0.85       3.3       0.0        0.3        0.0000
 '283'        14      10    2002      2270.0        6.0      12.0       1.12       3.9      11.6        0.3        0.4542
 '283'        15      10    2002      2270.0        5.5      13.0       1.19       2.8       0.2        0.3        0.0208
 '283'        16      10    2002      5310.0       10.4      14.9       1.30       4.6       3.1        0.8        0.1500
 '283'        17      10    2002      6750.0        4.3      12.5       1.00       4.4       0.0        1.0        0.0000
 '283'        18      10    2002      5920.0        3.5      10.1       0.94       3.7       1.9        0.8        0.0542
 '283'        19      10    2002      6410.0        1.2       9.4       0.85       3.2       0.0        0.8        0.0000
 '283'        20      10    2002      6740.0        3.7      10.7       0.93       2.1       1.4        0.9        0.1125
 '283'        21      10    2002      1050.0        5.7      13.5       1.20       3.2       5.6        0.2        0.3292
 '283'        22      10    2002      3940.0       11.1      16.2       1.47       4.1       3.0        0.6        0.1000
 '283'        23      10    2002      3800.0        5.1      14.0       1.07       5.3       4.7        0.6        0.1208
 '283'        24      10    2002      6910.0        4.9      10.6       0.89       4.2       0.2        0.9        0.0125
 '283'        25      10    2002      2170.0        7.8      14.0       1.20       6.0       7.7        0.3        0.2875
 '283'        26      10    2002      7700.0        7.6      13.6       1.04       7.8       4.4        1.1        0.0958
 '283'        27      10    2002      3600.0        8.4      16.4       1.26      10.2      14.9        0.5        0.4708
 '283'        28      10    2002      6850.0        6.1      11.9       0.97       4.6       2.6        1.0        0.0875
 '283'        29      10    2002      2700.0        5.9       9.7       0.93       2.5       0.5        0.4        0.0458
 '283'        30      10    2002      6750.0        4.3      11.9       1.00       1.7       1.1        0.9        0.1083
 '283'        31      10    2002      7110.0        0.2      11.4       0.91       1.4       0.0        0.9        0.0000
 '283'         1      11    2002      1780.0        0.4      12.3       1.02       2.5       4.2        0.2        0.1042
 '283'         2      11    2002      5330.0        9.2      15.5       1.39       3.4       1.9        0.8        0.0542
 '283'         3      11    2002      3010.0        5.9      14.1       1.22       4.0      11.3        0.4        0.3917
 '283'         4      11    2002      3770.0        5.6      11.2       1.09       2.1       0.0        0.5        0.0000
 '283'         5      11    2002      2840.0        2.1       7.1       0.82       1.9       0.0        0.4        0.0000
 '283'         6      11    2002      4810.0        2.1      10.1       0.88       3.8       0.0        0.6        0.0000
 '283'         7      11    2002      2050.0        2.5       9.1       0.89       3.2      10.5        0.3        0.3542
 '283'         8      11    2002      3080.0        2.4       9.7       0.92       5.5      14.8        0.4        0.3542
 '283'         9      11    2002      5270.0        0.4      10.5       0.85       4.4       1.9        0.7        0.0583
 '283'        10      11    2002      3690.0       -2.0       8.1       0.78       2.7       3.2        0.5        0.2792
 '283'        11      11    2002      4730.0        5.8      12.1       1.12       3.7       2.4        0.7        0.0833
 '283'        12      11    2002      3570.0        7.9      12.0       1.10       5.1       0.9        0.5        0.0958
 '283'        13      11    2002      2180.0        6.8      11.9       1.10       4.4       3.0        0.3        0.1792
 '283'        14      11    2002      2340.0        6.4      12.6       1.03       4.2       4.2        0.3        0.0708
 '283'        15      11    2002      2160.0        3.6       9.2       0.94       2.0       0.0        0.3        0.0000
 '283'        16      11    2002      1380.0        4.8       8.9       1.00       3.0       5.1        0.2        0.3292
 '283'        17      11    2002      1950.0        5.6      10.6       1.08       3.2       0.8        0.3        0.1042
 '283'        18      11    2002      1080.0        6.8       8.6       1.04       2.0       0.1        0.1        0.0042
 '283'        19      11    2002      3960.0        1.8       9.1       0.89       2.5       0.0        0.5        0.0000
 '283'        20      11    2002      4060.0        1.3       8.1       0.83       3.5       0.0        0.5        0.0000
 '283'        21      11    2002      1530.0        4.7      11.1       0.97       3.9       0.0        0.2        0.0000
 '283'        22      11    2002      1580.0        4.7       9.9       0.94       2.3       0.0        0.2        0.0000
 '283'        23      11    2002      4600.0        3.6      11.0       0.95       3.0       1.3        0.6        0.0333
 '283'        24      11    2002      3940.0        2.2      10.6       0.96       2.2       0.0        0.5        0.0000
 '283'        25      11    2002       930.0        4.8       9.1       0.99       2.8       5.9        0.1        0.2417
 '283'        26      11    2002      2150.0        2.4       9.7       0.96       2.8       0.3        0.3        0.0292
 '283'        27      11    2002      4180.0        0.8       9.4       0.86       3.3       0.0        0.5        0.0000
 '283'        28      11    2002      2980.0        4.8      11.0       1.03       2.4       1.3        0.4        0.1125
 '283'        29      11    2002      1730.0        4.6      10.3       1.03       1.2       0.7        0.2        0.0208
 '283'        30      11    2002      1340.0        3.6       7.7       0.92       1.3       0.0        0.2        0.0000
 '283'         1      12    2002      3070.0        5.7       8.8       0.94       4.5       3.9        0.4        0.1708
 '283'         2      12    2002       940.0        4.9       7.4       0.92       4.0       0.6        0.1        0.0750
 '283'         3      12    2002      1570.0        2.6       8.4       0.90       2.2       0.0        0.2        0.0000
 '283'         4      12    2002      2940.0       -0.2       7.8       0.81       1.9       0.0        0.4        0.0000
 '283'         5      12    2002      1270.0        2.7       6.3       0.81       3.4       0.0        0.2        0.0000
 '283'         6      12    2002       650.0        0.2       3.4       0.63       5.0       0.0        0.1        0.0000
 '283'         7      12    2002       810.0       -2.8       0.8       0.50       5.9       0.6        0.1        0.0167
 '283'         8      12    2002      3230.0       -5.0       0.2       0.37       6.5       0.0        0.3        0.0000
 '283'         9      12    2002      3690.0       -8.2      -3.9       0.30       5.9       0.0        0.3        0.0000
 '283'        10      12    2002      3830.0       -9.2      -2.9       0.29       5.1       0.0        0.3        0.0000
 '283'        11      12    2002      3560.0       -9.1      -2.1       0.27       5.0       0.0        0.3        0.0000
 '283'        12      12    2002      1710.0       -7.5      -1.7       0.31       3.0       0.0        0.2        0.0000
 '283'        13      12    2002      1730.0       -6.3      -0.6       0.38       2.0       0.0        0.2        0.0000
 '283'        14      12    2002       710.0       -1.8       1.1       0.53       3.5       0.0        0.1        0.0000
 '283'        15      12    2002      1040.0        0.3       2.6       0.63       5.3       1.8        0.1        0.1583
 '283'        16      12    2002       170.0        0.2       6.1       0.77       4.0       5.2        0.0        0.4083
 '283'        17      12    2002       490.0       -1.2       1.0       0.60       3.2       0.0        0.1        0.0000
 '283'        18      12    2002      1650.0       -6.1       1.0       0.51       1.2       0.0        0.2        0.0000
 '283'        19      12    2002      1080.0       -3.6       0.8       0.56       2.2       0.0        0.1        0.0000
 '283'        20      12    2002      1820.0       -5.9       0.9       0.52       1.4       0.0        0.2        0.0000
 '283'        21      12    2002       810.0       -0.5       1.6       0.64       1.5       0.0        0.1        0.0000
 '283'        22      12    2002       230.0       -0.4       6.6       0.78       4.0      19.0        0.0        0.5625
 '283'        23      12    2002       760.0        1.0       4.2       0.74       3.4       0.0        0.1        0.0000
 '283'        24      12    2002      1990.0        3.7      11.6       1.07       3.5       3.2        0.3        0.1833
 '283'        25      12    2002      1190.0        9.1      11.4       1.24       2.7       0.1        0.2        0.0125
 '283'        26      12    2002       560.0        7.7      10.3       1.13       4.5       7.2        0.1        0.1792
 '283'        27      12    2002       560.0        8.4      11.3       1.20       4.0       5.4        0.1        0.4333
 '283'        28      12    2002      1270.0        7.3      10.9       1.14       4.5       1.2        0.2        0.0667
 '283'        29      12    2002       590.0        6.3       7.9       0.99       3.7      11.5        0.1        0.4917
 '283'        30      12    2002       400.0        1.0      10.2       0.95       3.8      27.3        0.0        0.5875
 '283'        31      12    2002      2560.0       -3.7       1.1       0.47       5.6       0.0        0.3        0.0000
