*************************************************************************************************************************     
* Filename: Hupsel.004                                                             
* Contents: SWAP  4.0 - Daily meterorological data                
*************************************************************************************************************************     
* Comment area:                                                                 
*                                                                               
*                                                                               
*************************************************************************************************************************     
 Station      DD      MM    YYYY         RAD       Tmin      Tmax        HUM      WIND      RAIN     ETref            WET     
*             nr      nr      nr       kJ/m2         ºC        ºC        kPa       m/s        mm        mm              d
*************************************************************************************************************************     
 '283'         1       1    2004       880.0       -1.5       0.6       0.52       4.0       0.0        0.1        0.0000
 '283'         2       1    2004      3280.0       -4.5      -0.1       0.44       4.2       0.0        0.3        0.0000
 '283'         3       1    2004      2470.0       -4.7      -0.7       0.41       2.2       0.0        0.2        0.0000
 '283'         4       1    2004      1130.0       -3.6       3.9       0.60       3.6       1.7        0.1        0.2042
 '283'         5       1    2004       570.0        1.1       3.7       0.72       2.3       0.5        0.1        0.0667
 '283'         6       1    2004       350.0        3.5       8.4       0.93       4.8       6.0        0.0        0.5167
 '283'         7       1    2004      1440.0        3.6       7.7       0.91       2.9       0.0        0.2        0.0000
 '283'         8       1    2004      2460.0        2.8       6.1       0.79       5.1       1.9        0.3        0.0833
 '283'         9       1    2004       770.0        4.6       6.7       0.88       3.6       2.9        0.1        0.1708
 '283'        10       1    2004      1620.0        3.5       6.6       0.84       3.7       0.1        0.2        0.0083
 '283'        11       1    2004       580.0        4.6      11.8       1.03       6.5      13.6        0.1        0.3917
 '283'        12       1    2004      1200.0        3.6       6.2       0.82       4.5       3.5        0.2        0.2250
 '283'        13       1    2004      1040.0        5.0       9.2       0.92       7.3      11.2        0.1        0.2917
 '283'        14       1    2004      1330.0        1.1       7.0       0.76       5.5       7.8        0.2        0.2542
 '283'        15       1    2004      1710.0        0.2       5.8       0.71       5.0       5.6        0.2        0.1958
 '283'        16       1    2004      1000.0        4.3       6.8       0.83       8.9      11.4        0.1        0.5292
 '283'        17       1    2004       670.0        3.7       5.6       0.78       7.7       4.9        0.1        0.2667
 '283'        18       1    2004      2750.0       -1.4       3.7       0.59       3.9       0.0        0.3        0.0000
 '283'        19       1    2004       670.0        0.3       8.3       0.83       6.1      13.2        0.1        0.8500
 '283'        20       1    2004      4150.0        0.0       7.8       0.73       3.0       0.4        0.5        0.0375
 '283'        21       1    2004      4500.0       -2.7       2.5       0.52       1.2       0.0        0.5        0.0000
 '283'        22       1    2004      1250.0       -1.3       2.1       0.51       3.1       0.0        0.1        0.0000
 '283'        23       1    2004      4880.0       -1.2       5.5       0.55       2.5       0.0        0.6        0.0000
 '283'        24       1    2004       690.0       -0.1       3.7       0.60       3.0       3.9        0.1        0.2083
 '283'        25       1    2004      2710.0       -0.4       5.5       0.74       2.2       0.0        0.3        0.0000
 '283'        26       1    2004      3380.0       -2.1       4.5       0.65       2.3       0.0        0.4        0.0000
 '283'        27       1    2004      2250.0       -2.1       1.0       0.56       2.0       0.1        0.2        0.0125
 '283'        28       1    2004      2060.0       -1.4       1.3       0.61       3.9       4.1        0.2        0.3333
 '283'        29       1    2004      3890.0       -6.1       2.4       0.53       5.5       1.3        0.4        0.1125
 '283'        30       1    2004      2220.0       -0.3       3.2       0.55       6.5       0.0        0.3        0.0000
 '283'        31       1    2004       720.0        1.8      11.5       0.87       8.8       9.8        0.1        0.3875
 '283'         1       2    2004      2700.0        8.4      11.7       1.07       8.4       6.1        0.4        0.2333
 '283'         2       2    2004       640.0        8.5      11.8       1.14       7.1      11.2        0.1        0.3708
 '283'         3       2    2004      2500.0        9.9      14.8       1.18       6.0       0.0        0.4        0.0000
 '283'         4       2    2004      1830.0       10.7      15.5       1.17       6.1       0.7        0.3        0.0667
 '283'         5       2    2004      1170.0       11.0      15.1       1.36       6.7       2.7        0.2        0.1417
 '283'         6       2    2004      1640.0        9.8      12.9       1.23       6.1       4.5        0.2        0.1667
 '283'         7       2    2004      1400.0        3.1       9.9       0.85       8.5       6.5        0.2        0.2000
 '283'         8       2    2004      3470.0        0.5       5.6       0.69       7.3      11.6        0.4        0.3542
 '283'         9       2    2004      4160.0        0.6       5.0       0.69       4.3       3.1        0.5        0.1375
 '283'        10       2    2004      2220.0        0.0       6.5       0.73       5.8       9.4        0.3        0.3042
 '283'        11       2    2004      1840.0        0.5       7.7       0.78       3.9       1.1        0.2        0.1375
 '283'        12       2    2004      2580.0       -0.1       6.1       0.74       1.9       0.2        0.3        0.0583
 '283'        13       2    2004      1920.0        6.1       8.6       1.02       1.9       0.9        0.3        0.0792
 '283'        14       2    2004      3020.0        4.6       8.5       0.91       1.9       0.2        0.4        0.0417
 '283'        15       2    2004      5100.0        0.4       7.4       0.79       1.0       0.0        0.6        0.0000
 '283'        16       2    2004      2620.0       -0.9       4.7       0.70       1.2       0.0        0.3        0.0000
 '283'        17       2    2004      2830.0        0.8       6.0       0.76       2.5       0.2        0.3        0.0167
 '283'        18       2    2004      7730.0        1.2       8.1       0.75       4.0       0.0        1.0        0.0000
 '283'        19       2    2004      7400.0       -1.3       3.2       0.52       4.8       0.0        0.8        0.0000
 '283'        20       2    2004      9960.0       -3.0       4.1       0.47       5.3       0.0        1.1        0.0000
 '283'        21       2    2004      4100.0       -3.6       2.4       0.47       3.1       0.0        0.4        0.0000
 '283'        22       2    2004      5230.0       -3.0       5.9       0.59       3.9       0.0        0.6        0.0000
 '283'        23       2    2004      9690.0       -4.7       5.5       0.51       3.4       0.0        1.0        0.0000
 '283'        24       2    2004      6460.0       -4.3       4.9       0.59       4.3       4.3        0.7        0.2917
 '283'        25       2    2004      8740.0       -2.4       3.6       0.63       3.8       1.4        0.9        0.0917
 '283'        26       2    2004      5170.0       -2.9       1.7       0.56       4.3       4.7        0.5        0.1833
 '283'        27       2    2004      9940.0       -4.5       1.2       0.50       3.3       0.0        1.0        0.0000
 '283'        28       2    2004      7850.0       -4.6       2.3       0.51       1.4       0.0        0.8        0.0000
 '283'        29       2    2004      9870.0       -4.4       3.2       0.54       2.7       0.0        1.0        0.0000
 '283'         1       3    2004     10500.0       -5.0       4.8       0.54       2.9       0.0        1.1        0.0000
 '283'         2       3    2004      5960.0        2.7       7.6       0.73       4.6       0.0        0.7        0.0000
 '283'         3       3    2004      5700.0       -2.3       5.3       0.68       2.7       0.0        0.6        0.0000
 '283'         4       3    2004      8390.0       -2.6       8.2       0.66       3.5       0.0        1.0        0.0000
 '283'         5       3    2004     11020.0       -1.9       6.4       0.53       4.1       0.0        1.3        0.0000
 '283'         6       3    2004      3730.0        0.2       3.9       0.65       2.1       0.9        0.4        0.1000
 '283'         7       3    2004      7020.0       -1.9       7.6       0.71       2.5       0.3        0.8        0.0333
 '283'         8       3    2004     12350.0       -4.6       8.2       0.64       3.3       0.0        1.4        0.0000
 '283'         9       3    2004      5490.0       -1.8       3.6       0.56       4.5       0.0        0.6        0.0000
 '283'        10       3    2004      3320.0       -0.6       2.6       0.63       3.8       0.2        0.4        0.0458
 '283'        11       3    2004      7330.0       -1.7       4.9       0.63       3.0       0.0        0.8        0.0000
 '283'        12       3    2004      6810.0       -0.2       7.3       0.67       4.2       1.2        0.8        0.1542
 '283'        13       3    2004      6630.0        4.5      11.0       0.89       4.8       2.9        0.9        0.1667
 '283'        14       3    2004     12240.0        4.4      13.9       0.89       6.0       0.1        1.8        0.0125
 '283'        15       3    2004      4160.0        9.8      13.6       1.09       5.9       0.0        0.6        0.0000
 '283'        16       3    2004      3390.0        8.6      15.0       1.26       4.2       0.1        0.5        0.0083
 '283'        17       3    2004     13530.0        4.8      20.2       1.28       2.9       0.0        2.1        0.0000
 '283'        18       3    2004      5900.0        1.9      14.9       1.07       2.9       0.7        0.9        0.0333
 '283'        19       3    2004      6240.0        7.2      13.1       1.09       6.5      11.0        0.9        0.2917
 '283'        20       3    2004      2600.0        6.9      13.3       1.12       9.9       8.3        0.4        0.2958
 '283'        21       3    2004     10500.0        4.9      12.0       0.89       9.1       1.9        1.5        0.0500
 '283'        22       3    2004      7890.0       -0.1       9.7       0.79       4.8       3.1        1.0        0.1292
 '283'        23       3    2004     13040.0       -0.1      10.9       0.82       1.8       0.0        1.6        0.0000
 '283'        24       3    2004      6800.0       -0.7       7.5       0.72       3.6       0.0        0.8        0.0000
 '283'        25       3    2004     11480.0       -1.5       7.7       0.62       2.9       0.0        1.3        0.0000
 '283'        26       3    2004     11690.0       -4.1       7.7       0.60       2.4       0.0        1.3        0.0000
 '283'        27       3    2004     15890.0       -4.5       8.7       0.59       1.6       0.0        1.9        0.0000
 '283'        28       3    2004     11490.0       -0.6      11.0       0.68       1.9       0.0        1.5        0.0000
 '283'        29       3    2004     13930.0       -2.6      13.7       0.82       1.5       0.0        1.8        0.0000
 '283'        30       3    2004     17930.0        2.2      16.0       0.86       4.5       0.0        2.6        0.0000
 '283'        31       3    2004     14610.0        1.9      15.9       0.82       3.4       0.0        2.1        0.0000
 '283'         1       4    2004     16980.0        4.6      19.3       0.96       4.1       0.0        2.6        0.0000
 '283'         2       4    2004     12870.0        6.7      18.2       1.08       4.2       0.0        2.0        0.0000
 '283'         3       4    2004      7670.0       10.3      15.8       1.20       4.8       0.0        1.2        0.0000
 '283'         4       4    2004     11600.0        6.4      13.3       0.93       6.4       2.6        1.7        0.1708
 '283'         5       4    2004     12450.0        3.6      11.1       0.89       6.0       7.1        1.7        0.1542
 '283'         6       4    2004      8110.0        3.7       8.7       0.86       4.5      11.5        1.0        0.2500
 '283'         7       4    2004      8570.0        3.3       8.2       0.83       4.8       8.3        1.1        0.3000
 '283'         8       4    2004     12130.0        2.5       8.6       0.80       3.4       2.9        1.6        0.0750
 '283'         9       4    2004      9520.0        0.6      10.8       0.82       2.5       0.0        1.2        0.0000
 '283'        10       4    2004      5950.0       -1.1       8.7       0.73       3.0       0.2        0.7        0.0292
 '283'        11       4    2004     11330.0        1.2      10.4       0.73       2.0       0.0        1.5        0.0000
 '283'        12       4    2004     11730.0       -1.2      11.2       0.79       1.6       0.0        1.6        0.0000
 '283'        13       4    2004     14490.0        2.2      12.9       0.94       3.0       0.1        2.0        0.0125
 '283'        14       4    2004     19220.0       -1.0      16.0       0.90       1.5       0.0        2.6        0.0000
 '283'        15       4    2004     20160.0        2.0      17.9       0.90       2.2       0.0        3.0        0.0000
 '283'        16       4    2004     20210.0        4.0      19.9       0.96       2.2       0.0        3.2        0.0000
 '283'        17       4    2004     18370.0        5.2      20.9       1.02       2.8       0.0        3.0        0.0000
 '283'        18       4    2004     12610.0        6.9      14.7       0.97       5.4       0.4        1.9        0.0875
 '283'        19       4    2004     13080.0        4.0      11.7       0.74       3.4       0.0        1.8        0.0000
 '283'        20       4    2004     19470.0        4.3      15.5       0.91       2.1       0.0        2.8        0.0000
 '283'        21       4    2004     14470.0        2.4      18.3       1.12       2.6       0.0        2.2        0.0000
 '283'        22       4    2004     11640.0        6.6      18.9       1.31       2.4       4.2        1.8        0.1750
 '283'        23       4    2004     20160.0        3.4      17.0       1.03       3.3       0.0        3.0        0.0000
 '283'        24       4    2004     16640.0        2.3      17.2       1.01       2.4       0.0        2.5        0.0000
 '283'        25       4    2004     21840.0        1.3      17.2       0.99       2.0       0.0        3.2        0.0000
 '283'        26       4    2004     16240.0        4.7      18.8       1.04       2.1       0.0        2.5        0.0000
 '283'        27       4    2004     22510.0        6.3      20.9       1.15       3.7       0.0        3.7        0.0000
 '283'        28       4    2004     15300.0        9.4      20.8       1.42       3.5       8.1        2.5        0.1625
 '283'        29       4    2004     13910.0       11.1      18.5       1.35       3.4       0.5        2.3        0.0417
 '283'        30       4    2004     21940.0       10.4      22.9       1.44       4.3       0.0        3.7        0.0000
 '283'         1       5    2004     12950.0        9.5      20.6       1.55       3.3       3.0        2.1        0.1375
 '283'         2       5    2004      5500.0        9.8      14.7       1.27       2.9       0.0        0.9        0.0000
 '283'         3       5    2004     15800.0        6.5      19.4       1.34       2.4       7.9        2.5        0.1875
 '283'         4       5    2004     13570.0        8.0      13.9       1.08       3.7       0.8        2.0        0.1375
 '283'         5       5    2004     18090.0        4.6      15.3       0.96       3.2       0.0        2.7        0.0000
 '283'         6       5    2004     12260.0        2.4      15.6       1.07       1.7       0.9        1.8        0.1458
 '283'         7       5    2004      2640.0        7.6       9.2       1.05       3.8      28.8        0.4        0.8292
 '283'         8       5    2004      9950.0        5.6      12.7       1.00       3.0       0.0        1.4        0.0000
 '283'         9       5    2004     15760.0        3.9      16.0       1.10       1.1       1.5        2.4        0.1167
 '283'        10       5    2004     19900.0       10.3      19.1       1.49       2.1       0.1        3.2        0.0250
 '283'        11       5    2004     15080.0        8.5      16.3       1.23       3.8       0.0        2.3        0.0000
 '283'        12       5    2004      8150.0        7.7      12.4       0.96       3.7       0.0        1.2        0.0000
 '283'        13       5    2004      6850.0        7.1      14.0       1.12       3.5       0.9        1.0        0.0500
 '283'        14       5    2004     14700.0        6.0      16.2       1.08       1.8       0.0        2.2        0.0000
 '283'        15       5    2004     17900.0        5.3      20.9       1.35       3.8       0.0        2.8        0.0000
 '283'        16       5    2004     17210.0        7.9      19.5       1.35       2.9       0.0        2.8        0.0000
 '283'        17       5    2004     22850.0        6.2      21.6       1.31       1.4       0.0        3.8        0.0000
 '283'        18       5    2004     24520.0        7.2      21.6       1.33       2.5       0.0        4.0        0.0000
 '283'        19       5    2004     25460.0        4.9      23.8       1.35       3.9       0.0        4.2        0.0000
 '283'        20       5    2004     16850.0        7.6      20.0       1.20       2.9       0.0        2.7        0.0000
 '283'        21       5    2004     15140.0        3.7      15.3       0.93       4.3       0.4        2.2        0.0375
 '283'        22       5    2004     19240.0        1.2      14.6       0.84       4.3       0.1        2.7        0.0042
 '283'        23       5    2004     23990.0        3.5      15.4       0.82       4.3       0.5        3.5        0.0542
 '283'        24       5    2004     21210.0        4.0      17.3       1.00       2.9       0.0        3.2        0.0000
 '283'        25       5    2004     11580.0        4.9      14.8       1.06       2.7       0.7        1.7        0.0583
 '283'        26       5    2004     17720.0        2.6      14.6       0.89       2.8       0.0        2.5        0.0000
 '283'        27       5    2004     14170.0        1.0      14.1       0.88       2.2       0.0        2.0        0.0000
 '283'        28       5    2004     27490.0        1.4      19.5       1.03       1.4       0.0        4.2        0.0000
 '283'        29       5    2004     28460.0        4.2      23.3       1.11       2.0       0.0        4.8        0.0000
 '283'        30       5    2004     21640.0       11.9      24.2       1.35       2.9       1.6        3.8        0.1417
 '283'        31       5    2004      7790.0        9.8      16.8       1.42       2.0      21.0        1.2        0.4250
 '283'         1       6    2004     24460.0        7.5      21.5       1.39       1.5       0.0        4.1        0.0000
 '283'         2       6    2004      9650.0        9.4      19.2       1.53       3.1       5.3        1.5        0.1292
 '283'         3       6    2004     20280.0        8.5      19.6       1.48       2.7       0.0        3.3        0.0000
 '283'         4       6    2004      7900.0       11.0      18.6       1.57       3.0       2.6        1.3        0.1500
 '283'         5       6    2004      9340.0        7.5      15.3       1.22       3.1       0.4        1.5        0.0083
 '283'         6       6    2004     16920.0        5.7      19.1       1.30       1.0       0.0        2.7        0.0000
 '283'         7       6    2004     26430.0        8.3      25.2       1.66       1.7       0.0        4.7        0.0000
 '283'         8       6    2004     25850.0       11.4      28.8       1.94       1.5       0.0        4.8        0.0000
 '283'         9       6    2004     22870.0       14.6      26.6       1.85       3.1       0.0        4.3        0.0000
 '283'        10       6    2004     14540.0       12.7      23.6       1.88       2.1       0.7        2.6        0.0542
 '283'        11       6    2004     21120.0       10.7      21.9       1.49       4.2       0.0        3.6        0.0000
 '283'        12       6    2004     14920.0       10.2      18.0       1.46       3.0       8.9        2.4        0.1792
 '283'        13       6    2004     11370.0        7.3      16.9       1.22       2.8       0.0        1.8        0.0000
 '283'        14       6    2004     18980.0        5.7      22.5       1.49       3.0       0.0        3.2        0.0000
 '283'        15       6    2004     19120.0       10.0      23.8       1.71       4.1       0.0        3.3        0.0000
 '283'        16       6    2004     19110.0        8.6      18.6       1.21       3.1       0.0        3.1        0.0000
 '283'        17       6    2004     11210.0       12.5      19.8       1.47       4.8       0.3        1.9        0.0208
 '283'        18       6    2004     10100.0       12.4      17.2       1.48       2.7       1.1        1.6        0.0958
 '283'        19       6    2004     21440.0        7.6      15.6       1.11       3.2       2.5        3.3        0.0542
 '283'        20       6    2004     20590.0        7.5      17.5       1.18       3.4       0.9        3.2        0.0625
 '283'        21       6    2004     16120.0        7.7      17.9       1.29       2.6       0.8        2.5        0.0250
 '283'        22       6    2004     18890.0       10.4      19.3       1.45       2.5       1.4        3.1        0.0583
 '283'        23       6    2004     12580.0       14.0      21.5       1.69       6.5       8.3        2.2        0.3125
 '283'        24       6    2004     18720.0       12.0      18.6       1.28       8.4       2.1        3.1        0.1208
 '283'        25       6    2004      9890.0        7.9      16.2       1.28       4.9       5.0        1.5        0.2417
 '283'        26       6    2004     21910.0        5.3      21.0       1.30       1.5       0.0        3.6        0.0000
 '283'        27       6    2004     18810.0       12.8      24.1       1.84       3.3       1.5        3.3        0.1167
 '283'        28       6    2004     22390.0        8.1      20.8       1.29       4.0       0.0        3.7        0.0000
 '283'        29       6    2004     18700.0        7.9      21.2       1.38       3.3       0.0        3.1        0.0000
 '283'        30       6    2004     19080.0       12.6      24.0       1.53       2.5       0.0        3.4        0.0000
 '283'         1       7    2004     15960.0       10.8      19.0       1.38       3.8       3.5        2.6        0.0667
 '283'         2       7    2004     19030.0       10.3      19.2       1.37       4.0       2.4        3.1        0.0542
 '283'         3       7    2004     19960.0       12.2      19.4       1.41       5.5       5.9        3.3        0.0667
 '283'         4       7    2004     13030.0       12.7      18.7       1.45       3.6       0.1        2.2        0.0250
 '283'         5       7    2004     18220.0        9.3      19.3       1.43       2.1       6.3        3.0        0.2458
 '283'         6       7    2004     27680.0        7.1      21.2       1.27       1.4       0.0        4.6        0.0000
 '283'         7       7    2004     22920.0       10.9      23.2       1.58       4.3       3.6        4.0        0.0917
 '283'         8       7    2004     12230.0       13.6      21.8       1.79       2.4       3.8        2.1        0.0500
 '283'         9       7    2004     10150.0       12.9      18.8       1.66       3.1      17.2        1.7        0.3000
 '283'        10       7    2004     16480.0       10.6      18.9       1.37       3.5       1.1        2.7        0.0417
 '283'        11       7    2004     14620.0        9.8      17.8       1.37       3.6       0.7        2.4        0.0208
 '283'        12       7    2004      7110.0       12.3      15.9       1.42       3.5       8.7        1.1        0.3083
 '283'        13       7    2004     15590.0        9.2      17.0       1.26       3.6       0.0        2.5        0.0000
 '283'        14       7    2004     12970.0       10.9      20.7       1.57       4.0       5.3        2.2        0.1833
 '283'        15       7    2004      8630.0       15.1      19.7       1.81       3.3       0.1        1.5        0.0083
 '283'        16       7    2004     12370.0       14.8      21.9       1.94       2.8       0.1        2.2        0.0083
 '283'        17       7    2004     21500.0       13.2      28.5       2.25       2.3      17.9        4.0        0.0958
 '283'        18       7    2004     13200.0       14.4      23.2       2.00       1.8       4.4        2.4        0.0792
 '283'        19       7    2004     21080.0       12.6      22.0       1.70       2.4       0.0        3.6        0.0000
 '283'        20       7    2004      6760.0       12.5      19.4       1.72       2.0      13.6        1.1        0.2042
 '283'        21       7    2004     18450.0       12.3      26.4       2.24       1.4       1.5        3.2        0.0792
 '283'        22       7    2004     21820.0       14.0      26.2       2.15       1.1       0.0        3.9        0.0000
 '283'        23       7    2004     19160.0       14.1      25.6       2.10       3.2       0.1        3.5        0.0125
 '283'        24       7    2004     23230.0        9.8      23.0       1.59       1.9       0.0        4.1        0.0000
 '283'        25       7    2004      8570.0       12.7      18.3       1.59       2.6       2.7        1.4        0.1917
 '283'        26       7    2004     19300.0        9.3      20.5       1.49       2.6       2.0        3.2        0.0375
 '283'        27       7    2004     23980.0        7.6      22.0       1.46       1.1       0.0        4.0        0.0000
 '283'        28       7    2004     22530.0        9.4      23.2       1.55       1.8       0.0        3.9        0.0000
 '283'        29       7    2004     25580.0       12.0      25.7       1.65       2.7       0.0        4.6        0.0000
 '283'        30       7    2004     23690.0       12.1      28.2       1.94       1.7       0.2        4.4        0.0083
 '283'        31       7    2004     21580.0       13.1      26.5       1.96       1.8       0.0        4.0        0.0000
 '283'         1       8    2004     20840.0       13.5      24.4       1.91       2.3       0.0        3.7        0.0000
 '283'         2       8    2004     23730.0       11.8      26.6       1.90       1.8       0.0        4.3        0.0000
 '283'         3       8    2004     23770.0       12.5      28.1       1.94       1.8       0.0        4.4        0.0000
 '283'         4       8    2004     21740.0       15.9      28.3       2.06       2.5       0.0        4.1        0.0000
 '283'         5       8    2004     18320.0       16.2      31.4       2.22       2.1       0.0        3.5        0.0000
 '283'         6       8    2004     22230.0       15.4      33.3       2.33       1.6       0.0        4.3        0.0000
 '283'         7       8    2004     17430.0       15.6      30.0       2.47       1.6       0.0        3.3        0.0000
 '283'         8       8    2004     23520.0       13.8      31.4       1.82       3.6       0.0        4.6        0.0000
 '283'         9       8    2004     23160.0       17.1      32.3       1.73       4.6       0.0        4.6        0.0000
 '283'        10       8    2004     14730.0       17.3      30.0       2.08       3.8       1.8        2.8        0.1542
 '283'        11       8    2004     13650.0       14.5      25.4       2.15       2.2      22.1        2.5        0.2167
 '283'        12       8    2004     11490.0       13.7      27.5       2.33       2.7      22.2        2.1        0.1875
 '283'        13       8    2004      9380.0       15.3      20.6       1.94       3.9       8.0        1.6        0.2792
 '283'        14       8    2004     17890.0       15.9      24.3       2.11       3.1       0.2        3.2        0.0250
 '283'        15       8    2004     13530.0       15.8      23.9       2.00       2.0       0.0        2.4        0.0000
 '283'        16       8    2004      8230.0       14.8      22.6       1.95       2.1       0.9        1.5        0.0583
 '283'        17       8    2004     16580.0       14.8      24.3       2.01       2.3       0.0        3.0        0.0000
 '283'        18       8    2004     17840.0       16.6      27.0       2.26       3.6      25.0        3.3        0.1208
 '283'        19       8    2004     14750.0       15.9      23.0       1.85       5.2       0.3        2.6        0.0208
 '283'        20       8    2004     12560.0       14.0      21.2       1.73       3.4       3.5        2.2        0.0958
 '283'        21       8    2004      7140.0        8.4      17.8       1.43       2.7       1.5        1.1        0.0708
 '283'        22       8    2004     14670.0        8.1      20.4       1.44       2.0       0.0        2.4        0.0000
 '283'        23       8    2004     12510.0        9.6      23.1       1.67       2.8       0.0        2.1        0.0000
 '283'        24       8    2004     13350.0       13.8      22.2       1.87       3.3       3.9        2.3        0.1000
 '283'        25       8    2004      9230.0       13.9      19.4       1.73       3.9       5.0        1.5        0.0875
 '283'        26       8    2004     12770.0       10.9      20.3       1.64       3.9       4.1        2.1        0.0958
 '283'        27       8    2004      3520.0       13.6      16.0       1.59       4.1       9.4        0.6        0.3542
 '283'        28       8    2004     16310.0        9.3      21.0       1.57       1.8       1.1        2.7        0.0292
 '283'        29       8    2004     14450.0        8.5      20.2       1.46       2.8       1.1        2.4        0.0292
 '283'        30       8    2004      9500.0       12.3      18.1       1.54       4.6       5.3        1.5        0.1917
 '283'        31       8    2004     11580.0        9.9      18.3       1.46       4.0       9.0        1.9        0.0875
 '283'         1       9    2004     15580.0        9.1      20.2       1.50       1.7       0.0        2.5        0.0000
 '283'         2       9    2004     18640.0        8.0      22.4       1.46       2.3       0.0        3.1        0.0000
 '283'         3       9    2004     17560.0        9.4      25.4       1.84       1.5       0.0        3.1        0.0000
 '283'         4       9    2004     15550.0       12.3      26.9       2.12       1.3       0.0        2.8        0.0000
 '283'         5       9    2004     17310.0       13.6      26.8       2.08       1.8       0.0        3.2        0.0000
 '283'         6       9    2004     18960.0       10.9      26.0       1.82       2.7       0.0        3.4        0.0000
 '283'         7       9    2004     16630.0       11.4      24.7       1.85       3.5       0.0        2.9        0.0000
 '283'         8       9    2004     17490.0        7.6      21.7       1.51       2.5       0.0        2.9        0.0000
 '283'         9       9    2004     17950.0        8.4      22.3       1.37       3.5       0.0        3.0        0.0000
 '283'        10       9    2004     17600.0        6.7      25.9       1.49       3.1       0.0        3.1        0.0000
 '283'        11       9    2004     10670.0       14.4      22.4       1.87       3.5       1.4        1.9        0.0625
 '283'        12       9    2004     16430.0       12.3      19.0       1.34       5.8       0.0        2.7        0.0000
 '283'        13       9    2004     10210.0       12.0      20.2       1.51       4.9       5.1        1.7        0.1458
 '283'        14       9    2004     14200.0       11.1      19.5       1.42       5.3       0.0        2.3        0.0000
 '283'        15       9    2004      8630.0        7.3      16.6       1.33       3.7       1.7        1.3        0.0958
 '283'        16       9    2004     14590.0        5.3      17.6       1.22       1.8       0.0        2.2        0.0000
 '283'        17       9    2004     15080.0        8.0      19.7       1.26       2.5       0.0        2.4        0.0000
 '283'        18       9    2004     14140.0       11.6      23.0       1.48       3.5       1.7        2.4        0.1042
 '283'        19       9    2004     14030.0        9.2      19.0       1.40       2.9       5.8        2.3        0.1250
 '283'        20       9    2004      3050.0       10.3      15.1       1.31       5.5      12.2        0.5        0.2333
 '283'        21       9    2004      9900.0        9.9      16.5       1.27       6.0       4.8        1.5        0.1833
 '283'        22       9    2004      4090.0        9.5      13.2       1.26       4.3       6.5        0.6        0.3500
 '283'        23       9    2004      5400.0        9.9      15.0       1.36       4.0       8.3        0.8        0.3833
 '283'        24       9    2004      9470.0        7.6      15.6       1.28       3.9       6.1        1.4        0.1792
 '283'        25       9    2004      6820.0       10.2      14.6       1.26       3.3       1.0        1.0        0.1250
 '283'        26       9    2004      9390.0        8.0      17.9       1.39       2.6       0.0        1.5        0.0000
 '283'        27       9    2004      8580.0       10.3      19.0       1.55       2.8       1.5        1.4        0.1500
 '283'        28       9    2004      4810.0       11.3      18.3       1.58       3.7       3.6        0.8        0.0917
 '283'        29       9    2004      8300.0        7.1      15.6       1.25       3.8       1.4        1.3        0.0750
 '283'        30       9    2004      9770.0        7.1      16.1       1.25       1.8       1.2        1.5        0.0500
 '283'         1      10    2004      5220.0       10.7      16.6       1.48       2.1       0.1        0.8        0.0167
 '283'         2      10    2004      9060.0       10.8      16.5       1.35       3.2       1.9        1.4        0.0542
 '283'         3      10    2004      9360.0        9.0      17.1       1.30       3.0       0.0        1.5        0.0000
 '283'         4      10    2004      7910.0       11.6      20.4       1.56       3.3       0.0        1.3        0.0000
 '283'         5      10    2004      3300.0       12.1      18.5       1.65       3.0       0.1        0.5        0.0125
 '283'         6      10    2004      9030.0        8.9      16.5       1.31       4.0       0.7        1.4        0.0125
 '283'         7      10    2004      9470.0        5.6      15.7       1.13       4.0       0.0        1.4        0.0000
 '283'         8      10    2004      8460.0        3.1      15.3       1.14       1.2       0.0        1.2        0.0000
 '283'         9      10    2004     11380.0        1.2      15.3       1.07       1.4       0.0        1.6        0.0000
 '283'        10      10    2004     11610.0        5.1      12.8       0.97       3.9       0.0        1.6        0.0000
 '283'        11      10    2004     11700.0        3.2      11.8       0.81       6.2       0.0        1.6        0.0000
 '283'        12      10    2004     11080.0        4.1      11.6       0.79       5.3       0.0        1.5        0.0000
 '283'        13      10    2004      8800.0        3.4      15.9       1.11       2.8       0.0        1.3        0.0000
 '283'        14      10    2004      7180.0        8.8      15.6       1.24       3.9       0.1        1.1        0.0250
 '283'        15      10    2004      7730.0        7.5      14.0       1.11       2.7       4.7        1.1        0.1583
 '283'        16      10    2004      3000.0        6.1       9.6       0.98       2.7       0.7        0.4        0.0833
 '283'        17      10    2004      2360.0        7.2       9.9       1.05       3.2       1.5        0.3        0.0792
 '283'        18      10    2004      4200.0        5.5      11.8       1.06       3.8       1.2        0.6        0.0875
 '283'        19      10    2004      9180.0        3.1      14.2       1.07       2.9       0.0        1.3        0.0000
 '283'        20      10    2004      1690.0        7.1      16.7       1.37       4.3       9.9        0.3        0.2167
 '283'        21      10    2004      8970.0       10.7      17.2       1.24       6.5       3.3        1.4        0.0792
 '283'        22      10    2004      8640.0       10.3      16.3       1.23       4.8       0.0        1.4        0.0000
 '283'        23      10    2004      1660.0       13.2      18.1       1.53       5.3       2.0        0.3        0.1500
 '283'        24      10    2004      3310.0       15.4      18.4       1.59       3.7       0.0        0.6        0.0000
 '283'        25      10    2004      4830.0       10.3      16.5       1.19       5.8       0.0        0.8        0.0000
 '283'        26      10    2004      6930.0        2.5      13.1       1.00       2.4       0.0        1.0        0.0000
 '283'        27      10    2004      5490.0       -0.1      11.9       0.88       3.6       0.0        0.7        0.0000
 '283'        28      10    2004      4240.0        7.9      15.3       1.29       3.3       1.2        0.6        0.1583
 '283'        29      10    2004      3560.0        6.4      16.4       1.36       1.7       5.7        0.5        0.0917
 '283'        30      10    2004      2230.0        8.1      11.9       1.22       1.5       0.0        0.3        0.0000
 '283'        31      10    2004      2350.0        2.8      12.0       1.02       2.3       0.0        0.3        0.0000
 '283'         1      11    2004      3110.0        2.7       9.7       0.90       3.2       0.0        0.4        0.0000
 '283'         2      11    2004      1590.0        6.6      10.1       1.02       3.5       0.3        0.2        0.0542
 '283'         3      11    2004      4200.0        6.7      14.5       1.25       1.5       0.0        0.6        0.0000
 '283'         4      11    2004      3440.0        5.1      12.1       1.09       2.6       0.0        0.5        0.0000
 '283'         5      11    2004      4350.0        4.7      11.7       1.00       3.6       0.3        0.6        0.0208
 '283'         6      11    2004      2900.0        5.1      11.4       1.05       2.5       6.0        0.4        0.1875
 '283'         7      11    2004      5600.0        2.4      11.6       0.95       1.8       0.0        0.8        0.0000
 '283'         8      11    2004      2920.0        1.7       9.9       0.89       1.4       0.0        0.4        0.0000
 '283'         9      11    2004      4010.0       -1.1       4.5       0.66       3.1       3.9        0.5        0.1375
 '283'        10      11    2004      1270.0        3.7       7.2       0.89       2.6      13.7        0.2        0.3708
 '283'        11      11    2004      4190.0       -1.9       6.2       0.67       1.6       0.0        0.5        0.0000
 '283'        12      11    2004      3840.0       -2.3       8.6       0.78       3.9       1.6        0.5        0.1333
 '283'        13      11    2004      4890.0        1.4       8.2       0.78       3.6       1.2        0.6        0.0625
 '283'        14      11    2004      5100.0        1.0       8.7       0.82       1.8       0.2        0.6        0.0125
 '283'        15      11    2004       560.0        1.2       6.9       0.81       3.5       0.1        0.1        0.0083
 '283'        16      11    2004      1010.0        6.7      10.5       1.09       4.9       0.6        0.1        0.1625
 '283'        17      11    2004       470.0        9.4      11.8       1.23       7.8       5.1        0.1        0.3458
 '283'        18      11    2004      1300.0        1.6      11.2       0.91       5.0      17.5        0.2        0.5000
 '283'        19      11    2004      3650.0        0.5       6.2       0.74       4.9       6.9        0.4        0.3750
 '283'        20      11    2004      2340.0        0.1       3.4       0.68       3.9       2.8        0.3        0.1000
 '283'        21      11    2004      4070.0       -1.1       3.7       0.67       2.9       1.1        0.4        0.1333
 '283'        22      11    2004      1320.0        3.7      12.3       1.05       5.8       1.8        0.2        0.2042
 '283'        23      11    2004      2410.0       -0.9      10.5       0.85       3.0       2.9        0.3        0.0958
 '283'        24      11    2004      4490.0       -2.7       6.5       0.70       1.3       0.0        0.5        0.0000
 '283'        25      11    2004      5070.0       -4.7       5.7       0.60       1.1       0.0        0.5        0.0000
 '283'        26      11    2004      1030.0       -1.6       6.1       0.68       4.2       1.4        0.1        0.0958
 '283'        27      11    2004      2210.0        6.0       9.3       0.99       3.0       0.8        0.3        0.0667
 '283'        28      11    2004       840.0        6.4       8.2       0.97       2.7       6.4        0.1        0.5375
 '283'        29      11    2004      1390.0        5.1       7.9       0.94       0.8       0.0        0.2        0.0000
 '283'        30      11    2004      2230.0        2.0       6.3       0.79       2.8       0.0        0.3        0.0000
 '283'         1      12    2004       320.0        0.4       3.5       0.67       1.6       4.7        0.0        0.1458
 '283'         2      12    2004      2020.0       -0.4       4.5       0.71       1.5       0.0        0.2        0.0000
 '283'         3      12    2004      1600.0        1.7       6.0       0.80       1.8       0.4        0.2        0.0167
 '283'         4      12    2004      1120.0        0.9       3.6       0.70       2.8       0.3        0.1        0.0250
 '283'         5      12    2004       570.0        3.3       7.5       0.91       3.0       0.0        0.1        0.0000
 '283'         6      12    2004       980.0        5.6       7.9       0.97       3.0       0.0        0.1        0.0000
 '283'         7      12    2004       820.0        4.1       6.9       0.87       2.3       0.0        0.1        0.0000
 '283'         8      12    2004      2680.0       -0.4       7.1       0.77       1.7       0.0        0.3        0.0000
 '283'         9      12    2004      2900.0       -4.0       1.2       0.55       2.8       0.0        0.3        0.0000
 '283'        10      12    2004      4320.0       -5.7       2.9       0.55       1.7       0.0        0.4        0.0000
 '283'        11      12    2004       590.0       -0.6       1.8       0.64       1.3       0.0        0.1        0.0000
 '283'        12      12    2004       860.0        1.6       3.9       0.69       3.0       0.0        0.1        0.0000
 '283'        13      12    2004       530.0       -1.8       2.5       0.57       2.1       0.0        0.1        0.0000
 '283'        14      12    2004      1320.0       -3.0       2.7       0.58       2.8       0.0        0.1        0.0000
 '283'        15      12    2004      2210.0        0.7       5.6       0.61       4.3       0.0        0.3        0.0000
 '283'        16      12    2004      2750.0        1.5       7.1       0.75       5.5       2.9        0.3        0.1542
 '283'        17      12    2004      1180.0        3.9       6.9       0.83       5.1       7.0        0.2        0.3333
 '283'        18      12    2004      1530.0        0.4       5.4       0.67       4.7       7.1        0.2        0.1542
 '283'        19      12    2004      3540.0       -4.3       3.7       0.58       1.9       0.0        0.4        0.0000
 '283'        20      12    2004      4290.0       -5.0       1.9       0.50       1.8       0.0        0.4        0.0000
 '283'        21      12    2004      3920.0       -4.8      -0.2       0.41       2.3       0.0        0.4        0.0000
 '283'        22      12    2004       420.0       -1.3       3.7       0.64       6.2       3.3        0.0        0.2875
 '283'        23      12    2004       530.0        3.6      10.3       0.93       7.0       1.5        0.1        0.1625
 '283'        24      12    2004      2500.0        6.3       9.8       0.88       7.3      11.2        0.4        0.1958
 '283'        25      12    2004      2480.0       -0.7       8.3       0.75       4.2       4.3        0.3        0.1292
 '283'        26      12    2004      1370.0       -3.2       0.3       0.55       1.5       0.0        0.1        0.0000
 '283'        27      12    2004       830.0       -5.6      -1.3       0.47       1.7       0.0        0.1        0.0000
 '283'        28      12    2004       950.0       -1.5       2.9       0.64       5.0       4.6        0.1        0.3167
 '283'        29      12    2004      3720.0       -0.1       4.4       0.67       2.8       1.8        0.4        0.0542
 '283'        30      12    2004       400.0        2.9       7.4       0.82       4.9       0.3        0.1        0.0667
 '283'        31      12    2004       550.0        6.6       9.6       1.03       4.7       1.2        0.1        0.1750
