*************************************************************************************************************************     
* Filename: Hupsel.003                                                             
* Contents: SWAP  4.0 - Daily meterorological data                
*************************************************************************************************************************     
* Comment area:                                                                 
*                                                                               
*                                                                               
*************************************************************************************************************************     
 Station      DD      MM    YYYY         RAD       Tmin      Tmax        HUM      WIND      RAIN     ETref            WET     
*             nr      nr      nr       kJ/m2         ºC        ºC        kPa       m/s        mm        mm              d
*************************************************************************************************************************     
 '283'         1       1    2003       650.0       -2.8      10.7       0.86       4.4       9.7        0.1        0.3625
 '283'         2       1    2003       350.0        6.6      10.5       1.12       4.7      21.1        0.0        0.5250
 '283'         3       1    2003       960.0        0.4       7.9       0.82       3.4       2.2        0.1        0.1125
 '283'         4       1    2003      2290.0       -4.1       0.5       0.46       5.1       0.0        0.2        0.0000
 '283'         5       1    2003      1140.0       -6.8      -0.8       0.44       3.1       0.9        0.1        0.0542
 '283'         6       1    2003      3200.0       -4.7      -0.7       0.44       4.1       1.2        0.3        0.0667
 '283'         7       1    2003      2780.0      -10.2      -4.5       0.31       2.7       0.0        0.2        0.0000
 '283'         8       1    2003      2190.0       -9.6      -5.5       0.27       3.5       0.0        0.2        0.0000
 '283'         9       1    2003      4510.0      -14.3      -6.2       0.22       2.8       0.0        0.3        0.0000
 '283'        10       1    2003      2670.0      -14.3      -1.8       0.29       2.3       0.0        0.2        0.0000
 '283'        11       1    2003      3900.0       -7.9       1.1       0.40       1.6       0.0        0.4        0.0000
 '283'        12       1    2003      2480.0       -5.0       1.4       0.48       4.3       0.0        0.3        0.0000
 '283'        13       1    2003       420.0       -0.2       6.9       0.79       6.0       4.7        0.1        0.3708
 '283'        14       1    2003       850.0        5.8       8.0       0.97       6.9       0.0        0.1        0.0000
 '283'        15       1    2003      1330.0        4.1       6.3       0.78       6.6       1.4        0.2        0.0667
 '283'        16       1    2003      3720.0        3.1       7.2       0.84       5.5       0.0        0.5        0.0000
 '283'        17       1    2003      2650.0        0.7       4.7       0.67       5.0       0.0        0.3        0.0000
 '283'        18       1    2003       800.0        1.6       4.7       0.72       4.0       0.0        0.1        0.0000
 '283'        19       1    2003      2330.0        0.7       6.9       0.71       5.0       0.6        0.3        0.0625
 '283'        20       1    2003      2070.0        5.9       9.1       0.92       6.2       2.5        0.3        0.2625
 '283'        21       1    2003      2330.0        5.2       9.2       0.91       4.4       0.8        0.3        0.0708
 '283'        22       1    2003      2310.0        5.5       8.8       0.92       4.5       2.8        0.3        0.2083
 '283'        23       1    2003       640.0        1.5       7.2       0.78       5.3       0.8        0.1        0.0542
 '283'        24       1    2003      4980.0       -1.6       6.0       0.65       2.1       0.0        0.6        0.0000
 '283'        25       1    2003      4100.0       -0.4       5.6       0.69       4.5       3.1        0.5        0.1292
 '283'        26       1    2003      2110.0        1.1       7.6       0.84       4.2       3.6        0.3        0.3667
 '283'        27       1    2003      1040.0        7.5      10.0       1.09       4.6       0.7        0.1        0.1250
 '283'        28       1    2003      1440.0        1.6       8.8       0.76       7.2      13.0        0.2        0.2708
 '283'        29       1    2003      2180.0        0.8       4.8       0.70       4.2      11.3        0.3        0.2750
 '283'        30       1    2003      5630.0       -6.5       2.7       0.51       4.5       2.3        0.6        0.1833
 '283'        31       1    2003      6770.0      -11.6      -2.2       0.34       2.3       0.0        0.5        0.0000
 '283'         1       2    2003      4600.0      -11.3      -1.5       0.35       4.1       1.8        0.4        0.2292
 '283'         2       2    2003      1840.0       -1.6       4.1       0.67       5.5      12.6        0.2        0.3000
 '283'         3       2    2003      4590.0       -0.4       5.1       0.68       5.3       7.0        0.5        0.1667
 '283'         4       2    2003      4150.0       -0.8       2.7       0.64       5.2       6.0        0.5        0.2125
 '283'         5       2    2003      5060.0        0.7       4.3       0.67       4.8       1.5        0.6        0.1042
 '283'         6       2    2003      6400.0       -2.8       2.3       0.51       2.4       0.0        0.7        0.0000
 '283'         7       2    2003      1120.0        0.9       4.6       0.71       3.5       0.7        0.1        0.0708
 '283'         8       2    2003      1090.0        4.4       6.4       0.90       2.7       0.0        0.1        0.0000
 '283'         9       2    2003      3090.0       -2.2       8.3       0.76       2.6       0.0        0.4        0.0000
 '283'        10       2    2003      8160.0       -4.4       4.6       0.57       1.6       0.0        0.8        0.0000
 '283'        11       2    2003      8040.0       -4.8       5.0       0.58       1.5       0.0        0.8        0.0000
 '283'        12       2    2003      1210.0       -5.7      -1.9       0.44       2.5       0.0        0.1        0.0000
 '283'        13       2    2003      9850.0       -6.3       1.4       0.40       3.9       0.0        0.9        0.0000
 '283'        14       2    2003      7860.0       -6.7       2.9       0.34       3.5       0.0        0.8        0.0000
 '283'        15       2    2003      1270.0       -3.4       0.3       0.46       4.0       0.0        0.1        0.0000
 '283'        16       2    2003      9200.0       -5.2       0.6       0.35       4.3       0.0        0.9        0.0000
 '283'        17       2    2003      9670.0       -7.3       2.0       0.39       3.4       0.0        0.9        0.0000
 '283'        18       2    2003      9900.0       -7.7       2.0       0.38       3.8       0.0        0.9        0.0000
 '283'        19       2    2003      9690.0       -6.2       4.0       0.44       5.0       0.0        1.0        0.0000
 '283'        20       2    2003     10760.0       -5.6       5.8       0.51       3.8       0.0        1.1        0.0000
 '283'        21       2    2003     10500.0       -5.0       7.3       0.56       2.6       0.0        1.1        0.0000
 '283'        22       2    2003     10800.0       -4.1       9.1       0.59       3.3       0.0        1.2        0.0000
 '283'        23       2    2003      9620.0       -3.7      11.4       0.64       2.3       0.0        1.1        0.0000
 '283'        24       2    2003      9540.0       -2.6      12.3       0.71       1.9       0.0        1.2        0.0000
 '283'        25       2    2003     11400.0       -3.3      11.0       0.57       2.7       0.0        1.3        0.0000
 '283'        26       2    2003     10720.0       -4.2      12.9       0.59       1.9       0.0        1.3        0.0000
 '283'        27       2    2003      9170.0        0.6      15.2       0.79       1.8       0.0        1.2        0.0000
 '283'        28       2    2003      8450.0        5.2      13.6       0.89       2.6       0.0        1.2        0.0000
 '283'         1       3    2003      9690.0        4.4      12.7       0.96       3.3       2.5        1.4        0.0750
 '283'         2       3    2003      4710.0        5.0      11.5       1.04       3.3       5.9        0.7        0.2292
 '283'         3       3    2003      4550.0       -0.3       8.7       0.74       2.5       0.0        0.6        0.0000
 '283'         4       3    2003      9400.0       -0.6       9.9       0.70       3.3       0.0        1.2        0.0000
 '283'         5       3    2003      9390.0        7.2      14.7       1.10       3.1       0.0        1.4        0.0000
 '283'         6       3    2003      1520.0        1.4      10.2       0.83       3.7       1.3        0.2        0.0833
 '283'         7       3    2003      8570.0        0.2      10.1       0.77       3.9       0.2        1.1        0.0292
 '283'         8       3    2003      5470.0        5.5      10.9       0.86       8.1       2.3        0.8        0.1583
 '283'         9       3    2003      5750.0        6.9      12.2       0.94       6.1       0.5        0.8        0.0792
 '283'        10       3    2003      8150.0        7.4      13.6       0.97       5.0       0.0        1.2        0.0000
 '283'        11       3    2003      1260.0        8.2      10.8       1.10       4.8      14.6        0.2        0.5500
 '283'        12       3    2003      5060.0        2.7       9.0       0.81       5.3       0.0        0.7        0.0000
 '283'        13       3    2003     12560.0       -1.2       9.3       0.68       2.8       0.0        1.5        0.0000
 '283'        14       3    2003     15060.0       -3.2      10.0       0.57       3.9       0.0        1.8        0.0000
 '283'        15       3    2003     14720.0       -1.4      10.1       0.67       3.5       0.0        1.8        0.0000
 '283'        16       3    2003     15160.0       -3.7      11.9       0.69       1.4       0.0        1.8        0.0000
 '283'        17       3    2003      7150.0       -2.5       6.8       0.65       2.6       0.0        0.8        0.0000
 '283'        18       3    2003     14840.0       -2.5      13.0       0.77       1.9       0.0        1.9        0.0000
 '283'        19       3    2003      8800.0       -2.9       8.5       0.69       2.6       0.0        1.0        0.0000
 '283'        20       3    2003      8510.0       -1.9       6.9       0.62       1.8       0.0        1.0        0.0000
 '283'        21       3    2003     12550.0       -0.6       9.9       0.64       4.2       0.0        1.5        0.0000
 '283'        22       3    2003     17020.0       -2.9      12.8       0.49       3.4       0.0        2.1        0.0000
 '283'        23       3    2003     17180.0       -2.4      17.3       0.58       2.1       0.0        2.3        0.0000
 '283'        24       3    2003     15270.0       -0.9      20.0       0.77       2.8       0.0        2.3        0.0000
 '283'        25       3    2003     11410.0        1.6      16.5       0.97       1.3       0.0        1.6        0.0000
 '283'        26       3    2003     16270.0        1.9      16.6       0.91       2.5       0.0        2.4        0.0000
 '283'        27       3    2003     14980.0        2.0      17.9       1.02       1.4       0.0        2.2        0.0000
 '283'        28       3    2003     15090.0        3.5      18.3       0.94       3.7       0.0        2.3        0.0000
 '283'        29       3    2003      7230.0        5.3      18.1       1.08       2.3       0.0        1.1        0.0000
 '283'        30       3    2003     14200.0        2.2      14.3       1.00       3.3       0.0        1.9        0.0000
 '283'        31       3    2003     16810.0       -1.3      13.1       0.76       1.9       0.0        2.2        0.0000
 '283'         1       4    2003     10670.0       -0.8      14.2       0.82       5.5       8.3        1.5        0.2292
 '283'         2       4    2003     10780.0        3.2       9.9       0.85       5.5       4.6        1.4        0.2000
 '283'         3       4    2003     10460.0        0.1       8.5       0.63       5.0       0.0        1.3        0.0000
 '283'         4       4    2003     10570.0       -3.0       9.1       0.69       3.4       0.0        1.3        0.0000
 '283'         5       4    2003     12620.0        0.9      11.2       0.73       6.5       0.0        1.7        0.0000
 '283'         6       4    2003     17320.0       -2.8      10.0       0.55       4.2       0.0        2.1        0.0000
 '283'         7       4    2003     18630.0       -4.2       7.0       0.36       3.6       0.0        2.1        0.0000
 '283'         8       4    2003     16120.0       -6.1       6.4       0.37       2.9       0.0        1.8        0.0000
 '283'         9       4    2003     14800.0       -6.1       7.1       0.43       3.2       0.0        1.7        0.0000
 '283'        10       4    2003     13510.0       -1.1       7.5       0.64       2.1       0.5        1.6        0.0250
 '283'        11       4    2003     10570.0       -2.9       9.7       0.68       3.0       0.1        1.3        0.0292
 '283'        12       4    2003     19880.0       -3.5      14.2       0.60       1.8       0.0        2.6        0.0000
 '283'        13       4    2003     19690.0       -1.8      17.5       0.67       2.9       0.0        2.9        0.0000
 '283'        14       4    2003     21000.0        5.5      19.8       0.71       5.6       0.0        3.3        0.0000
 '283'        15       4    2003     21510.0        6.5      24.3       0.96       4.9       0.0        3.6        0.0000
 '283'        16       4    2003     21340.0        7.8      23.5       0.87       4.3       0.0        3.6        0.0000
 '283'        17       4    2003     21800.0        7.6      21.3       0.72       4.7       0.0        3.6        0.0000
 '283'        18       4    2003     22200.0        5.7      16.9       0.74       5.2       0.0        3.3        0.0000
 '283'        19       4    2003      8540.0        4.2      11.8       0.82       4.6       0.3        1.2        0.0125
 '283'        20       4    2003     19830.0        1.3      16.3       0.86       3.3       0.0        2.9        0.0000
 '283'        21       4    2003     20930.0        3.3      23.4       1.17       2.4       0.0        3.4        0.0000
 '283'        22       4    2003      8100.0        6.4      14.5       0.98       2.8       0.8        1.2        0.0542
 '283'        23       4    2003     20720.0        2.1      19.8       1.04       2.5       0.0        3.1        0.0000
 '283'        24       4    2003     20630.0        2.4      22.1       0.93       2.0       0.0        3.3        0.0000
 '283'        25       4    2003     13050.0        8.7      24.0       1.17       2.5       0.1        2.3        0.0125
 '283'        26       4    2003      4070.0        9.6      17.4       1.50       2.8      23.6        0.6        0.4375
 '283'        27       4    2003     12850.0        9.6      15.5       1.24       6.0       4.6        2.0        0.1083
 '283'        28       4    2003     12810.0        9.8      20.9       1.46       4.1       3.5        2.1        0.1042
 '283'        29       4    2003     17070.0        8.4      17.2       1.18       4.7       1.2        2.7        0.0583
 '283'        30       4    2003      4750.0        7.6      15.5       1.26       3.1       7.2        0.7        0.2917
 '283'         1       5    2003     13160.0        7.9      16.3       1.23       5.1       7.4        2.0        0.1375
 '283'         2       5    2003     16020.0        7.4      21.3       1.37       3.5       4.2        2.6        0.1083
 '283'         3       5    2003     16020.0        7.5      15.1       1.03       6.5       4.5        2.4        0.1292
 '283'         4       5    2003     25100.0        7.5      23.2       1.16       3.3       0.0        4.2        0.0000
 '283'         5       5    2003     14400.0       12.3      21.7       1.47       2.5       0.0        2.5        0.0000
 '283'         6       5    2003      7970.0        4.2      15.5       1.10       2.4       3.1        1.2        0.1625
 '283'         7       5    2003     24390.0        1.6      17.6       1.01       1.0       0.0        3.6        0.0000
 '283'         8       5    2003     21940.0        4.6      20.8       1.24       2.5       0.5        3.5        0.0458
 '283'         9       5    2003     10530.0        9.0      15.6       1.17       1.8       0.0        1.6        0.0000
 '283'        10       5    2003     20760.0        4.8      18.1       1.10       2.0       0.0        3.2        0.0000
 '283'        11       5    2003     21520.0        4.4      19.6       1.11       2.3       0.0        3.5        0.0000
 '283'        12       5    2003     14100.0        8.2      15.9       1.09       3.9       0.0        2.2        0.0000
 '283'        13       5    2003     16750.0        5.2      14.1       0.96       3.8       7.1        2.4        0.2042
 '283'        14       5    2003     13920.0        4.9      13.1       1.03       3.5       8.1        1.9        0.1792
 '283'        15       5    2003     18100.0        3.1      14.1       0.95       1.8       2.5        2.6        0.0583
 '283'        16       5    2003     23030.0        1.3      17.1       0.94       1.8       0.0        3.4        0.0000
 '283'        17       5    2003     12200.0        9.5      16.9       1.18       2.7       0.5        1.9        0.0250
 '283'        18       5    2003     14420.0       11.7      18.2       1.44       3.7       8.0        2.3        0.1792
 '283'        19       5    2003      7690.0       10.0      16.0       1.39       3.2      19.2        1.2        0.2583
 '283'        20       5    2003     15300.0        8.7      14.5       1.17       5.7      22.3        2.3        0.2708
 '283'        21       5    2003     12070.0        9.6      16.2       1.29       3.5       6.4        1.9        0.2500
 '283'        22       5    2003      4960.0       10.4      15.8       1.42       3.5       1.4        0.8        0.2250
 '283'        23       5    2003      5270.0       12.0      14.2       1.42       4.1       4.5        0.8        0.4167
 '283'        24       5    2003      7150.0       10.3      17.4       1.54       1.9      14.1        1.2        0.4417
 '283'        25       5    2003     17040.0        8.1      17.3       1.31       3.3       0.5        2.7        0.0750
 '283'        26       5    2003     26730.0        4.9      21.0       1.31       1.5       0.0        4.3        0.0000
 '283'        27       5    2003     24550.0        7.5      22.4       1.31       1.8       0.0        4.1        0.0000
 '283'        28       5    2003     19250.0       12.5      22.4       1.37       2.7       0.0        3.3        0.0000
 '283'        29       5    2003     27160.0       11.7      25.7       1.52       2.9       0.0        4.9        0.0000
 '283'        30       5    2003     24600.0       13.0      28.6       1.81       1.8       0.8        4.6        0.0208
 '283'        31       5    2003     25090.0       13.6      26.6       1.84       2.7       0.0        4.6        0.0000
 '283'         1       6    2003     25170.0       13.8      28.0       1.80       2.5       0.0        4.7        0.0000
 '283'         2       6    2003     20590.0       16.7      29.8       2.29       2.8       3.4        3.9        0.0333
 '283'         3       6    2003     20190.0       15.6      25.7       1.98       1.8       0.7        3.7        0.0125
 '283'         4       6    2003     22020.0       15.0      29.5       2.24       2.6       2.5        4.1        0.0500
 '283'         5       6    2003     13250.0       10.6      21.0       1.58       2.0       2.5        2.3        0.0958
 '283'         6       6    2003     26860.0        8.7      24.1       1.49       1.7       0.0        4.7        0.0000
 '283'         7       6    2003     24410.0       13.0      27.2       1.81       2.0       0.0        4.5        0.0000
 '283'         8       6    2003     14530.0       13.0      29.0       2.23       3.3      13.6        2.6        0.1083
 '283'         9       6    2003     22950.0       11.6      20.4       1.39       3.6       0.0        3.8        0.0000
 '283'        10       6    2003     15610.0       11.5      26.0       1.79       2.8       2.3        2.8        0.0292
 '283'        11       6    2003     25360.0       12.7      22.6       1.52       3.6       0.0        4.5        0.0000
 '283'        12       6    2003     24130.0       11.0      25.5       1.76       2.0       3.3        4.3        0.0750
 '283'        13       6    2003     24650.0       11.0      23.5       1.60       1.5       0.0        4.3        0.0000
 '283'        14       6    2003     16660.0       10.7      20.3       1.34       3.0       0.0        2.8        0.0000
 '283'        15       6    2003     27920.0        9.0      23.0       1.41       2.2       0.0        4.8        0.0000
 '283'        16       6    2003     25200.0        8.5      22.9       1.44       1.5       0.0        4.3        0.0000
 '283'        17       6    2003     23270.0       11.0      26.1       1.69       1.9       2.0        4.2        0.0375
 '283'        18       6    2003     14630.0       14.4      23.7       1.78       2.7       0.5        2.6        0.0208
 '283'        19       6    2003     12950.0       15.8      21.4       1.83       5.1       9.3        2.3        0.0333
 '283'        20       6    2003     23020.0        8.8      19.3       1.20       4.2       0.0        3.8        0.0000
 '283'        21       6    2003     18980.0        8.3      19.9       1.27       2.8       0.0        3.1        0.0000
 '283'        22       6    2003     19880.0        8.3      23.9       1.48       2.0       0.0        3.5        0.0000
 '283'        23       6    2003     20800.0       12.6      27.2       1.95       4.1       0.4        3.7        0.0333
 '283'        24       6    2003     23080.0        9.9      21.8       1.46       3.4       0.0        3.9        0.0000
 '283'        25       6    2003     21170.0        6.5      20.7       1.33       2.2       0.0        3.5        0.0000
 '283'        26       6    2003     28090.0        8.2      23.0       1.38       2.8       0.0        4.8        0.0000
 '283'        27       6    2003     27250.0       12.9      26.3       1.52       3.3       0.0        5.0        0.0000
 '283'        28       6    2003     10540.0       10.9      22.6       1.68       2.3       0.0        1.8        0.0000
 '283'        29       6    2003     22990.0        8.4      23.1       1.51       1.8       0.0        3.9        0.0000
 '283'        30       6    2003     10230.0        9.8      21.9       1.63       2.6       3.8        1.8        0.1500
 '283'         1       7    2003     19650.0       13.6      21.9       1.76       3.6       2.1        3.3        0.0542
 '283'         2       7    2003     11790.0       12.0      18.3       1.54       4.4       7.6        2.0        0.2333
 '283'         3       7    2003      7270.0       11.2      17.4       1.56       3.8      18.5        1.2        0.3583
 '283'         4       7    2003      6310.0       13.5      16.4       1.57       3.5       0.4        1.0        0.0125
 '283'         5       7    2003     10260.0       13.7      19.3       1.64       3.4       0.0        1.7        0.0000
 '283'         6       7    2003      7140.0       10.3      17.0       1.39       1.5       0.0        1.2        0.0000
 '283'         7       7    2003     16740.0       11.4      22.2       1.65       1.4       0.0        2.9        0.0000
 '283'         8       7    2003     19490.0        9.4      23.1       1.54       1.5       0.0        3.4        0.0000
 '283'         9       7    2003     21570.0       10.1      22.9       1.57       2.5       0.0        3.8        0.0000
 '283'        10       7    2003     28310.0        7.6      24.3       1.53       1.1       0.0        4.9        0.0000
 '283'        11       7    2003     19600.0       11.2      25.6       1.71       3.5       0.0        3.5        0.0000
 '283'        12       7    2003     22190.0        9.8      22.3       1.46       2.6       0.0        3.8        0.0000
 '283'        13       7    2003     28280.0        7.3      23.4       1.40       1.9       0.0        4.9        0.0000
 '283'        14       7    2003     28980.0       12.1      26.7       1.47       4.0       0.0        5.3        0.0000
 '283'        15       7    2003     28380.0       15.0      30.2       1.53       4.6       0.0        5.5        0.0000
 '283'        16       7    2003     25420.0       16.6      34.1       2.17       4.5      19.3        5.0        0.1000
 '283'        17       7    2003     10830.0       15.9      21.9       1.89       3.2       1.4        1.9        0.0417
 '283'        18       7    2003     21600.0       14.6      24.4       1.86       3.1       0.0        3.9        0.0000
 '283'        19       7    2003     27120.0       14.1      30.0       1.96       2.0       0.0        5.2        0.0000
 '283'        20       7    2003     22880.0       14.8      32.6       2.21       2.6       0.0        4.4        0.0000
 '283'        21       7    2003     21900.0       14.3      27.4       2.09       1.4      28.3        4.0        0.0208
 '283'        22       7    2003     23600.0       13.7      24.2       1.84       2.2       1.4        4.3        0.0292
 '283'        23       7    2003     24250.0       11.8      25.4       1.78       2.0       3.0        4.4        0.0250
 '283'        24       7    2003     14140.0       14.4      23.3       1.96       1.8       2.8        2.5        0.1375
 '283'        25       7    2003     20960.0       14.4      24.1       1.81       2.5       0.1        3.8        0.0042
 '283'        26       7    2003     15750.0       16.4      23.1       1.92       2.8       4.8        2.8        0.1958
 '283'        27       7    2003     16370.0       13.9      23.2       1.88       3.7       3.0        3.0        0.1583
 '283'        28       7    2003     18940.0       11.1      22.9       1.69       1.8       0.0        3.3        0.0000
 '283'        29       7    2003     23540.0       10.5      25.2       1.59       2.0       0.0        4.2        0.0000
 '283'        30       7    2003      8270.0       13.0      22.6       1.80       2.3       3.7        1.4        0.1083
 '283'        31       7    2003     22780.0       11.9      25.5       1.96       0.9       0.0        4.0        0.0000
 '283'         1       8    2003     23090.0       12.1      27.3       1.99       1.5       0.0        4.3        0.0000
 '283'         2       8    2003     24370.0       14.2      28.2       2.15       1.8       0.0        4.6        0.0000
 '283'         3       8    2003     25130.0       14.1      27.1       2.05       1.9       0.0        4.7        0.0000
 '283'         4       8    2003     24970.0       13.8      28.8       1.91       2.5       0.0        4.7        0.0000
 '283'         5       8    2003     22440.0       13.6      30.1       2.04       2.5       0.0        4.2        0.0000
 '283'         6       8    2003     23150.0       15.8      31.0       1.92       2.7       0.0        4.5        0.0000
 '283'         7       8    2003     21430.0       16.5      35.2       2.31       1.7       0.0        4.3        0.0000
 '283'         8       8    2003     21970.0       16.8      35.8       2.69       1.3       0.0        4.4        0.0000
 '283'         9       8    2003     17660.0       15.5      29.2       2.53       2.0       0.0        3.3        0.0000
 '283'        10       8    2003     21420.0       16.7      29.1       2.37       1.2       0.0        4.0        0.0000
 '283'        11       8    2003     21140.0       15.4      32.2       2.43       1.3       0.0        4.1        0.0000
 '283'        12       8    2003     19910.0       15.8      34.7       2.49       2.3       0.0        4.0        0.0000
 '283'        13       8    2003     19500.0       14.2      27.4       2.00       3.1       0.0        3.6        0.0000
 '283'        14       8    2003     19430.0       14.0      23.1       1.59       3.5       0.0        3.4        0.0000
 '283'        15       8    2003     20370.0        9.1      23.2       1.42       3.1       0.0        3.5        0.0000
 '283'        16       8    2003     17670.0        5.8      23.0       1.29       1.7       0.0        3.0        0.0000
 '283'        17       8    2003      9300.0       10.9      24.1       1.62       2.5       1.0        1.6        0.0667
 '283'        18       8    2003      6360.0       14.2      22.4       1.86       2.3       0.0        1.1        0.0000
 '283'        19       8    2003     13040.0        7.8      23.1       1.53       3.1       0.8        2.3        0.0167
 '283'        20       8    2003     16080.0        7.4      22.8       1.39       1.8       0.0        2.7        0.0000
 '283'        21       8    2003     16810.0        7.3      23.8       1.49       2.2       0.0        2.9        0.0000
 '283'        22       8    2003      6810.0       12.3      21.2       1.70       3.3       0.2        1.2        0.0250
 '283'        23       8    2003     12830.0        8.8      24.2       1.70       3.3       1.0        2.3        0.0208
 '283'        24       8    2003      8630.0        7.2      21.2       1.43       2.0       0.0        1.4        0.0000
 '283'        25       8    2003     17480.0       13.5      24.1       1.64       1.9       0.0        3.1        0.0000
 '283'        26       8    2003     17180.0       11.7      23.1       1.68       3.2       0.0        3.0        0.0000
 '283'        27       8    2003      8780.0       13.4      18.7       1.40       2.8       0.0        1.5        0.0000
 '283'        28       8    2003     12240.0       12.6      21.3       1.48       1.3       1.5        2.1        0.0833
 '283'        29       8    2003      2950.0       12.3      14.8       1.50       3.1      19.1        0.5        0.5667
 '283'        30       8    2003     16510.0        8.8      19.7       1.37       2.8       0.0        2.7        0.0000
 '283'        31       8    2003     14320.0        8.2      18.3       1.32       3.6       0.0        2.2        0.0000
 '283'         1       9    2003     14080.0        8.5      17.7       1.33       2.9       5.8        2.2        0.0458
 '283'         2       9    2003     18730.0        6.3      18.8       1.19       1.5       0.0        2.9        0.0000
 '283'         3       9    2003     17420.0        4.6      20.1       1.31       1.1       0.0        2.7        0.0000
 '283'         4       9    2003     17060.0        5.9      22.0       1.39       1.1       0.0        2.8        0.0000
 '283'         5       9    2003     18340.0        8.3      24.6       1.49       2.9       0.0        3.1        0.0000
 '283'         6       9    2003      6890.0       12.6      21.4       1.72       1.8       2.4        1.2        0.1375
 '283'         7       9    2003      8420.0       11.0      18.7       1.61       1.4       0.0        1.4        0.0000
 '283'         8       9    2003      4170.0       12.9      16.3       1.59       1.0       8.1        0.7        0.4250
 '283'         9       9    2003     10920.0        8.4      19.4       1.48       1.9       0.6        1.8        0.0625
 '283'        10       9    2003      3870.0        8.0      14.2       1.31       2.5      21.1        0.6        0.2917
 '283'        11       9    2003      9210.0        9.3      18.4       1.43       3.7       0.4        1.5        0.0083
 '283'        12       9    2003      9950.0        8.7      19.8       1.58       1.4       0.3        1.6        0.0333
 '283'        13       9    2003     17830.0        5.5      19.4       1.28       2.0       0.0        2.8        0.0000
 '283'        14       9    2003     17360.0        5.5      20.7       1.34       1.3       0.0        2.7        0.0000
 '283'        15       9    2003     14800.0        7.0      22.7       1.58       1.0       0.0        2.4        0.0000
 '283'        16       9    2003     13850.0        9.3      22.3       1.57       0.8       0.0        2.3        0.0000
 '283'        17       9    2003     15050.0        8.4      24.0       1.68       1.3       0.0        2.5        0.0000
 '283'        18       9    2003     15350.0       10.0      26.3       1.63       2.2       0.0        2.7        0.0000
 '283'        19       9    2003     14630.0       13.0      25.2       1.95       2.0       0.0        2.6        0.0000
 '283'        20       9    2003     14370.0       13.3      27.4       1.94       1.5       0.0        2.6        0.0000
 '283'        21       9    2003     13570.0       13.2      24.1       1.72       2.0       0.0        2.4        0.0000
 '283'        22       9    2003     13770.0       11.6      26.5       1.55       4.8       3.7        2.5        0.0583
 '283'        23       9    2003      8180.0        5.4      14.1       1.12       3.2       5.1        1.2        0.1750
 '283'        24       9    2003     12350.0        3.7      15.4       1.07       1.4       0.0        1.8        0.0000
 '283'        25       9    2003     14730.0        2.7      17.9       1.08       2.5       0.0        2.2        0.0000
 '283'        26       9    2003     12670.0        4.8      18.1       1.12       2.8       0.0        2.0        0.0000
 '283'        27       9    2003     12220.0        5.2      17.4       1.13       1.4       0.0        1.9        0.0000
 '283'        28       9    2003      4810.0        5.3      15.8       1.21       2.5       8.5        0.7        0.1250
 '283'        29       9    2003      8050.0        5.6      15.4       1.20       2.7       0.7        1.2        0.0750
 '283'        30       9    2003     12290.0        3.3      16.8       1.16       2.3       0.0        1.8        0.0000
 '283'         1      10    2003      8280.0        6.4      15.9       1.22       2.5       6.2        1.3        0.2375
 '283'         2      10    2003      7290.0        9.7      16.4       1.43       1.6       0.0        1.1        0.0000
 '283'         3      10    2003      3150.0        9.7      15.8       1.42       1.7       2.0        0.5        0.0750
 '283'         4      10    2003      7320.0        7.8      14.6       1.22       3.0       2.1        1.1        0.1000
 '283'         5      10    2003     10780.0        4.5      13.7       1.01       3.3       0.0        1.5        0.0000
 '283'         6      10    2003      1980.0        5.9      10.4       0.99       5.4       9.3        0.3        0.2333
 '283'         7      10    2003      6390.0        4.6      10.3       0.96       5.1      28.0        0.9        0.5417
 '283'         8      10    2003      3770.0        7.3      12.2       1.11       4.6       7.9        0.6        0.2083
 '283'         9      10    2003      3520.0        7.5      13.4       1.16       3.6       1.2        0.5        0.1375
 '283'        10      10    2003      4970.0        8.4      17.0       1.34       4.4       1.6        0.8        0.1125
 '283'        11      10    2003      3890.0        4.5      13.6       1.04       2.5       0.0        0.6        0.0000
 '283'        12      10    2003     10640.0        1.4      13.7       0.94       1.7       0.0        1.5        0.0000
 '283'        13      10    2003      9260.0        2.9      13.4       0.93       3.3       0.0        1.3        0.0000
 '283'        14      10    2003     11120.0        3.3      11.7       0.83       4.0       0.0        1.5        0.0000
 '283'        15      10    2003     10880.0        1.8      12.3       0.84       3.4       0.0        1.4        0.0000
 '283'        16      10    2003     10620.0        1.3      11.6       0.85       2.8       0.0        1.4        0.0000
 '283'        17      10    2003     10610.0        1.5      11.0       0.78       3.6       0.0        1.4        0.0000
 '283'        18      10    2003     10370.0       -2.9      12.2       0.74       2.6       0.0        1.3        0.0000
 '283'        19      10    2003      8730.0       -1.0      11.7       0.80       2.3       0.0        1.1        0.0000
 '283'        20      10    2003      5910.0       -1.1       9.6       0.79       2.8       0.0        0.7        0.0000
 '283'        21      10    2003      5030.0        0.8       8.2       0.81       1.9       0.7        0.6        0.1042
 '283'        22      10    2003      5840.0        1.7       7.7       0.78       3.7       0.0        0.7        0.0000
 '283'        23      10    2003      9230.0       -4.6       5.7       0.57       3.5       0.0        1.0        0.0000
 '283'        24      10    2003      2290.0       -6.4       2.5       0.54       2.7       0.5        0.2        0.0625
 '283'        25      10    2003      2650.0        1.0       7.8       0.82       4.6       1.5        0.3        0.1208
 '283'        26      10    2003      2420.0        0.9       8.6       0.82       3.5       4.3        0.3        0.1125
 '283'        27      10    2003      8240.0       -2.7       7.0       0.68       1.2       0.0        0.9        0.0000
 '283'        28      10    2003      6030.0       -2.6       8.0       0.76       1.3       0.0        0.7        0.0000
 '283'        29      10    2003      7160.0       -1.2       8.9       0.75       2.6       0.0        0.9        0.0000
 '283'        30      10    2003      2510.0        3.9       9.0       0.89       2.8       0.0        0.3        0.0000
 '283'        31      10    2003      2350.0        3.7      11.8       1.03       3.6       2.9        0.3        0.3542
 '283'         1      11    2003      1350.0        8.2      10.1       1.13       3.1       3.3        0.2        0.3458
 '283'         2      11    2003      4600.0        5.5      11.8       1.02       5.7       9.1        0.7        0.1958
 '283'         3      11    2003      3750.0        8.7      13.0       1.13       6.3       8.5        0.6        0.1167
 '283'         4      11    2003      6550.0        2.7      12.0       1.00       2.7       0.0        0.9        0.0000
 '283'         5      11    2003      6760.0        0.6      13.8       1.00       2.5       0.0        0.9        0.0000
 '283'         6      11    2003      6600.0        0.8      13.6       0.90       2.3       0.0        0.9        0.0000
 '283'         7      11    2003      6310.0        1.9       8.4       0.77       4.9       0.0        0.8        0.0000
 '283'         8      11    2003      6420.0        3.8       9.2       0.82       5.5       0.0        0.9        0.0000
 '283'         9      11    2003      6030.0        0.8      12.0       0.89       3.1       0.0        0.8        0.0000
 '283'        10      11    2003      4830.0        2.8      12.3       0.97       2.7       0.0        0.6        0.0000
 '283'        11      11    2003       830.0       -1.2       3.8       0.65       2.9       0.0        0.1        0.0000
 '283'        12      11    2003      4740.0       -1.3       7.6       0.70       2.5       0.0        0.6        0.0000
 '283'        13      11    2003      5210.0        6.2      12.1       1.10       2.6       0.5        0.7        0.0542
 '283'        14      11    2003      2190.0        1.8       8.9       0.84       3.9       1.7        0.3        0.0875
 '283'        15      11    2003      1270.0        4.7       9.9       0.92       4.3       0.0        0.2        0.0000
 '283'        16      11    2003      1110.0        3.8       6.9       0.88       1.8       5.2        0.1        0.3542
 '283'        17      11    2003      2300.0        5.6       8.9       0.97       5.0       0.5        0.3        0.1000
 '283'        18      11    2003       550.0        8.0      12.6       1.23       5.7       1.2        0.1        0.2750
 '283'        19      11    2003       900.0       11.6      13.3       1.36       6.1       0.4        0.1        0.1042
 '283'        20      11    2003       670.0        8.1      11.8       1.16       3.6       0.0        0.1        0.0000
 '283'        21      11    2003      2840.0        7.4      11.0       1.07       3.0       0.0        0.4        0.0000
 '283'        22      11    2003      1990.0        7.9      13.9       1.18       3.5       1.8        0.3        0.0458
 '283'        23      11    2003      2140.0       10.8      15.5       1.27       3.4       0.6        0.3        0.0417
 '283'        24      11    2003       850.0        6.9      12.7       1.18       2.1       1.6        0.1        0.1000
 '283'        25      11    2003      2070.0        4.4       8.7       0.94       1.9       0.0        0.3        0.0000
 '283'        26      11    2003      3430.0        6.6      11.2       0.96       4.9       2.6        0.5        0.1792
 '283'        27      11    2003      1660.0        5.2       8.3       0.96       1.9       0.0        0.2        0.0000
 '283'        28      11    2003      3720.0        0.6       8.0       0.84       2.1       0.0        0.5        0.0000
 '283'        29      11    2003      3620.0        2.3       6.3       0.78       3.3       0.0        0.4        0.0000
 '283'        30      11    2003       730.0        4.8       8.2       0.91       3.9       0.4        0.1        0.0708
 '283'         1      12    2003      2660.0        5.7      12.8       1.04       3.8       0.7        0.4        0.0792
 '283'         2      12    2003      2150.0        0.3       7.7       0.78       2.1       0.0        0.3        0.0000
 '283'         3      12    2003      1230.0       -0.6       5.1       0.73       2.6       0.0        0.1        0.0000
 '283'         4      12    2003       360.0        3.3       5.2       0.82       4.2       0.0        0.0        0.0000
 '283'         5      12    2003      1190.0        2.8       4.5       0.78       2.3       0.0        0.1        0.0000
 '283'         6      12    2003      2970.0       -1.5       8.1       0.64       4.5       2.0        0.4        0.1292
 '283'         7      12    2003      4380.0       -5.2       1.5       0.44       2.5       0.0        0.4        0.0000
 '283'         8      12    2003      4440.0       -6.9       2.6       0.47       1.9       0.0        0.4        0.0000
 '283'         9      12    2003      3940.0       -8.1       5.7       0.50       1.8       0.0        0.4        0.0000
 '283'        10      12    2003      3860.0       -6.3       4.3       0.51       1.4       0.0        0.4        0.0000
 '283'        11      12    2003      1100.0       -1.7       5.7       0.68       5.3       3.6        0.1        0.1958
 '283'        12      12    2003      2160.0       -2.6       7.5       0.76       2.8       0.7        0.3        0.0792
 '283'        13      12    2003       350.0        7.5      12.1       1.20       7.5      21.4        0.1        0.8583
 '283'        14      12    2003      2060.0        2.2      10.2       0.87       5.8      13.6        0.3        0.2292
 '283'        15      12    2003      1730.0        0.3       4.1       0.64       4.9       1.7        0.2        0.0625
 '283'        16      12    2003      2050.0        2.3       6.3       0.76       3.0       0.0        0.3        0.0000
 '283'        17      12    2003      2270.0       -0.1       6.4       0.71       3.0       0.0        0.3        0.0000
 '283'        18      12    2003      3510.0       -2.6       7.5       0.68       2.0       0.0        0.4        0.0000
 '283'        19      12    2003       920.0        0.9       5.0       0.72       2.8       0.0        0.1        0.0000
 '283'        20      12    2003       840.0        4.7      10.5       1.00       5.8       4.8        0.1        0.2042
 '283'        21      12    2003       760.0        0.5       8.2       0.73       8.4       8.1        0.1        0.3125
 '283'        22      12    2003      2980.0       -2.8       2.6       0.54       3.8       0.0        0.3        0.0000
 '283'        23      12    2003       640.0       -2.4       1.5       0.60       3.9       5.0        0.1        0.3458
 '283'        24      12    2003      1190.0        1.4       5.0       0.74       4.4       0.3        0.1        0.0500
 '283'        25      12    2003       440.0        5.0       8.0       0.92       5.0       0.1        0.1        0.0167
 '283'        26      12    2003      1780.0        6.1       8.9       0.93       5.7       0.1        0.2        0.0250
 '283'        27      12    2003      2250.0        4.8       8.9       0.87       6.0       4.1        0.3        0.1375
 '283'        28      12    2003       770.0        2.9       9.7       0.91       5.8      17.5        0.1        0.4417
 '283'        29      12    2003      2810.0        0.5       5.2       0.69       3.9       0.0        0.3        0.0000
 '283'        30      12    2003      2100.0        0.0       4.0       0.68       1.2       0.0        0.2        0.0000
 '283'        31      12    2003       750.0       -1.5       2.6       0.62       2.8       0.0        0.1        0.0000
