station DD MM YYYY RAD Tmin Tmax HUM WIND RAIN ETref WET
'7'  1  1 2000 930.0  3.5  8.1 0.882  2.5  1.0 0.1 0.083333333
'7'  2  1 2000 680.0  5.4  8.7 0.968  3.7  0.0 0.1 0.000000000
'7'  3  1 2000 350.0  6.4  9.6 1.002  6.1  4.5 0.0 0.266666667
'7'  4  1 2000 300.0  4.3  9.4 0.917  3.8 10.8 0.0 0.341666667
'7'  5  1 2000 3470.0  1.4  7.4 0.735  4.0  0.0 0.4 0.000000000
'7'  6  1 2000 1120.0  4.2  9.1 0.876  5.2  1.9 0.2 0.079166667
'7'  7  1 2000 1490.0  4.3  7.4 0.846  4.8  0.0 0.2 0.000000000
'7'  8  1 2000 630.0  0.8  8.1 0.761  4.3  1.7 0.1 0.112500000
'7'  9  1 2000 3540.0 -2.6  7.0 0.631  1.5  0.0 0.4 0.000000000
'7' 10  1 2000 4270.0 -4.0  4.3 0.570  1.8  0.0 0.4 0.000000000
'7' 11  1 2000 2950.0 -1.2  4.4 0.584  4.0  0.0 0.3 0.000000000
'7' 12  1 2000 3600.0 -0.6  2.6 0.554  5.4  0.0 0.4 0.000000000
'7' 13  1 2000 2270.0 -0.9  3.6 0.551  4.2  0.0 0.3 0.000000000
'7' 14  1 2000 1220.0  1.5  4.0 0.727  2.0  0.0 0.1 0.000000000
'7' 15  1 2000 3020.0  2.0  5.4 0.711  2.7  0.0 0.4 0.000000000
'7' 16  1 2000 1160.0  2.7  6.9 0.808  2.6  0.3 0.1 0.037500000
'7' 17  1 2000 820.0  4.8  7.5 0.875  4.7  0.1 0.1 0.004166667
'7' 18  1 2000 2230.0  4.1  8.6 0.794  6.2  0.3 0.3 0.041666667
'7' 19  1 2000 1750.0  1.3  5.6 0.672  2.9  0.1 0.2 0.012500000
'7' 20  1 2000 920.0  3.6  6.1 0.748  3.8  1.4 0.1 0.129166667
'7' 21  1 2000 2550.0  2.3  7.8 0.746  3.7  0.1 0.3 0.012500000
'7' 22  1 2000 2500.0  3.0  6.1 0.756  4.0  5.8 0.3 0.216666667
'7' 23  1 2000 2030.0 -4.0  4.4 0.501  3.3  0.0 0.2 0.000000000
'7' 24  1 2000 6000.0 -7.7  0.9 0.341  1.7  0.0 0.6 0.000000000
'7' 25  1 2000 3600.0 -1.4  2.8 0.527  3.1  0.0 0.4 0.000000000
'7' 26  1 2000 3980.0 -1.1  5.5 0.618  3.3  0.0 0.5 0.000000000
'7' 27  1 2000 860.0  0.5  3.8 0.609  5.4  0.0 0.1 0.000000000
'7' 28  1 2000 1340.0 -0.4  5.9 0.623  7.1  0.3 0.2 0.075000000
'7' 29  1 2000 770.0  5.5 11.3 0.939  9.4 10.5 0.1 0.270833333
'7' 30  1 2000 1620.0  7.2 10.3 0.920  6.3  0.1 0.2 0.004166667
'7' 31  1 2000 580.0  8.7 10.8 1.048  7.3  4.0 0.1 0.125000000
'7'  1  2 2000 2770.0  7.6 10.2 0.931  6.9  1.2 0.4 0.087500000
'7'  2  2 2000 4740.0  6.0  9.0 0.897  4.7  6.5 0.6 0.295833333
'7'  3  2 2000 3540.0  3.4  9.1 0.792  3.8  0.0 0.5 0.000000000
'7'  4  2 2000 1280.0  5.6  9.2 0.929  6.4  2.0 0.2 0.137500000
'7'  5  2 2000 5840.0  6.1 11.8 0.841  4.9  0.0 0.8 0.000000000
'7'  6  2 2000 1320.0  5.4  8.9 0.884  4.6  0.5 0.2 0.054166667
'7'  7  2 2000 4030.0  6.3  9.4 0.918  6.8  6.0 0.6 0.283333333
'7'  8  2 2000 1130.0  6.3 11.9 0.895  7.3  5.5 0.2 0.179166667
'7'  9  2 2000 3270.0  4.9  8.5 0.711  6.3  0.0 0.4 0.000000000
'7' 10  2 2000 1800.0  3.5  8.2 0.748  5.8  8.3 0.2 0.254166667
'7' 11  2 2000 7440.0  0.5  8.9 0.676  3.9  0.0 0.9 0.000000000
'7' 12  2 2000 2560.0  2.1  6.9 0.713  5.8  5.1 0.3 0.141666667
'7' 13  2 2000 5880.0  1.5  8.3 0.689  4.3  0.0 0.7 0.000000000
'7' 14  2 2000 6260.0 -0.8  8.0 0.660  3.7  3.1 0.8 0.133333333
'7' 15  2 2000 4730.0  4.3  9.1 0.832  3.5  2.2 0.6 0.120833333
'7' 16  2 2000 6330.0  0.3  6.3 0.597  5.4 18.0 0.8 0.275000000
'7' 17  2 2000 6470.0  0.9  7.9 0.631  4.4  1.2 0.8 0.070833333
'7' 18  2 2000 2300.0  0.8  8.4 0.726  4.8  9.0 0.3 0.325000000
'7' 19  2 2000 2960.0  1.3  6.8 0.688  4.6  1.1 0.4 0.054166667
'7' 20  2 2000 9170.0 -2.8  7.8 0.568  2.3  0.0 1.1 0.000000000
'7' 21  2 2000 5570.0 -3.7  6.0 0.565  2.8  0.5 0.6 0.058333333
'7' 22  2 2000 3790.0 -0.7  6.5 0.697  2.1  0.0 0.4 0.000000000
'7' 23  2 2000 7340.0 -1.5 10.0 0.666  2.8  0.0 0.9 0.000000000
'7' 24  2 2000 4940.0  4.3  9.7 0.806  4.6  9.0 0.7 0.391666667
'7' 25  2 2000 9580.0  2.9  9.2 0.759  3.4  8.5 1.2 0.212500000
'7' 26  2 2000 10300.0 -0.7  9.5 0.640  2.7  0.0 1.2 0.000000000
'7' 27  2 2000 8610.0  0.6 12.3 0.636  5.5  0.0 1.2 0.000000000
'7' 28  2 2000 1580.0  5.3 12.7 0.887  6.7  0.9 0.2 0.104166667
'7' 29  2 2000 4920.0  3.9  8.8 0.821  6.9  8.4 0.7 0.270833333
'7'  1  3 2000 6380.0  2.6  8.2 0.729  4.3  3.3 0.8 0.095833333
'7'  2  3 2000 4480.0  1.4  8.2 0.717  6.8 16.5 0.6 0.416666667
'7'  3  3 2000 5600.0  3.3 10.2 0.783  6.9 14.2 0.8 0.295833333
'7'  4  3 2000 7950.0 -0.2  5.4 0.584  4.3  4.0 0.9 0.133333333
'7'  5  3 2000 7570.0 -0.4  7.5 0.642  3.5  0.7 0.9 0.020833333
'7'  6  3 2000 4090.0  3.1  8.4 0.767  6.5  0.0 0.5 0.000000000
'7'  7  3 2000 6730.0  7.5 12.9 1.088  6.3  3.1 1.0 0.154166667
'7'  8  3 2000 2310.0  9.5 12.9 1.189  7.3 12.0 0.3 0.208333333
'7'  9  3 2000 4230.0  6.4 13.6 0.999  6.5  3.4 0.6 0.120833333
'7' 10  3 2000 5680.0  0.7  9.9 0.733  3.0  1.0 0.8 0.108333333
'7' 11  3 2000 7610.0  5.3 11.6 0.906  5.3  0.7 1.1 0.162500000
'7' 12  3 2000 10160.0  3.9 12.3 0.847  2.0  0.0 1.4 0.000000000
'7' 13  3 2000 3840.0  3.9 10.3 0.914  2.8  0.0 0.5 0.000000000
'7' 14  3 2000 2820.0  3.6 10.2 0.832  5.0  2.6 0.4 0.233333333
'7' 15  3 2000 9040.0  2.0  8.7 0.651  4.8  0.1 1.2 0.037500000
'7' 16  3 2000 3280.0  4.9 10.4 0.914  3.3  0.1 0.5 0.020833333
'7' 17  3 2000 4160.0  4.7 10.8 0.865  3.4  0.0 0.6 0.000000000
'7' 18  3 2000 6920.0  5.5  9.1 0.872  4.8  2.2 0.9 0.183333333
'7' 19  3 2000 11790.0  1.4 10.4 0.748  3.0  0.1 1.5 0.041666667
'7' 20  3 2000 8330.0 -1.1 10.9 0.716  1.5  0.0 1.1 0.000000000
'7' 21  3 2000 4910.0  1.4 10.1 0.761  1.0  0.0 0.6 0.000000000
'7' 22  3 2000 14520.0 -0.7 15.8 0.711  1.5  0.0 2.0 0.000000000
'7' 23  3 2000 14090.0  0.9 13.4 0.779  2.6  0.0 1.9 0.000000000
'7' 24  3 2000 2590.0  4.9 12.3 0.982  2.7  5.5 0.4 0.158333333
'7' 25  3 2000 7570.0  5.2 11.8 0.950  2.5  5.0 1.1 0.058333333
'7' 26  3 2000 9390.0  4.4 10.5 0.878  2.8  4.2 1.2 0.150000000
'7' 27  3 2000 5240.0  3.2  9.1 0.794  3.5  0.8 0.7 0.033333333
'7' 28  3 2000 1800.0  2.5  5.2 0.681  4.7  0.0 0.2 0.000000000
'7' 29  3 2000 5110.0  4.2  7.8 0.798  5.9  0.0 0.7 0.000000000
'7' 30  3 2000 2920.0  5.6  7.8 0.851  3.6  0.0 0.4 0.000000000
'7' 31  3 2000 3960.0  4.6  7.8 0.791  1.3  0.0 0.5 0.000000000
'7'  1  4 2000 5420.0  3.0  8.9 0.783  1.3  1.1 0.7 0.095833333
'7'  2  4 2000 12250.0  4.7 14.3 0.875  3.9  2.1 1.8 0.087500000
'7'  3  4 2000 12700.0  6.8 16.8 0.913  4.0  0.0 2.0 0.000000000
'7'  4  4 2000 9310.0  4.7 16.0 0.942  4.8  0.2 1.4 0.012500000
'7'  5  4 2000 9430.0  1.7  7.7 0.517  6.1  0.0 1.2 0.000000000
'7'  6  4 2000 15760.0 -2.0 10.9 0.556  3.3  0.0 2.0 0.000000000
'7'  7  4 2000 19520.0 -1.3 13.1 0.633  2.0  0.0 2.5 0.000000000
'7'  8  4 2000 12250.0 -2.2 12.8 0.523  1.8  0.0 1.6 0.000000000
'7'  9  4 2000 18430.0  4.1 15.5 0.682  5.4  0.0 2.6 0.000000000
'7' 10  4 2000 21540.0  1.5 10.4 0.531  4.2  0.0 2.8 0.000000000
'7' 11  4 2000 17000.0 -2.4 12.4 0.514  2.3  0.0 2.2 0.000000000
'7' 12  4 2000 8630.0  3.9  8.5 0.748  5.3 10.5 1.1 0.225000000
'7' 13  4 2000 7110.0  3.4  9.2 0.785  5.3  3.6 0.9 0.104166667
'7' 14  4 2000 13330.0  2.6 11.7 0.787  3.1  0.0 1.8 0.000000000
'7' 15  4 2000 6930.0  5.5 13.6 0.915  4.9  6.1 1.0 0.158333333
'7' 16  4 2000 15990.0  5.4 13.3 0.735  4.7  0.2 2.3 0.008333333
'7' 17  4 2000 13510.0  6.7 15.0 0.960  5.2  6.6 2.0 0.129166667
'7' 18  4 2000 17180.0  6.1 15.7 0.900  4.5  0.0 2.6 0.000000000
'7' 19  4 2000 16420.0  5.2 18.0 0.929  3.0  0.0 2.5 0.000000000
'7' 20  4 2000 11050.0  6.3 17.4 0.981  4.0  0.0 1.8 0.000000000
'7' 21  4 2000 14310.0  9.9 18.2 1.125  3.5  0.3 2.3 0.029166667
'7' 22  4 2000 5740.0  9.2 18.1 1.209  2.7  2.6 0.9 0.250000000
'7' 23  4 2000 3400.0  8.6 13.3 1.226  2.0  5.9 0.5 0.316666667
'7' 24  4 2000 15060.0  6.5 17.0 1.059  1.9  0.0 2.3 0.000000000
'7' 25  4 2000 15820.0  6.8 20.6 0.927  4.2  0.0 2.6 0.000000000
'7' 26  4 2000 17720.0 10.2 22.4 1.263  3.7  0.3 2.9 0.020833333
'7' 27  4 2000 12190.0 10.8 19.5 1.336  2.8  0.3 2.0 0.033333333
'7' 28  4 2000 20430.0  8.4 23.0 1.315  2.5  0.0 3.4 0.000000000
'7' 29  4 2000 5320.0 10.6 14.4 1.308  2.3  3.9 0.8 0.083333333
'7' 30  4 2000 5330.0 10.9 14.9 1.312  1.9  0.1 0.8 0.029166667
'7'  1  5 2000 12220.0  9.6 17.1 1.305  3.4  0.0 1.9 0.000000000
'7'  2  5 2000 4000.0  9.1 12.0 1.166  4.4  0.0 0.6 0.000000000
'7'  3  5 2000 6440.0 10.0 14.0 1.250  3.3  0.0 1.0 0.000000000
'7'  4  5 2000 18800.0 10.4 19.3 1.372  3.8  0.0 3.0 0.000000000
'7'  5  5 2000 24280.0  8.9 25.3 0.944  3.8  0.0 4.3 0.000000000
'7'  6  5 2000 21150.0 12.3 26.5 1.094  3.8  0.0 3.9 0.000000000
'7'  7  5 2000 22800.0 13.4 27.5 1.366  3.3  1.1 4.1 0.012500000
'7'  8  5 2000 19820.0 10.4 25.7 1.333  2.0  0.0 3.6 0.000000000
'7'  9  5 2000 19420.0 13.6 25.6 1.564  1.7  0.0 3.5 0.000000000
'7' 10  5 2000 17360.0 13.2 27.0 1.555  2.4  0.0 3.2 0.000000000
'7' 11  5 2000 24160.0 13.1 25.1 1.269  4.4  0.0 4.3 0.000000000
'7' 12  5 2000 24840.0 11.3 26.0 1.092  3.8  0.0 4.4 0.000000000
'7' 13  5 2000 24950.0 11.2 25.3 0.942  3.0  0.0 4.4 0.000000000
'7' 14  5 2000 27060.0  8.7 27.1 0.959  1.8  0.0 4.9 0.000000000
'7' 15  5 2000 25630.0 10.7 28.9 1.187  2.1  0.0 4.7 0.000000000
'7' 16  5 2000 21370.0 12.4 29.6 1.604  2.9 13.5 3.9 0.137500000
'7' 17  5 2000 15660.0 10.5 16.8 1.130  5.5  0.8 2.5 0.058333333
'7' 18  5 2000 15970.0  8.2 15.2 1.015  4.8  2.2 2.4 0.095833333
'7' 19  5 2000 7920.0  6.3 13.6 1.018  3.4  2.6 1.2 0.137500000
'7' 20  5 2000 18750.0  5.4 16.1 0.915  2.7  0.3 2.8 0.008333333
'7' 21  5 2000 6300.0  5.6 12.3 1.023  2.3  7.9 0.9 0.291666667
'7' 22  5 2000 10140.0  6.4 15.7 1.062  2.0  0.4 1.5 0.020833333
'7' 23  5 2000 10980.0  6.8 18.6 1.150  3.8  5.9 1.8 0.183333333
'7' 24  5 2000 15920.0 11.5 18.8 1.386  2.6  9.6 2.6 0.441666667
'7' 25  5 2000 12080.0 10.3 15.3 1.180  5.7  6.7 1.9 0.179166667
'7' 26  5 2000 16310.0  8.2 17.3 1.052  3.6  5.5 2.6 0.120833333
'7' 27  5 2000 17950.0 10.2 17.0 1.076  7.2  0.8 2.8 0.025000000
'7' 28  5 2000 5400.0  7.0 13.3 1.065  7.2 25.3 0.8 0.533333333
'7' 29  5 2000 18520.0  5.4 14.8 0.983  3.8 10.8 2.7 0.116666667
'7' 30  5 2000 15970.0  3.6 15.0 0.929  2.1  1.1 2.3 0.029166667
'7' 31  5 2000 25420.0  3.8 18.9 0.810  1.8  0.0 4.0 0.000000000
'7'  1  6 2000 11050.0 10.4 19.8 1.338  4.1  0.4 1.8 0.095833333
'7'  2  6 2000 25170.0 11.1 21.5 1.396  2.9  0.0 4.3 0.000000000
'7'  3  6 2000 19740.0  9.9 25.2 1.467  2.4  5.7 3.5 0.229166667
'7'  4  6 2000 20020.0  8.7 21.8 1.274  3.5  0.1 3.4 0.012500000
'7'  5  6 2000 6690.0  7.1 16.0 1.207  2.0  2.8 1.0 0.287500000
'7'  6  6 2000 11530.0 10.1 16.3 1.276  2.8  9.2 1.8 0.045833333
'7'  7  6 2000 17760.0  6.0 16.6 1.001  3.3  0.1 2.8 0.008333333
'7'  8  6 2000 29610.0  5.5 22.2 0.892  3.8  0.0 4.9 0.000000000
'7'  9  6 2000 26970.0 13.7 29.6 1.525  3.8  0.0 5.0 0.000000000
'7' 10  6 2000 21840.0 10.8 20.7 1.338  2.8  0.0 3.7 0.000000000
'7' 11  6 2000 18640.0  8.2 19.5 1.147  2.7  0.0 3.1 0.000000000
'7' 12  6 2000 16760.0 10.9 21.2 1.427  4.2  0.0 2.8 0.000000000
'7' 13  6 2000 12220.0 14.1 19.8 1.613  3.4  0.0 2.1 0.000000000
'7' 14  6 2000 12660.0 15.1 20.5 1.745  4.1  5.3 2.2 0.170833333
'7' 15  6 2000 20390.0  8.8 19.2 1.156  3.3  0.1 3.4 0.004166667
'7' 16  6 2000 26770.0  6.0 18.2 0.905  2.8  0.0 4.2 0.000000000
'7' 17  6 2000 29540.0  6.0 21.2 0.873  2.3  0.0 4.9 0.000000000
'7' 18  6 2000 28540.0  8.7 28.7 1.015  2.2  0.0 5.3 0.000000000
'7' 19  6 2000 28640.0 17.4 33.5 1.695  3.5  0.0 5.7 0.000000000
'7' 20  6 2000 27640.0 17.8 33.6 2.022  2.5  0.0 5.5 0.000000000
'7' 21  6 2000 16290.0 16.2 26.9 1.770  4.2  0.8 3.0 0.095833333
'7' 22  6 2000 11960.0 13.4 20.0 1.410  4.4  2.6 2.0 0.087500000
'7' 23  6 2000 10600.0 12.1 19.8 1.472  4.9  4.5 1.8 0.220833333
'7' 24  6 2000 13650.0 11.4 17.6 1.357  3.4  6.3 2.2 0.208333333
'7' 25  6 2000 11270.0 10.4 15.1 1.164  3.4  0.6 1.8 0.054166667
'7' 26  6 2000 16040.0  7.1 16.1 0.898  3.4  0.0 2.5 0.000000000
'7' 27  6 2000 21930.0  5.0 17.5 0.887  2.7  0.0 3.4 0.000000000
'7' 28  6 2000 18600.0  6.1 17.2 0.917  2.6  0.0 2.9 0.000000000
'7' 29  6 2000 25170.0  8.3 17.5 0.920  3.0  0.0 4.0 0.000000000
'7' 30  6 2000 25900.0  5.5 19.4 0.929  2.0  0.0 4.2 0.000000000
'7'  1  7 2000 6760.0  8.5 16.5 1.214  2.2  3.3 1.1 0.125000000
'7'  2  7 2000 18810.0 14.1 24.9 1.726  1.9  0.0 3.4 0.000000000
'7'  3  7 2000 20340.0 13.1 24.5 1.558  2.0  4.4 3.7 0.058333333
'7'  4  7 2000 17070.0 12.2 23.5 1.602  2.1  8.3 3.0 0.058333333
'7'  5  7 2000 6250.0 14.3 19.1 1.746  2.4  9.3 1.0 0.316666667
'7'  6  7 2000 15580.0 13.2 20.2 1.443  2.3  0.0 2.7 0.000000000
'7'  7  7 2000 14870.0 10.5 17.0 1.120  5.0  0.0 2.4 0.000000000
'7'  8  7 2000 8140.0  6.4 15.8 1.077  2.7  1.5 1.3 0.066666667
'7'  9  7 2000 3770.0 12.6 14.9 1.474  4.5  8.8 0.6 0.312500000
'7' 10  7 2000 14340.0 12.0 19.8 1.432  5.3  9.4 2.4 0.162500000
'7' 11  7 2000 9190.0 11.7 16.0 1.363  4.2  3.4 1.5 0.104166667
'7' 12  7 2000 25710.0  9.5 17.7 1.018  3.5  0.0 4.1 0.000000000
'7' 13  7 2000 5940.0 11.4 17.6 1.486  3.1 11.8 1.0 0.337500000
'7' 14  7 2000 13110.0 10.4 16.8 1.323  3.1 10.0 2.1 0.183333333
'7' 15  7 2000 12370.0 10.6 16.1 1.310  3.0 11.1 1.9 0.200000000
'7' 16  7 2000 13950.0 12.5 18.2 1.438  3.0  0.0 2.3 0.000000000
'7' 17  7 2000 7980.0 12.0 16.2 1.370  2.6  0.4 1.3 0.033333333
'7' 18  7 2000 14810.0 12.5 17.2 1.301  3.0  0.0 2.4 0.000000000
'7' 19  7 2000 17800.0 10.8 20.2 1.307  3.1  0.1 3.0 0.008333333
'7' 20  7 2000 23680.0  9.1 22.2 1.227  2.4  0.0 4.0 0.000000000
'7' 21  7 2000 11820.0 11.2 17.6 1.282  3.3  0.0 1.9 0.000000000
'7' 22  7 2000 9850.0 10.5 19.8 1.442  2.8  0.0 1.6 0.000000000
'7' 23  7 2000 20960.0 13.6 21.3 1.640  3.5  0.0 3.6 0.000000000
'7' 24  7 2000 17840.0 14.6 23.8 1.744  4.9  0.0 3.2 0.000000000
'7' 25  7 2000 12300.0 14.2 21.6 1.752  3.6  0.1 2.1 0.025000000
'7' 26  7 2000 4520.0 13.6 17.8 1.537  1.4  0.0 0.8 0.000000000
'7' 27  7 2000 14840.0 10.1 21.6 1.421  1.6  2.0 2.5 0.291666667
'7' 28  7 2000 16090.0 11.5 22.1 1.546  2.4  0.0 2.8 0.000000000
'7' 29  7 2000 7420.0 11.7 20.6 1.633  2.0  9.5 1.2 0.112500000
'7' 30  7 2000 17180.0 10.9 22.2 1.526  1.8  0.0 2.9 0.000000000
'7' 31  7 2000 23540.0 11.6 23.2 1.495  2.0  0.0 4.2 0.000000000
'7'  1  8 2000 19830.0 15.3 27.7 1.824  2.5  2.0 3.7 0.125000000
'7'  2  8 2000 21950.0 13.4 22.9 1.547  4.1  0.0 3.9 0.000000000
'7'  3  8 2000 17980.0 13.1 22.5 1.573  3.4  3.7 3.1 0.050000000
'7'  4  8 2000 15840.0 10.6 21.8 1.442  1.8  0.0 2.7 0.000000000
'7'  5  8 2000 19430.0 11.7 21.7 1.475  1.8  0.0 3.3 0.000000000
'7'  6  8 2000 14740.0 10.5 22.4 1.470  2.4  0.0 2.6 0.000000000
'7'  7  8 2000 14760.0 15.3 22.4 1.716  2.0  0.0 2.6 0.000000000
'7'  8  8 2000 15390.0 13.0 22.3 1.637  2.5  0.6 2.7 0.058333333
'7'  9  8 2000 20600.0 10.7 23.8 1.434  2.0  0.0 3.6 0.000000000
'7' 10  8 2000 7770.0 16.8 20.9 1.856  3.2  0.3 1.4 0.045833333
'7' 11  8 2000 17810.0 12.8 23.5 1.468  2.0  0.0 3.2 0.000000000
'7' 12  8 2000 22500.0  9.7 23.9 1.319  1.5  0.0 3.9 0.000000000
'7' 13  8 2000 18610.0 11.9 28.9 1.508  2.8  0.0 3.5 0.000000000
'7' 14  8 2000 14190.0 17.8 27.1 2.132  2.8  1.2 2.7 0.033333333
'7' 15  8 2000 9650.0 11.7 22.4 1.515  3.4  0.0 1.7 0.000000000
'7' 16  8 2000 18330.0 12.5 23.4 1.485  3.3  0.0 3.2 0.000000000
'7' 17  8 2000 18140.0 11.5 23.3 1.418  4.1  0.1 3.2 0.012500000
'7' 18  8 2000 16820.0 10.9 23.0 1.336  2.4  0.2 2.9 0.062500000
'7' 19  8 2000 12150.0 14.1 24.0 1.757  2.3  1.5 2.2 0.070833333
'7' 20  8 2000 15290.0 12.3 23.9 1.583  2.3  6.1 2.7 0.120833333
'7' 21  8 2000 16180.0 10.7 20.3 1.387  2.0  3.4 2.7 0.079166667
'7' 22  8 2000 15030.0  8.6 21.2 1.301  1.5  0.0 2.5 0.000000000
'7' 23  8 2000 20960.0  9.5 21.3 1.213  3.2  0.0 3.5 0.000000000
'7' 24  8 2000 21940.0  7.4 22.9 1.054  1.7  0.0 3.7 0.000000000
'7' 25  8 2000 9310.0  9.7 21.2 1.385  2.1  0.0 1.6 0.000000000
'7' 26  8 2000 18880.0 12.6 26.2 1.471  4.3  0.0 3.4 0.000000000
'7' 27  8 2000 4620.0 12.8 20.5 1.724  1.8  9.9 0.8 0.225000000
'7' 28  8 2000 9720.0  9.3 19.9 1.418  2.3  6.9 1.6 0.033333333
'7' 29  8 2000 12900.0  8.7 21.4 1.343  2.2  0.0 2.1 0.000000000
'7' 30  8 2000 17650.0  6.8 20.2 1.158  1.5  0.0 2.8 0.000000000
'7' 31  8 2000 16310.0  7.7 20.2 1.209  1.7  0.0 2.7 0.000000000
'7'  1  9 2000 10110.0 11.3 21.1 1.431  3.3  6.8 1.7 0.104166667
'7'  2  9 2000 7720.0 12.4 18.1 1.548  2.7  9.6 1.3 0.183333333
'7'  3  9 2000 12510.0 12.3 18.6 1.322  3.0  6.7 2.1 0.129166667
'7'  4  9 2000 7670.0 10.6 16.6 1.296  2.3  0.5 1.2 0.025000000
'7'  5  9 2000 11860.0  9.2 21.3 1.292  2.8  0.3 2.0 0.020833333
'7'  6  9 2000 4930.0 13.2 17.1 1.451  5.0  4.3 0.8 0.116666667
'7'  7  9 2000 9920.0 14.8 18.6 1.396  3.9  0.0 1.7 0.000000000
'7'  8  9 2000 2150.0 15.1 19.2 1.822  4.3  1.1 0.4 0.091666667
'7'  9  9 2000 3130.0 13.7 20.1 1.807  2.0 12.1 0.5 0.100000000
'7' 10  9 2000 8620.0 11.6 23.2 1.698  1.2  0.0 1.5 0.000000000
'7' 11  9 2000 16790.0 12.4 23.9 1.707  2.5  0.0 3.0 0.000000000
'7' 12  9 2000 5620.0 14.2 21.1 1.751  3.2  0.0 1.0 0.000000000
'7' 13  9 2000 12500.0 10.4 20.6 1.445  2.5  0.0 2.1 0.000000000
'7' 14  9 2000 10700.0  9.4 21.0 1.425  1.4  0.0 1.8 0.000000000
'7' 15  9 2000 9760.0 11.7 21.4 1.590  2.7 16.4 1.7 0.137500000
'7' 16  9 2000 8980.0 12.1 20.1 1.553  2.8  0.3 1.5 0.020833333
'7' 17  9 2000 3280.0  8.8 16.2 1.361  1.6  3.7 0.5 0.141666667
'7' 18  9 2000 11340.0 12.2 20.3 1.496  3.7  0.0 1.9 0.000000000
'7' 19  9 2000 14530.0 13.0 22.1 1.476  5.2  0.0 2.5 0.000000000
'7' 20  9 2000 2590.0 13.1 17.0 1.561  2.7  1.4 0.4 0.216666667
'7' 21  9 2000 10510.0 10.5 18.5 1.432  2.0  0.1 1.7 0.008333333
'7' 22  9 2000 11520.0  9.0 21.1 1.370  3.1  0.0 1.9 0.000000000
'7' 23  9 2000 14410.0 12.2 20.8 1.477  3.8  0.0 2.5 0.000000000
'7' 24  9 2000 14000.0  9.7 20.0 1.256  4.0  0.7 2.3 0.066666667
'7' 25  9 2000 11280.0 11.4 20.5 1.488  2.4  0.4 1.9 0.020833333
'7' 26  9 2000 8660.0 13.1 23.2 1.656  2.8  7.9 1.5 0.141666667
'7' 27  9 2000 10230.0 13.9 20.3 1.563  3.7  3.8 1.7 0.037500000
'7' 28  9 2000 3130.0 14.6 17.2 1.602  4.3  4.0 0.5 0.308333333
'7' 29  9 2000 5560.0 14.5 19.6 1.706  2.3  0.1 1.0 0.012500000
'7' 30  9 2000 8030.0 12.9 19.6 1.622  2.1  2.8 1.4 0.216666667
'7'  1 10 2000 2130.0 10.3 16.3 1.466  1.6  8.3 0.3 0.233333333
'7'  2 10 2000 7690.0  9.7 16.7 1.356  2.9  0.4 1.2 0.025000000
'7'  3 10 2000 6870.0  7.9 16.6 1.159  3.0  0.0 1.1 0.000000000
'7'  4 10 2000 2130.0  9.2 15.6 1.293  2.9  1.8 0.3 0.095833333
'7'  5 10 2000 6150.0  8.4 18.0 1.308  2.8  6.6 0.9 0.137500000
'7'  6 10 2000 8020.0  4.9 14.0 1.000  2.5 11.1 1.1 0.275000000
'7'  7 10 2000 11420.0  3.9 14.5 0.933  2.2  0.0 1.6 0.000000000
'7'  8 10 2000 1620.0  5.5 12.6 1.049  3.8  6.3 0.2 0.187500000
'7'  9 10 2000 9480.0  3.0 14.6 0.895  3.7  1.4 1.4 0.091666667
'7' 10 10 2000 5450.0  7.7 12.1 1.037  6.9 10.9 0.8 0.287500000
'7' 11 10 2000 5830.0  7.8 13.6 1.034  7.1 16.6 0.9 0.225000000
'7' 12 10 2000 9160.0  8.8 15.2 1.095  5.1  3.3 1.4 0.045833333
'7' 13 10 2000 9320.0  6.7 16.4 1.119  3.2  0.0 1.4 0.000000000
'7' 14 10 2000 3290.0  6.2 12.3 1.107  2.0  0.0 0.5 0.000000000
'7' 15 10 2000 3040.0  7.8 12.7 1.206  2.7  0.8 0.4 0.125000000
'7' 16 10 2000 1800.0 10.7 15.5 1.383  4.9  8.8 0.3 0.341666667
'7' 17 10 2000 8630.0  4.1 15.6 0.997  3.2  0.6 1.3 0.025000000
'7' 18 10 2000 3140.0  4.5 12.2 0.952  4.2  1.9 0.5 0.070833333
'7' 19 10 2000 6390.0  4.0 16.3 1.052  2.6 12.1 1.0 0.204166667
'7' 20 10 2000 7090.0  3.6 16.2 1.007  4.1  0.0 1.1 0.000000000
'7' 21 10 2000 5250.0 12.1 18.4 1.474  3.5  0.0 0.9 0.000000000
'7' 22 10 2000 6630.0 10.4 19.2 1.417  2.3  0.0 1.1 0.000000000
'7' 23 10 2000 5850.0 11.2 19.8 1.486  4.5 14.0 1.0 0.066666667
'7' 24 10 2000 2680.0 11.4 14.5 1.307  5.3  0.2 0.4 0.016666667
'7' 25 10 2000 1530.0  8.7 15.2 1.145  6.2  1.2 0.2 0.095833333
'7' 26 10 2000 7190.0  7.6 13.7 1.053  3.9  2.8 1.1 0.137500000
'7' 27 10 2000 900.0  7.7 12.8 1.204  5.0  6.5 0.1 0.391666667
'7' 28 10 2000 1050.0 11.6 14.4 1.417  5.6  2.4 0.2 0.312500000
'7' 29 10 2000 5280.0  8.1 13.1 1.007  8.2  2.4 0.8 0.120833333
'7' 30 10 2000 620.0  7.9 13.5 1.073 10.3  9.6 0.1 0.308333333
'7' 31 10 2000 2110.0  7.3 12.0 1.006  7.0  0.7 0.3 0.062500000
'7'  1 11 2000 1790.0  5.8 10.0 0.938  5.6 15.1 0.2 0.166666667
'7'  2 11 2000 2710.0  5.3 11.4 0.944  5.8 13.6 0.4 0.162500000
'7'  3 11 2000 6150.0  5.2 11.4 0.876  4.5  0.0 0.8 0.000000000
'7'  4 11 2000 5590.0  3.8 11.1 0.909  4.1  2.6 0.7 0.095833333
'7'  5 11 2000 5930.0  3.9 10.5 0.839  4.9  0.0 0.8 0.000000000
'7'  6 11 2000 2790.0  7.0 11.6 0.937  7.2  8.0 0.4 0.191666667
'7'  7 11 2000 1250.0  6.5  9.6 0.963  4.7  2.0 0.2 0.083333333
'7'  8 11 2000 1050.0  6.9  9.4 0.983  5.6  6.7 0.1 0.154166667
'7'  9 11 2000 1100.0  7.1  9.0 1.010  5.4 41.5 0.2 0.433333333
'7' 10 11 2000 1880.0  5.3  9.1 0.916  5.1 11.5 0.3 0.195833333
'7' 11 11 2000 2530.0  5.8 10.5 0.866  6.3  1.1 0.4 0.058333333
'7' 12 11 2000 560.0  7.9  9.8 1.009  5.7 12.1 0.1 0.479166667
'7' 13 11 2000 2610.0  5.9 10.1 0.987  3.3  0.0 0.4 0.000000000
'7' 14 11 2000 3150.0  1.6  9.4 0.815  2.6  0.0 0.4 0.000000000
'7' 15 11 2000 980.0  3.6  7.5 0.844  3.9  3.3 0.1 0.108333333
'7' 16 11 2000 1670.0  5.1  9.2 0.921  5.1  5.2 0.2 0.266666667
'7' 17 11 2000 3860.0  2.1  8.2 0.800  3.3  5.9 0.5 0.125000000
'7' 18 11 2000 3530.0  3.0  8.4 0.818  5.4  3.9 0.5 0.104166667
'7' 19 11 2000 1520.0  7.6 11.6 1.089  5.7  8.7 0.2 0.216666667
'7' 20 11 2000 1360.0  3.9  7.9 0.836  4.3  8.1 0.2 0.179166667
'7' 21 11 2000 1440.0  3.9  7.9 0.790  5.7  2.9 0.2 0.112500000
'7' 22 11 2000 2870.0  6.1 11.1 0.913  5.9  0.2 0.4 0.004166667
'7' 23 11 2000 900.0  4.2 11.3 0.950  4.3  4.5 0.1 0.241666667
'7' 24 11 2000 2470.0  4.4  9.2 0.876  4.5  0.3 0.3 0.025000000
'7' 25 11 2000 2210.0  4.1  9.6 0.865  5.8  8.2 0.3 0.170833333
'7' 26 11 2000 1940.0  6.2  9.4 0.925  5.8  2.6 0.3 0.095833333
'7' 27 11 2000 3590.0  4.4  8.6 0.871  4.3  1.0 0.5 0.020833333
'7' 28 11 2000 1080.0  7.2 14.8 1.166  5.4  8.1 0.2 0.183333333
'7' 29 11 2000 2780.0  9.4 13.6 1.168  3.9  0.0 0.4 0.000000000
'7' 30 11 2000 3840.0  8.6 12.4 1.120  3.5  0.0 0.6 0.000000000
'7'  1 12 2000 1640.0  9.7 13.5 1.192  5.2  1.4 0.3 0.112500000
'7'  2 12 2000 1870.0  8.1 12.5 1.152  3.4  1.7 0.3 0.045833333
'7'  3 12 2000 2750.0  4.3 10.8 0.942  3.8  9.1 0.4 0.220833333
'7'  4 12 2000 1730.0  3.9  9.4 0.854  5.4  0.7 0.2 0.045833333
'7'  5 12 2000 2800.0  6.4 12.2 0.964  4.8  0.2 0.4 0.020833333
'7'  6 12 2000 1480.0  8.3 12.3 1.129  4.4  3.0 0.2 0.070833333
'7'  7 12 2000 1940.0  7.4 11.7 1.096  4.7  1.6 0.3 0.091666667
'7'  8 12 2000 1740.0  9.9 14.9 1.107  6.7  1.4 0.3 0.066666667
'7'  9 12 2000 2220.0  7.4 11.1 0.973  5.8  0.0 0.3 0.000000000
'7' 10 12 2000 680.0  7.1 11.7 1.001  6.7  8.1 0.1 0.204166667
'7' 11 12 2000 1610.0  9.5 13.4 1.153  7.3 10.0 0.2 0.279166667
'7' 12 12 2000 380.0 12.2 13.9 1.381  6.8  6.0 0.1 0.250000000
'7' 13 12 2000 1010.0  9.2 12.9 1.019 10.2  2.6 0.2 0.112500000
'7' 14 12 2000 1820.0  5.2 10.0 0.895  5.5  3.7 0.2 0.129166667
'7' 15 12 2000 1420.0  3.8  7.2 0.798  4.8 12.1 0.2 0.387500000
'7' 16 12 2000 1070.0  3.1  5.1 0.727  4.1  8.2 0.1 0.270833333
'7' 17 12 2000 3350.0 -0.5  5.5 0.670  2.6  0.3 0.4 0.029166667
'7' 18 12 2000 810.0  0.6  4.2 0.669  2.3  0.0 0.1 0.000000000
'7' 19 12 2000 3360.0  0.8  6.2 0.708  4.0  0.0 0.4 0.000000000
'7' 20 12 2000 2990.0  0.3  3.1 0.550  6.2  0.0 0.3 0.000000000
'7' 21 12 2000 3990.0 -2.2  2.5 0.438  4.9  0.0 0.4 0.000000000
'7' 22 12 2000 3930.0 -4.7  1.0 0.406  2.8  0.0 0.4 0.000000000
'7' 23 12 2000 3560.0 -6.6  1.8 0.442  1.4  0.1 0.3 0.020833333
'7' 24 12 2000 810.0  0.0  1.1 0.616  2.8  5.8 0.1 0.454166667
'7' 25 12 2000 2850.0 -3.8  0.9 0.454  6.0  0.2 0.3 0.041666667
'7' 26 12 2000 1930.0 -4.6 -0.7 0.407  4.5  0.0 0.2 0.000000000
'7' 27 12 2000 820.0 -1.6 -0.4 0.528  3.0  2.6 0.1 0.583333333
'7' 28 12 2000 1740.0 -2.0  2.7 0.561  4.2  1.9 0.2 0.145833333
'7' 29 12 2000 2830.0 -1.3  3.3 0.569  5.3  5.7 0.3 0.166666667
'7' 30 12 2000 1670.0 -0.7  3.5 0.614  2.8 11.5 0.2 0.175000000
'7' 31 12 2000 3030.0 -4.5  2.3 0.501  3.7  0.0 0.3 0.000000000
