station DD MM YYYY RAD Tmin Tmax HUM WIND RAIN ETref WET
'Vlietpolder' 01 01 2002  3191.4 -1.1  2.4  0.596  3.44  0.4 -99.9  0.041667
'Vlietpolder' 02 01 2002  1693.8 -4.4  0.7  0.515  1.68  0.0 -99.9  0.000000
'Vlietpolder' 03 01 2002  4107.6 -3.3 -0.0  0.479  4.98  0.0 -99.9  0.000000
'Vlietpolder' 04 01 2002  4692.6 -5.1  1.1  0.362  4.21  0.0 -99.9  0.000000
'Vlietpolder' 05 01 2002  3132.0 -4.8  3.3  0.468  2.34  0.0 -99.9  0.000000
'Vlietpolder' 06 01 2002  639.0 -2.0  4.8  0.640  1.13  0.2 -99.9  0.020833
'Vlietpolder' 07 01 2002  1265.4  1.4  4.1  0.712  0.59  0.0 -99.9  0.000000
'Vlietpolder' 08 01 2002  801.0 -1.8  2.7  0.569  2.01  0.0 -99.9  0.000000
'Vlietpolder' 09 01 2002  4336.2 -3.9  4.1  0.559  1.46  0.2 -99.9  0.020833
'Vlietpolder' 10 01 2002  3205.8 -2.8  2.4  0.555  2.23  0.2 -99.9  0.020833
'Vlietpolder' 11 01 2002  1416.6 -0.5  4.8  0.654  3.55  0.7 -99.9  0.062500
'Vlietpolder' 12 01 2002  693.0  0.3  4.8  0.695  2.89  2.0 -99.9  0.187500
'Vlietpolder' 13 01 2002  3749.4 -0.8  5.2  0.637  2.67  0.2 -99.9  0.020833
'Vlietpolder' 14 01 2002  1182.6  1.9  5.0  0.760  3.00  0.0 -99.9  0.000000
'Vlietpolder' 15 01 2002  556.2  2.9  5.7  0.810  2.99  7.7 -99.9  0.395833
'Vlietpolder' 16 01 2002  4876.2  0.0  7.4  0.732  1.84  0.2 -99.9  0.020833
'Vlietpolder' 17 01 2002  1526.4  4.0  6.7  0.832  4.57  0.7 -99.9  0.062500
'Vlietpolder' 18 01 2002  4458.6  0.6  7.6  0.743  3.42  3.1 -99.9  0.166667
'Vlietpolder' 19 01 2002  4773.6  4.8  9.1  0.867  6.57  2.8 -99.9  0.125000
'Vlietpolder' 20 01 2002  486.0  4.9  10.3  0.938  7.68  8.9 -99.9  0.187500
'Vlietpolder' 21 01 2002  1432.8  8.0  11.9  1.112  6.86  0.2 -99.9  0.020833
'Vlietpolder' 22 01 2002  1926.0  5.1  9.2  0.874  6.39  2.0 -99.9  0.104167
'Vlietpolder' 23 01 2002  916.2  5.8  8.1  0.887  6.07  4.3 -99.9  0.145833
'Vlietpolder' 24 01 2002  1535.4  6.2  10.8  0.943  8.47  9.6 -99.9  0.229167
'Vlietpolder' 25 01 2002  3114.0  0.9  8.2  0.687  4.01  2.9 -99.9  0.145833
'Vlietpolder' 26 01 2002  1015.2  8.3  11.0  1.061  10.85  14.4 -99.9  0.375000
'Vlietpolder' 27 01 2002  3126.6  8.3  11.4  1.067  6.11  8.3 -99.9  0.333333
'Vlietpolder' 28 01 2002  4354.2  9.7  12.7  1.110  11.36  2.4 -99.9  0.145833
'Vlietpolder' 29 01 2002  3787.2  8.7  11.8  1.071  8.02  0.4 -99.9  0.041667
'Vlietpolder' 30 01 2002  2446.2  8.1  11.8  1.092  4.52  0.0 -99.9  0.000000
'Vlietpolder' 31 01 2002  5230.8  6.0  11.4  0.913  6.78  4.4 -99.9  0.125000
'Vlietpolder' 01 02 2002  1722.6  6.6  12.6  1.001  7.27  0.2 -99.9  0.020833
'Vlietpolder' 02 02 2002  6030.0  9.7  14.6  0.964  6.52  0.0 -99.9  0.000000
'Vlietpolder' 03 02 2002  3798.0  4.8  12.6  0.747  4.29  0.0 -99.9  0.000000
'Vlietpolder' 04 02 2002  2374.2  6.1  11.2  0.931  8.16  11.6 -99.9  0.354167
'Vlietpolder' 05 02 2002  1609.2  8.4  12.1  1.095  6.47  14.4 -99.9  0.270833
'Vlietpolder' 06 02 2002  4538.0  6.6  8.7  0.980  5.31  2.0 -99.9  0.112144
'Vlietpolder' 07 02 2002  2563.2  2.5  7.4  0.758  4.86  3.5 -99.9  0.145833
'Vlietpolder' 08 02 2002  3722.4  5.7  11.5  0.998  6.10  1.8 -99.9  0.104167
'Vlietpolder' 09 02 2002  1927.8  7.8  11.8  1.029  9.08  4.2 -99.9  0.104167
'Vlietpolder' 10 02 2002  4662.0  7.6  9.3  0.910  7.60  3.9 -99.9  0.166667
'Vlietpolder' 11 02 2002  768.6  9.3  12.1  1.159  11.57  12.9 -99.9  0.479167
'Vlietpolder' 12 02 2002  4901.4  10.1  12.1  1.117  8.57  0.0 -99.9  0.000000
'Vlietpolder' 13 02 2002  5011.2  5.6  10.2  0.907  2.73  0.2 -99.9  0.020833
'Vlietpolder' 14 02 2002  8638.2  1.8  6.0  0.590  5.57  0.0 -99.9  0.000000
'Vlietpolder' 15 02 2002  8523.0 -2.0  5.8  0.510  3.10  0.0 -99.9  0.000000
'Vlietpolder' 16 02 2002  8818.2 -1.3  8.6  0.545  2.58  0.0 -99.9  0.000000
'Vlietpolder' 17 02 2002  9201.6 -3.6  8.1  0.571  1.26  0.0 -99.9  0.000000
'Vlietpolder' 18 02 2002  5995.8  4.3  8.1  0.790  3.57  1.5 -99.9  0.083333
'Vlietpolder' 19 02 2002  6867.0  5.2  8.8  0.810  6.79  7.2 -99.9  0.250000
'Vlietpolder' 20 02 2002  6773.4  2.9  9.6  0.776  7.43  17.9 -99.9  0.375000
'Vlietpolder' 21 02 2002  7525.8  1.5  6.5  0.530  4.41  0.2 -99.9  0.020833
'Vlietpolder' 22 02 2002  3875.4  2.4  11.5  0.791  8.79  14.2 -99.9  0.354167
'Vlietpolder' 23 02 2002  4779.0  2.4  6.9  0.580  9.14  2.4 -99.9  0.062500
'Vlietpolder' 24 02 2002  6328.8  2.1  5.8  0.642  5.52  6.8 -99.9  0.395833
'Vlietpolder' 25 02 2002  1881.0  3.2  10.3  0.910  4.64  10.3 -99.9  0.416667
'Vlietpolder' 26 02 2002  8269.2  7.7  11.8  0.993  11.20  18.3 -99.9  0.333333
'Vlietpolder' 27 02 2002  8301.6  5.2  8.6  0.731  8.91  0.4 -99.9  0.020833
'Vlietpolder' 28 02 2002  6139.8  3.7  8.2  0.758  6.70  2.0 -99.9  0.145833
'Vlietpolder' 01 03 2002  9019.8  0.4  8.2  0.649  2.82  5.2 -99.9  0.125000
'Vlietpolder' 02 03 2002  9833.4 -3.6  7.0  0.537  2.21  0.7 -99.9  0.062500
'Vlietpolder' 03 03 2002  9534.6 -1.2  8.8  0.629  2.75  0.2 -99.9  0.020833
'Vlietpolder' 04 03 2002  5290.2  7.3  9.9  0.929  2.89  0.0 -99.9  0.000000
'Vlietpolder' 05 03 2002  7365.6  6.0  10.1  0.876  2.14  0.0 -99.9  0.000000
'Vlietpolder' 06 03 2002  3054.6  6.0  9.8  0.943  6.89  2.4 -99.9  0.125000
'Vlietpolder' 07 03 2002  12092.4  7.8  11.4  0.908  7.26  1.5 -99.9  0.041667
'Vlietpolder' 08 03 2002  8411.4  1.6  11.8  0.732  3.23  0.0 -99.9  0.000000
'Vlietpolder' 09 03 2002  11116.8  6.3  11.1  0.838  6.98  1.1 -99.9  0.062500
'Vlietpolder' 10 03 2002  11413.8  1.9  11.1  0.657  5.84  0.0 -99.9  0.000000
'Vlietpolder' 11 03 2002  8505.0  6.3  13.2  0.911  4.31  0.0 -99.9  0.000000
'Vlietpolder' 12 03 2002  7972.2  4.6  14.7  0.924  1.05  0.9 -99.9  0.062500
'Vlietpolder' 13 03 2002  2041.2  2.4  9.1  0.767  4.17  5.1 -99.9  0.375000
'Vlietpolder' 14 03 2002  11577.6  1.3  7.5  0.639  5.83  0.0 -99.9  0.000000
'Vlietpolder' 15 03 2002  4977.0  2.4  6.9  0.710  5.74  0.0 -99.9  0.000000
'Vlietpolder' 16 03 2002  12375.0  5.7  15.3  1.004  2.76  0.0 -99.9  0.000000
'Vlietpolder' 17 03 2002  4734.0  7.5  12.8  1.093  2.82  3.3 -99.9  0.125000
'Vlietpolder' 18 03 2002  4341.6  5.7  12.0  1.005  5.07  10.7 -99.9  0.250000
'Vlietpolder' 19 03 2002  12079.8  7.0  11.2  0.984  6.38  3.0 -99.9  0.125000
'Vlietpolder' 20 03 2002  8686.8  8.4  11.7  1.094  4.65  5.5 -99.9  0.250000
'Vlietpolder' 21 03 2002  11467.8  7.4  13.2  1.105  3.79  3.3 -99.9  0.166667
'Vlietpolder' 22 03 2002  8969.4  3.5  10.0  0.816  3.56  0.0 -99.9  0.000000
'Vlietpolder' 23 03 2002  12258.0  2.7  9.3  0.704  2.16  0.2 -99.9  0.020833
'Vlietpolder' 24 03 2002  13530.6  1.3  7.7  0.657  2.18  0.2 -99.9  0.020833
'Vlietpolder' 25 03 2002  13203.0  0.4  9.1  0.608  1.03  0.0 -99.9  0.000000
'Vlietpolder' 26 03 2002  5758.2  3.4  8.8  0.740  0.92  0.0 -99.9  0.000000
'Vlietpolder' 27 03 2002  17080.2  1.9  9.7  0.641  2.55  0.0 -99.9  0.000000
'Vlietpolder' 28 03 2002  17823.6 -0.9  13.5  0.574  2.08  0.0 -99.9  0.000000
'Vlietpolder' 29 03 2002  17744.4  1.6  13.9  0.622  2.41  0.0 -99.9  0.000000
'Vlietpolder' 30 03 2002  10537.2  2.4  16.0  0.800  1.38  0.2 -99.9  0.020833
'Vlietpolder' 31 03 2002  13995.0  3.0  15.8  0.827  2.34  0.0 -99.9  0.000000
'Vlietpolder' 01 04 2002  14725.8  5.4  16.6  0.972  1.92  0.0 -99.9  0.000000
'Vlietpolder' 02 04 2002  16282.8  6.8  19.9  0.899  2.78  0.0 -99.9  0.000000
'Vlietpolder' 03 04 2002  17832.6  9.3  18.5  0.859  4.25  0.0 -99.9  0.000000
'Vlietpolder' 04 04 2002  17271.0  7.0  17.1  0.839  3.04  0.0 -99.9  0.000000
'Vlietpolder' 05 04 2002  19380.6  4.5  14.4  0.593  5.12  0.0 -99.9  0.000000
'Vlietpolder' 06 04 2002  20271.6  0.8  10.2  0.495  5.55  0.0 -99.9  0.000000
'Vlietpolder' 07 04 2002  19756.8 -0.3  11.6  0.618  3.05  0.0 -99.9  0.000000
'Vlietpolder' 08 04 2002  19983.6  2.0  13.2  0.674  2.72  0.0 -99.9  0.000000
'Vlietpolder' 09 04 2002  8776.8  2.8  9.9  0.781  2.69  0.7 -99.9  0.062500
'Vlietpolder' 10 04 2002  17191.8  3.6  11.4  0.641  4.85  0.0 -99.9  0.000000
'Vlietpolder' 11 04 2002  13192.2  3.7  11.4  0.682  3.67  0.0 -99.9  0.000000
'Vlietpolder' 12 04 2002  15458.4  2.8  12.3  0.817  3.74  0.0 -99.9  0.000000
'Vlietpolder' 13 04 2002  16840.8  4.6  10.0  0.781  3.72  0.0 -99.9  0.000000
'Vlietpolder' 14 04 2002  12787.2 -0.5  10.8  0.704  1.91  1.1 -99.9  0.104167
'Vlietpolder' 15 04 2002  5148.0  5.7  8.2  0.870  3.10  5.9 -99.9  0.375000
'Vlietpolder' 16 04 2002  5976.0  7.1  10.1  1.026  1.91  2.6 -99.9  0.208333
'Vlietpolder' 17 04 2002  9691.2  5.0  12.0  0.950  1.23  0.0 -99.9  0.000000
'Vlietpolder' 18 04 2002  12382.2  3.1  12.3  0.880  1.45  0.9 -99.9  0.062500
'Vlietpolder' 19 04 2002  13075.2  1.3  13.1  0.799  1.32  0.0 -99.9  0.000000
'Vlietpolder' 20 04 2002  11955.6  0.7  12.0  0.772  1.29  0.2 -99.9  0.020833
'Vlietpolder' 21 04 2002  20244.6  0.7  16.9  0.770  0.93  0.0 -99.9  0.000000
'Vlietpolder' 22 04 2002  16225.2  7.7  18.7  1.018  2.39  0.0 -99.9  0.000000
'Vlietpolder' 23 04 2002  19978.2  8.9  15.6  1.185  2.36  0.0 -99.9  0.000000
'Vlietpolder' 24 04 2002  18882.0  7.8  19.5  1.237  1.31  0.0 -99.9  0.000000
'Vlietpolder' 25 04 2002  14085.0  5.4  14.6  1.073  2.36  0.0 -99.9  0.000000
'Vlietpolder' 26 04 2002  5479.2  2.5  11.7  0.872  4.23  17.3 -99.9  0.416667
'Vlietpolder' 27 04 2002  16664.4  7.8  10.9  0.887  6.40  5.5 -99.9  0.041667
'Vlietpolder' 28 04 2002  10288.8  7.9  13.8  1.076  7.15  10.5 -99.9  0.395833
'Vlietpolder' 29 04 2002  13125.6  6.6  12.1  0.884  7.89  7.0 -99.9  0.166667
'Vlietpolder' 30 04 2002  5837.4  8.0  13.2  1.022  6.00  6.6 -99.9  0.250000
'Vlietpolder' 01 05 2002  17870.4  5.9  12.7  0.919  4.87  4.2 -99.9  0.187500
'Vlietpolder' 02 05 2002  13577.4  5.8  12.9  0.994  2.83  6.3 -99.9  0.125000
'Vlietpolder' 03 05 2002  22442.4  3.7  12.9  0.861  2.57  0.0 -99.9  0.000000
'Vlietpolder' 04 05 2002  9543.6  7.6  11.1  0.914  4.12  0.0 -99.9  0.000000
'Vlietpolder' 05 05 2002  4438.8  7.7  10.0  0.996  3.31  3.5 -99.9  0.250000
'Vlietpolder' 06 05 2002  13813.2  8.5  15.1  1.170  2.41  0.2 -99.9  0.020833
'Vlietpolder' 07 05 2002  23418.0  7.8  17.8  1.120  2.53  0.0 -99.9  0.000000
'Vlietpolder' 08 05 2002  17344.8  10.4  16.9  1.379  3.91  0.0 -99.9  0.000000
'Vlietpolder' 09 05 2002  17481.6  11.1  22.0  1.556  2.82  0.0 -99.9  0.000000
'Vlietpolder' 10 05 2002  7821.0  11.5  16.8  1.484  2.28  0.0 -99.9  0.000000
'Vlietpolder' 11 05 2002  6910.2  10.5  14.5  1.302  2.63  0.2 -99.9  0.020833
'Vlietpolder' 12 05 2002  10364.4  8.9  15.8  1.190  1.99  0.0 -99.9  0.000000
'Vlietpolder' 13 05 2002  22586.4  6.7  21.4  1.098  3.16  0.0 -99.9  0.000000
'Vlietpolder' 14 05 2002  17038.8  10.4  17.0  1.206  7.24  5.2 -99.9  0.250000
'Vlietpolder' 15 05 2002  21826.8  9.9  18.8  1.193  4.05  0.0 -99.9  0.000000
'Vlietpolder' 16 05 2002  24890.4  7.3  21.4  1.130  1.81  0.0 -99.9  0.000000
'Vlietpolder' 17 05 2002  25014.6  9.6  20.7  1.276  3.24  0.0 -99.9  0.000000
'Vlietpolder' 18 05 2002  7988.4  11.5  17.1  1.308  4.13  0.2 -99.9  0.020833
'Vlietpolder' 19 05 2002  14774.4  10.0  17.9  1.244  3.18  0.0 -99.9  0.000000
'Vlietpolder' 20 05 2002  18943.2  8.9  22.0  1.222  2.59  0.0 -99.9  0.000000
'Vlietpolder' 21 05 2002  19584.0  13.3  24.4  1.406  3.56  0.0 -99.9  0.000000
'Vlietpolder' 22 05 2002  5250.6  13.7  18.8  1.569  3.54  9.6 -99.9  0.312500
'Vlietpolder' 23 05 2002  23979.6  9.8  18.3  1.181  3.14  0.0 -99.9  0.000000
'Vlietpolder' 24 05 2002  8582.4  8.0  15.3  1.122  4.91  3.5 -99.9  0.187500
'Vlietpolder' 25 05 2002  22856.4  9.7  16.5  1.071  5.51  0.0 -99.9  0.000000
'Vlietpolder' 26 05 2002  9208.8  10.0  14.7  1.136  4.11  7.4 -99.9  0.145833
'Vlietpolder' 27 05 2002  16612.2  7.8  17.4  1.094  2.82  1.1 -99.9  0.041667
'Vlietpolder' 28 05 2002  21133.8  7.0  19.0  1.020  2.79  0.0 -99.9  0.000000
'Vlietpolder' 29 05 2002  16993.8  9.5  15.2  1.142  4.06  3.5 -99.9  0.125000
'Vlietpolder' 30 05 2002  21540.6  8.1  17.0  1.053  2.39  0.0 -99.9  0.000000
'Vlietpolder' 31 05 2002  23268.6  9.2  15.7  1.112  2.93  0.0 -99.9  0.000000
'Vlietpolder' 01 06 2002  27352.8  5.5  18.4  0.952  2.11  0.0 -99.9  0.000000
'Vlietpolder' 02 06 2002  25551.0  9.6  23.4  1.146  3.16  0.0 -99.9  0.000000
'Vlietpolder' 03 06 2002  17751.6  12.7  23.9  1.402  2.74  1.1 -99.9  0.041667
'Vlietpolder' 04 06 2002  19605.6  12.5  22.6  1.457  2.70  0.0 -99.9  0.000000
'Vlietpolder' 05 06 2002  7734.6  16.0  22.8  1.868  3.04  25.8 -99.9  0.270833
'Vlietpolder' 06 06 2002  11561.4  13.4  18.1  1.477  2.93  0.0 -99.9  0.000000
'Vlietpolder' 07 06 2002  11973.6  13.2  18.3  1.549  2.85  0.2 -99.9  0.020833
'Vlietpolder' 08 06 2002  22118.4  10.5  21.2  1.270  1.60  0.0 -99.9  0.000000
'Vlietpolder' 09 06 2002  16189.2  11.7  20.1  1.468  1.95  1.3 -99.9  0.083333
'Vlietpolder' 10 06 2002  14875.2  12.5  16.3  1.316  4.43  3.3 -99.9  0.187500
'Vlietpolder' 11 06 2002  17166.6  10.7  16.6  1.232  2.78  1.3 -99.9  0.062500
'Vlietpolder' 12 06 2002  9504.0  10.4  17.2  1.386  1.82  7.6 -99.9  0.270833
'Vlietpolder' 13 06 2002  10465.2  12.0  16.3  1.403  2.03  1.1 -99.9  0.083333
'Vlietpolder' 14 06 2002  14470.2  14.2  22.3  1.736  2.28  3.0 -99.9  0.083333
'Vlietpolder' 15 06 2002  23540.4  15.8  19.7  1.634  2.62  2.2 -99.9  0.020833
'Vlietpolder' 16 06 2002  12882.6  12.6  21.6  1.589  2.70  2.6 -99.9  0.125000
'Vlietpolder' 17 06 2002  25644.6  14.8  30.8  1.886  1.31  0.0 -99.9  0.000000
'Vlietpolder' 18 06 2002  20822.4  13.7  29.5  1.946  2.20  0.0 -99.9  0.000000
'Vlietpolder' 19 06 2002  24487.2  12.0  20.8  1.445  1.97  0.0 -99.9  0.000000
'Vlietpolder' 20 06 2002  5468.4  11.4  16.5  1.421  2.34  14.2 -99.9  0.375000
'Vlietpolder' 21 06 2002  20480.4  9.1  19.3  1.219  2.37  0.0 -99.9  0.000000
'Vlietpolder' 22 06 2002  14436.0  12.7  20.4  1.496  3.39  1.3 -99.9  0.104167
'Vlietpolder' 23 06 2002  26197.2  14.2  18.5  1.379  3.45  0.0 -99.9  0.000000
'Vlietpolder' 24 06 2002  29194.2  10.6  18.6  1.197  2.43  0.0 -99.9  0.000000
'Vlietpolder' 25 06 2002  24710.4  10.4  21.2  1.285  2.43  0.0 -99.9  0.000000
'Vlietpolder' 26 06 2002  23263.2  9.2  20.9  1.245  2.69  0.0 -99.9  0.000000
'Vlietpolder' 27 06 2002  22116.6  12.6  16.6  1.212  4.09  0.0 -99.9  0.000000
'Vlietpolder' 28 06 2002  11734.2  12.7  15.7  1.201  5.82  2.4 -99.9  0.062500
'Vlietpolder' 29 06 2002  25011.0  10.9  17.5  1.078  3.43  0.0 -99.9  0.000000
'Vlietpolder' 30 06 2002  13537.8  12.3  17.7  1.363  4.76  0.0 -99.9  0.000000
'Vlietpolder' 01 07 2002  4527.0  12.7  15.7  1.424  6.21  11.6 -99.9  0.312500
'Vlietpolder' 02 07 2002  13701.6  12.5  17.1  1.328  5.94  4.6 -99.9  0.187500
'Vlietpolder' 03 07 2002  5508.0  12.2  17.3  1.533  4.94  16.2 -99.9  0.645833
'Vlietpolder' 04 07 2002  21256.2  13.1  17.6  1.393  4.75  1.8 -99.9  0.083333
'Vlietpolder' 05 07 2002  8740.8  13.5  18.4  1.536  2.94  3.1 -99.9  0.145833
'Vlietpolder' 06 07 2002  11062.8  12.9  18.1  1.569  2.36  3.3 -99.9  0.125000
'Vlietpolder' 07 07 2002  9648.0  11.9  18.2  1.508  2.64  0.4 -99.9  0.020833
'Vlietpolder' 08 07 2002  17316.0  11.7  22.1  1.510  2.60  0.0 -99.9  0.000000
'Vlietpolder' 09 07 2002  13426.2  15.0  24.7  1.895  2.34  4.8 -99.9  0.020833
'Vlietpolder' 10 07 2002  11525.4  11.1  17.6  1.312  2.36  4.1 -99.9  0.062500
'Vlietpolder' 11 07 2002  21758.4  10.8  18.8  1.310  3.37  1.1 -99.9  0.062500
'Vlietpolder' 12 07 2002  10926.0  9.1  20.8  1.299  1.16  2.2 -99.9  0.145833
'Vlietpolder' 13 07 2002  12029.4  14.6  19.6  1.744  2.83  0.2 -99.9  0.020833
'Vlietpolder' 14 07 2002  15058.8  15.8  19.6  1.818  3.28  0.0 -99.9  0.000000
'Vlietpolder' 15 07 2002  21353.4  14.8  22.8  1.800  2.74  0.0 -99.9  0.000000
'Vlietpolder' 16 07 2002  25009.2  14.6  24.6  1.690  3.27  0.0 -99.9  0.000000
'Vlietpolder' 17 07 2002  20863.8  14.9  22.7  1.708  2.75  0.0 -99.9  0.000000
'Vlietpolder' 18 07 2002  20320.2  13.2  18.8  1.343  2.75  0.0 -99.9  0.000000
'Vlietpolder' 19 07 2002  16657.2  12.5  18.6  1.251  1.88  0.0 -99.9  0.000000
'Vlietpolder' 20 07 2002  17942.4  10.2  23.0  1.381  1.94  5.2 -99.9  0.104167
'Vlietpolder' 21 07 2002  15514.2  13.8  17.6  1.532  4.40  2.2 -99.9  0.104167
'Vlietpolder' 22 07 2002  19783.8  13.9  18.1  1.393  4.02  0.0 -99.9  0.000000
'Vlietpolder' 23 07 2002  8501.4  15.8  19.4  1.719  4.42  3.9 -99.9  0.104167
'Vlietpolder' 24 07 2002  17807.4  14.4  18.2  1.503  3.47  0.0 -99.9  0.000000
'Vlietpolder' 25 07 2002  18502.2  9.8  18.7  1.254  2.49  0.2 -99.9  0.020833
'Vlietpolder' 26 07 2002  20926.8  15.1  22.4  1.792  3.26  1.1 -99.9  0.083333
'Vlietpolder' 27 07 2002  23677.2  13.4  24.8  1.742  1.74  0.0 -99.9  0.000000
'Vlietpolder' 28 07 2002  22512.6  17.5  29.8  2.041  1.52  0.0 -99.9  0.000000
'Vlietpolder' 29 07 2002  23454.0  18.2  29.9  1.988  1.65  0.0 -99.9  0.000000
'Vlietpolder' 30 07 2002  21400.2  18.6  31.5  2.182  1.62  0.4 -99.9  0.020833
'Vlietpolder' 31 07 2002  13824.0  18.4  24.9  2.262  1.97  0.0 -99.9  0.000000
'Vlietpolder' 01 08 2002  7000.2  13.4  18.4  1.633  2.85  4.8 -99.9  0.291667
'Vlietpolder' 02 08 2002  20368.8  10.9  24.1  1.361  1.64  0.0 -99.9  0.000000
'Vlietpolder' 03 08 2002  9631.8  13.8  19.2  1.588  1.59  8.1 -99.9  0.166667
'Vlietpolder' 04 08 2002  13336.2  14.3  20.7  1.667  1.26  0.9 -99.9  0.041667
'Vlietpolder' 05 08 2002  10899.0  13.0  20.7  1.621  1.12  0.0 -99.9  0.000000
'Vlietpolder' 06 08 2002  9811.8  14.9  22.1  1.852  1.61  5.3 -99.9  0.208333
'Vlietpolder' 07 08 2002  21553.2  12.4  23.4  1.683  1.53  0.2 -99.9  0.020833
'Vlietpolder' 08 08 2002  17784.0  11.9  22.4  1.584  1.52  0.0 -99.9  0.000000
'Vlietpolder' 09 08 2002  14947.2  16.1  22.8  1.895  1.93  4.8 -99.9  0.125000
'Vlietpolder' 10 08 2002  14796.0  14.3  21.9  1.718  1.74  0.0 -99.9  0.000000
'Vlietpolder' 11 08 2002  14085.0  14.6  20.1  1.697  2.57  0.0 -99.9  0.000000
'Vlietpolder' 12 08 2002  15969.6  13.3  20.6  1.597  3.11  0.4 -99.9  0.020833
'Vlietpolder' 13 08 2002  22077.0  11.2  22.4  1.445  2.40  0.0 -99.9  0.000000
'Vlietpolder' 14 08 2002  13492.8  14.3  24.9  1.726  1.07  0.0 -99.9  0.000000
'Vlietpolder' 15 08 2002  20916.0  14.5  27.9  1.712  1.48  0.0 -99.9  0.000000
'Vlietpolder' 16 08 2002  20804.4  16.5  28.5  1.843  1.45  0.0 -99.9  0.000000
'Vlietpolder' 17 08 2002  21936.6  16.1  28.9  1.780  1.76  0.0 -99.9  0.000000
'Vlietpolder' 18 08 2002  19902.6  17.1  29.1  1.883  2.19  0.0 -99.9  0.000000
'Vlietpolder' 19 08 2002  14398.2  18.8  27.1  2.174  1.95  3.9 -99.9  0.104167
'Vlietpolder' 20 08 2002  3015.0  16.3  21.4  1.997  1.57  45.6 -99.9  0.395833
'Vlietpolder' 21 08 2002  5124.6  16.4  19.4  1.861  3.01  0.7 -99.9  0.062500
'Vlietpolder' 22 08 2002  15064.2  15.0  19.6  1.512  2.68  0.0 -99.9  0.000000
'Vlietpolder' 23 08 2002  12421.8  10.1  20.9  1.374  0.99  0.0 -99.9  0.000000
'Vlietpolder' 24 08 2002  1591.2  15.0  17.7  1.691  2.14  67.6 -99.9  0.458333
'Vlietpolder' 25 08 2002  17173.8  14.2  20.3  1.646  1.83  1.5 -99.9  0.020833
'Vlietpolder' 26 08 2002  17544.6  13.1  22.4  1.608  1.77  0.0 -99.9  0.000000
'Vlietpolder' 27 08 2002  11255.4  18.1  24.1  2.157  2.69  0.0 -99.9  0.000000
'Vlietpolder' 28 08 2002  15640.2  16.8  23.5  1.980  2.56  0.0 -99.9  0.000000
'Vlietpolder' 29 08 2002  16846.2  13.8  23.2  1.705  1.34  0.0 -99.9  0.000000
'Vlietpolder' 30 08 2002  7156.8  14.3  21.3  1.795  2.52  0.0 -99.9  0.000000
'Vlietpolder' 31 08 2002  10427.4  15.6  18.9  1.591  3.17  0.7 -99.9  0.062500
'Vlietpolder' 01 09 2002  16421.4  10.1  20.5  1.185  1.60  0.0 -99.9  0.000000
'Vlietpolder' 02 09 2002  18777.6  11.9  21.5  1.385  2.72  0.2 -99.9  0.020833
'Vlietpolder' 03 09 2002  17298.0  11.9  22.2  1.321  2.90  2.0 -99.9  0.020833
'Vlietpolder' 04 09 2002  17532.0  8.5  21.9  1.271  1.25  0.0 -99.9  0.000000
'Vlietpolder' 05 09 2002  17161.2  7.8  22.2  1.209  1.84  0.2 -99.9  0.020833
'Vlietpolder' 06 09 2002  10159.2  14.4  21.1  1.714  3.75  0.0 -99.9  0.000000
'Vlietpolder' 07 09 2002  9050.4  15.0  20.9  1.709  3.80  5.7 -99.9  0.166667
'Vlietpolder' 08 09 2002  10427.4  14.4  22.6  1.807  2.65  8.5 -99.9  0.166667
'Vlietpolder' 09 09 2002  11480.4  13.6  23.3  1.663  2.94  0.0 -99.9  0.000000
'Vlietpolder' 10 09 2002  4555.8  10.4  18.3  1.426  1.04  0.4 -99.9  0.041667
'Vlietpolder' 11 09 2002  9820.8  13.4  21.1  1.635  2.19  0.7 -99.9  0.041667
'Vlietpolder' 12 09 2002  17929.8  14.4  22.0  1.619  3.26  0.2 -99.9  0.020833
'Vlietpolder' 13 09 2002  17431.2  12.5  21.9  1.432  2.59  0.0 -99.9  0.000000
'Vlietpolder' 14 09 2002  6249.6  14.3  18.8  1.555  2.11  0.0 -99.9  0.000000
'Vlietpolder' 15 09 2002  17028.0  12.6  20.1  1.301  1.96  0.0 -99.9  0.000000
'Vlietpolder' 16 09 2002  10425.6  8.0  18.5  1.194  1.37  0.0 -99.9  0.000000
'Vlietpolder' 17 09 2002  4494.6  11.3  17.3  1.391  1.13  0.0 -99.9  0.000000
'Vlietpolder' 18 09 2002  5682.6  13.0  17.1  1.405  0.96  0.0 -99.9  0.000000
'Vlietpolder' 19 09 2002  6980.4  13.7  17.8  1.434  1.46  0.0 -99.9  0.000000
'Vlietpolder' 20 09 2002  10132.2  11.9  18.3  1.306  1.38  0.2 -99.9  0.020833
'Vlietpolder' 21 09 2002  5934.6  10.6  16.8  1.312  1.83  1.1 -99.9  0.083333
'Vlietpolder' 22 09 2002  10476.0  11.4  16.4  1.312  2.57  13.8 -99.9  0.437500
'Vlietpolder' 23 09 2002  13303.8  9.9  15.7  1.083  4.56  0.0 -99.9  0.000000
'Vlietpolder' 24 09 2002  15663.6  6.0  15.4  0.877  3.35  0.0 -99.9  0.000000
'Vlietpolder' 25 09 2002  8600.4  6.2  16.9  1.052  2.20  5.7 -99.9  0.104167
'Vlietpolder' 26 09 2002  9304.2  11.2  16.9  1.317  2.22  11.6 -99.9  0.312500
'Vlietpolder' 27 09 2002  7210.8  9.1  17.8  1.329  1.18  2.6 -99.9  0.104167
'Vlietpolder' 28 09 2002  6917.4  6.3  18.2  1.162  0.89  0.0 -99.9  0.000000
'Vlietpolder' 29 09 2002  11487.6  7.0  18.5  1.166  1.36  0.0 -99.9  0.000000
'Vlietpolder' 30 09 2002  13807.8  6.3  18.2  1.059  1.57  0.0 -99.9  0.000000
'Vlietpolder' 01 10 2002  11448.0  5.4  19.5  1.104  0.99  0.2 -99.9  0.020833
'Vlietpolder' 02 10 2002  7246.8  8.8  19.0  1.313  1.28  0.0 -99.9  0.000000
'Vlietpolder' 03 10 2002  3225.6  11.7  17.3  1.501  2.35  2.4 -99.9  0.166667
'Vlietpolder' 04 10 2002  9928.8  6.8  16.6  1.090  2.23  0.2 -99.9  0.020833
'Vlietpolder' 05 10 2002  2439.0  7.8  15.9  1.169  3.79  8.1 -99.9  0.229167
'Vlietpolder' 06 10 2002  9727.2  7.3  15.1  1.023  4.06  0.7 -99.9  0.062500
'Vlietpolder' 07 10 2002  7826.4  2.4  15.0  0.903  2.08  5.0 -99.9  0.041667
'Vlietpolder' 08 10 2002  11998.8  2.8  10.4  0.729  3.24  0.0 -99.9  0.000000
'Vlietpolder' 09 10 2002  11725.2  3.6  13.3  0.828  4.50  0.0 -99.9  0.000000
'Vlietpolder' 10 10 2002  10636.2  5.7  12.1  0.888  4.93  0.4 -99.9  0.020833
'Vlietpolder' 11 10 2002  11014.2  3.0  10.8  0.727  4.25  0.0 -99.9  0.000000
'Vlietpolder' 12 10 2002  3400.2  4.1  7.8  0.749  2.83  0.2 -99.9  0.020833
'Vlietpolder' 13 10 2002  2736.0  5.8  9.7  0.936  2.72  0.0 -99.9  0.000000
'Vlietpolder' 14 10 2002  1171.8  8.1  10.8  1.111  3.60  15.1 -99.9  0.437500
'Vlietpolder' 15 10 2002  3166.2  5.1  11.2  0.995  2.78  0.0 -99.9  0.000000
'Vlietpolder' 16 10 2002  3317.4  11.3  13.6  1.198  6.26  1.3 -99.9  0.062500
'Vlietpolder' 17 10 2002  7374.6  7.5  12.5  0.981  3.49  4.6 -99.9  0.187500
'Vlietpolder' 18 10 2002  3789.0  5.1  10.3  0.854  2.77  9.4 -99.9  0.229167
'Vlietpolder' 19 10 2002  5320.8  2.4  9.8  0.751  2.17  12.9 -99.9  0.291667
'Vlietpolder' 20 10 2002  5326.2  3.8  10.3  0.858  1.87  3.5 -99.9  0.229167
'Vlietpolder' 21 10 2002  2232.0  6.8  13.9  1.099  3.33  0.9 -99.9  0.083333
'Vlietpolder' 22 10 2002  2237.4  9.5  15.0  1.289  3.86  3.1 -99.9  0.166667
'Vlietpolder' 23 10 2002  3814.2  7.9  14.3  0.977  6.09  3.1 -99.9  0.187500
'Vlietpolder' 24 10 2002  7545.6  6.0  11.0  0.773  4.06  0.4 -99.9  0.041667
'Vlietpolder' 25 10 2002  2136.6  8.8  13.4  1.168  5.66  5.2 -99.9  0.166667
'Vlietpolder' 26 10 2002  3209.4  7.3  12.5  0.859  7.71  3.5 -99.9  0.145833
'Vlietpolder' 27 10 2002  2939.4  7.6  15.4  1.097  8.42  14.6 -99.9  0.500000
'Vlietpolder' 28 10 2002  7455.6  5.8  11.8  0.803  5.43  0.0 -99.9  0.000000
'Vlietpolder' 29 10 2002  2125.8  5.6  9.8  0.938  1.92  0.2 -99.9  0.020833
'Vlietpolder' 30 10 2002  6307.2  6.4  11.7  1.036  1.58  4.4 -99.9  0.187500
'Vlietpolder' 31 10 2002  6883.2  2.8  12.3  0.848  1.39  0.0 -99.9  0.000000
'Vlietpolder' 01 11 2002  1854.0  0.9  14.0  0.881  2.50  4.4 -99.9  0.125000
'Vlietpolder' 02 11 2002  5427.0  9.7  15.1  1.282  3.37  2.4 -99.9  0.104167
'Vlietpolder' 03 11 2002  5324.4  8.8  14.0  1.190  4.56  19.8 -99.9  0.375000
'Vlietpolder' 04 11 2002  4840.2  5.3  13.6  1.056  1.45  2.4 -99.9  0.125000
'Vlietpolder' 05 11 2002  4215.6  4.5  10.3  0.946  1.72  0.0 -99.9  0.000000
'Vlietpolder' 06 11 2002  4469.4  6.2  12.8  1.036  4.35  18.1 -99.9  0.270833
'Vlietpolder' 07 11 2002  4073.4  7.3  10.9  0.918  2.87  5.0 -99.9  0.166667
'Vlietpolder' 08 11 2002  1789.2  4.6  12.5  0.953  4.75  18.3 -99.9  0.375000
'Vlietpolder' 09 11 2002  4102.2  1.8  12.5  0.743  2.52  0.7 -99.9  0.041667
'Vlietpolder' 10 11 2002  2269.8  1.2  8.8  0.783  2.50  3.1 -99.9  0.166667
'Vlietpolder' 11 11 2002  4285.8  6.2  12.4  1.027  2.84  0.7 -99.9  0.062500
'Vlietpolder' 12 11 2002  2520.0  7.7  11.0  1.044  5.20  0.7 -99.9  0.062500
'Vlietpolder' 13 11 2002  1980.0  6.8  12.0  1.067  4.34  4.2 -99.9  0.270833
'Vlietpolder' 14 11 2002  3816.0  6.7  12.4  0.953  5.47  0.4 -99.9  0.041667
'Vlietpolder' 15 11 2002  3493.8  3.8  10.6  0.923  1.53  0.0 -99.9  0.000000
'Vlietpolder' 16 11 2002  2005.2  2.3  8.6  0.854  1.82  0.2 -99.9  0.020833
'Vlietpolder' 17 11 2002  2880.0  5.8  11.2  1.033  1.79  1.3 -99.9  0.041667
'Vlietpolder' 18 11 2002  2905.2  3.9  10.0  0.939  1.75  0.0 -99.9  0.000000
'Vlietpolder' 19 11 2002  1020.6  5.4  7.7  0.885  1.61  0.0 -99.9  0.000000
'Vlietpolder' 20 11 2002  3416.4  2.1  7.5  0.784  2.92  0.0 -99.9  0.000000
'Vlietpolder' 21 11 2002  883.8  5.8  11.5  0.967  4.13  3.9 -99.9  0.104167
'Vlietpolder' 22 11 2002  2399.4  5.4  10.4  0.961  2.69  0.0 -99.9  0.000000
'Vlietpolder' 23 11 2002  3999.6  2.2  9.6  0.827  2.52  2.6 -99.9  0.125000
'Vlietpolder' 24 11 2002  4296.6  3.3  11.1  0.901  2.34  2.4 -99.9  0.062500
'Vlietpolder' 25 11 2002  784.8  3.1  6.5  0.817  2.35  7.5 -99.9  0.312500
'Vlietpolder' 26 11 2002  2390.4  2.5  10.8  0.865  1.67  0.2 -99.9  0.020833
'Vlietpolder' 27 11 2002  3861.0  1.6  8.4  0.802  2.95  0.0 -99.9  0.000000
'Vlietpolder' 28 11 2002  1022.4  5.4  8.8  0.950  2.80  5.5 -99.9  0.229167
'Vlietpolder' 29 11 2002  1274.4  4.0  9.9  0.931  1.76  0.4 -99.9  0.041667
'Vlietpolder' 30 11 2002  1863.0  1.2  9.4  0.827  1.13  0.2 -99.9  0.020833
'Vlietpolder' 01 12 2002  1078.2  6.5  8.6  0.972  4.96  10.5 -99.9  0.291667
'Vlietpolder' 02 12 2002  1305.0  4.8  8.9  0.914  3.72  1.5 -99.9  0.083333
'Vlietpolder' 03 12 2002  2649.6  2.9  7.4  0.846  1.65  0.2 -99.9  0.020833
'Vlietpolder' 04 12 2002  1022.4  4.7  5.7  0.856  2.43  0.0 -99.9  0.000000
'Vlietpolder' 05 12 2002  2503.8  3.4  7.6  0.810  2.68  0.0 -99.9  0.000000
'Vlietpolder' 06 12 2002  399.6  1.1  5.1  0.642  5.17  0.0 -99.9  0.000000
'Vlietpolder' 07 12 2002  619.2 -1.6  1.6  0.525  4.96  0.0 -99.9  0.000000
'Vlietpolder' 08 12 2002  1665.0 -3.5 -0.8  0.411  5.14  0.0 -99.9  0.000000
'Vlietpolder' 09 12 2002  3776.4 -6.7 -2.2  0.319  5.43  0.0 -99.9  0.000000
'Vlietpolder' 10 12 2002  3592.8 -8.3 -3.0  0.305  5.23  0.0 -99.9  0.000000
'Vlietpolder' 11 12 2002  3598.2 -8.2 -2.3  0.294  5.32  0.0 -99.9  0.000000
'Vlietpolder' 12 12 2002  1459.8 -6.7  0.1  0.342  3.66  0.0 -99.9  0.000000
'Vlietpolder' 13 12 2002  1742.4 -3.5  0.9  0.455  2.41  0.0 -99.9  0.000000
'Vlietpolder' 14 12 2002  601.2 -1.0  1.3  0.566  3.05  0.0 -99.9  0.000000
'Vlietpolder' 15 12 2002  1180.8 -0.3  3.7  0.630  5.28  2.2 -99.9  0.187500
'Vlietpolder' 16 12 2002  3618.7  1.8  6.4  0.713  2.56  6.6 -99.9  0.257461
'Vlietpolder' 17 12 2002  2867.6  0.1  2.5  0.641  1.68  0.2 -99.9  0.020533
'Vlietpolder' 18 12 2002  1875.1 -4.6  4.1  0.469  0.25  0.0 -99.9  0.0
'Vlietpolder' 19 12 2002  2243.7 -0.8  4.6  0.605  2.01  0.2 -99.9  0.020533
'Vlietpolder' 20 12 2002  1834.2 -2.9  2.2  0.526  1.24  0.0 -99.9  0.0
'Vlietpolder' 21 12 2002  2826.5  2.5  3.5  0.746  1.35  0.2 -99.9  0.020533
'Vlietpolder' 22 12 2002  4247.6  2.8  9.7  0.765  4.43  23.7 -99.9  0.569480
'Vlietpolder' 23 12 2002  3758.5  2.7  7.1  0.760  3.00  0.0 -99.9  0.0 
'Vlietpolder' 24 12 2002  4312.1  7.3  10.5  1.024  3.00  3.6 -99.9  0.166546
'Vlietpolder' 25 12 2002  4251.2  8.1  10.7  1.077  2.45  3.2 -99.9  0.089218
'Vlietpolder' 26 12 2002  4083.3  9.0  10.8  1.141  4.21  8.4 -99.9  0.229559
'Vlietpolder' 27 12 2002  4596.9  9.0  11.6  1.141  3.77  11.6 -99.9  0.383388
'Vlietpolder' 28 12 2002  4146.4  8.4  10.2  1.098  2.89  3.6 -99.9  0.150379
'Vlietpolder' 29 12 2002  4247.6  6.9  9.7  0.998  3.11  15.5 -99.9  0.419058
'Vlietpolder' 30 12 2002  4596.9  2.7  11.6  0.760  5.09  0.0 -99.9  0.
'Vlietpolder' 31 12 2002  1648.9  0.0  2.2  0.636  4.76  3.6 -99.9  0.059441
