station DD MM YYYY RAD Tmin Tmax HUM WIND RAIN ETref WET
'Vlietpolder' 01 01 2001  536.4  0.6  7.3  0.721  5.63  8.1 -99.9  0.291667
'Vlietpolder' 02 01 2001  2228.4  5.3  10.3  0.905  5.94  0.2 -99.9  0.020833
'Vlietpolder' 03 01 2001  3274.2  4.3  9.7  0.853  5.27  1.5 -99.9  0.083333
'Vlietpolder' 04 01 2001  723.6  5.9  8.9  0.935  6.34  4.2 -99.9  0.187500
'Vlietpolder' 05 01 2001  306.0  6.4  10.1  1.007  5.96  15.0 -99.9  0.354167
'Vlietpolder' 06 01 2001  2788.2  4.2  7.7  0.849  3.31  2.6 -99.9  0.145833
'Vlietpolder' 07 01 2001  1524.6  3.6  7.5  0.820  3.72  0.0 -99.9  0.000000
'Vlietpolder' 08 01 2001  1137.6  1.0  6.4  0.737  3.00  1.3 -99.9  0.104167
'Vlietpolder' 09 01 2001  2523.6  1.1  6.5  0.750  1.78  0.0 -99.9  0.000000
'Vlietpolder' 10 01 2001  1902.6  1.4  4.2  0.699  3.65  0.0 -99.9  0.000000
'Vlietpolder' 11 01 2001  4732.2 -0.5  3.0  0.544  5.42  0.0 -99.9  0.000000
'Vlietpolder' 12 01 2001  1935.0 -2.0  4.6  0.567  1.72  0.0 -99.9  0.000000
'Vlietpolder' 13 01 2001  5824.8 -2.3  1.9  0.530  3.10  0.4 -99.9  0.041667
'Vlietpolder' 14 01 2001  1711.8 -2.9  2.2  0.533  3.80  0.2 -99.9  0.020833
'Vlietpolder' 15 01 2001  5416.2 -3.9  1.2  0.476  3.83  0.0 -99.9  0.000000
'Vlietpolder' 16 01 2001  6775.2 -5.4  1.6  0.441  1.86  0.2 -99.9  0.020833
'Vlietpolder' 17 01 2001  5823.0 -6.5 -0.3  0.413  0.84  0.0 -99.9  0.000000
'Vlietpolder' 18 01 2001  892.8 -7.3 -1.4  0.408  1.09  0.0 -99.9  0.000000
'Vlietpolder' 19 01 2001  1818.0 -2.9 -0.1  0.536  0.92  0.4 -99.9  0.041667
'Vlietpolder' 20 01 2001  1215.0 -2.0  0.9  0.572  1.67  0.9 -99.9  0.041667
'Vlietpolder' 21 01 2001  3506.4 -1.7  0.7  0.549  3.58  1.7 -99.9  0.062500
'Vlietpolder' 22 01 2001  1503.0  0.3  5.1  0.721  3.54  4.0 -99.9  0.312500
'Vlietpolder' 23 01 2001  2017.8  3.1  9.4  0.886  4.37  4.2 -99.9  0.250000
'Vlietpolder' 24 01 2001  3675.6  4.3  11.4  0.887  6.70  5.5 -99.9  0.104167
'Vlietpolder' 25 01 2001  1668.6  2.9  7.5  0.810  3.33  0.7 -99.9  0.041667
'Vlietpolder' 26 01 2001  1648.8  3.0  6.0  0.758  4.29  0.7 -99.9  0.041667
'Vlietpolder' 27 01 2001  2059.2  3.0  5.7  0.760  4.22  9.6 -99.9  0.458333
'Vlietpolder' 28 01 2001  3735.0  0.1  7.1  0.695  2.57  0.2 -99.9  0.020833
'Vlietpolder' 29 01 2001  4746.6  0.4  6.8  0.684  0.69  0.0 -99.9  0.000000
'Vlietpolder' 30 01 2001  3760.2 -0.6  5.5  0.665  1.22  1.3 -99.9  0.104167
'Vlietpolder' 31 01 2001  2854.8 -0.4  3.3  0.658  1.71  0.0 -99.9  0.000000
'Vlietpolder' 01 02 2001  4305.6 -1.5  6.5  0.670  1.49  1.1 -99.9  0.062500
'Vlietpolder' 02 02 2001  1101.6 -1.0  1.0  0.596  2.36  1.5 -99.9  0.125000
'Vlietpolder' 03 02 2001  2044.8 -0.1  4.8  0.712  2.61  12.0 -99.9  0.520833
'Vlietpolder' 04 02 2001  1017.0 -0.9  9.0  0.749  1.83  28.1 -99.9  0.604167
'Vlietpolder' 05 02 2001  2352.6  7.7  9.8  1.024  6.91  6.6 -99.9  0.333333
'Vlietpolder' 06 02 2001  2593.8  8.6  12.5  1.086  6.92  5.0 -99.9  0.145833
'Vlietpolder' 07 02 2001  4543.2  7.9  11.5  1.026  5.34  1.5 -99.9  0.041667
'Vlietpolder' 08 02 2001  1782.0  3.4  10.6  0.874  5.38  20.1 -99.9  0.520833
'Vlietpolder' 09 02 2001  5405.4  0.3  6.6  0.601  1.72  0.2 -99.9  0.020833
'Vlietpolder' 10 02 2001  7342.2 -1.8  6.5  0.607  2.56  1.1 -99.9  0.041667
'Vlietpolder' 11 02 2001  2412.0  4.9  12.5  0.967  6.85  0.0 -99.9  0.000000
'Vlietpolder' 12 02 2001  1753.2  6.8  12.3  1.042  5.22  3.1 -99.9  0.145833
'Vlietpolder' 13 02 2001  8406.0  2.7  9.2  0.797  3.47  0.0 -99.9  0.000000
'Vlietpolder' 14 02 2001  5155.2  0.6  6.7  0.749  1.71  0.4 -99.9  0.041667
'Vlietpolder' 15 02 2001  8740.8 -0.1  11.9  0.773  0.65  0.0 -99.9  0.000000
'Vlietpolder' 16 02 2001  1382.4 -0.6  5.4  0.693  1.77  0.4 -99.9  0.041667
'Vlietpolder' 17 02 2001  2478.6  3.8  5.4  0.720  3.55  0.0 -99.9  0.000000
'Vlietpolder' 18 02 2001  5850.0 -0.4  8.9  0.687  1.46  0.0 -99.9  0.000000
'Vlietpolder' 19 02 2001  3859.2  4.2  6.5  0.808  3.38  0.0 -99.9  0.000000
'Vlietpolder' 20 02 2001  5691.6  3.0  8.0  0.803  2.95  0.0 -99.9  0.000000
'Vlietpolder' 21 02 2001  3315.6  4.6  8.9  0.922  3.73  3.7 -99.9  0.208333
'Vlietpolder' 22 02 2001  5790.6  4.1  7.3  0.807  4.32  0.0 -99.9  0.000000
'Vlietpolder' 23 02 2001  8620.2  0.5  5.7  0.629  2.92  2.0 -99.9  0.104167
'Vlietpolder' 24 02 2001  12335.4 -2.5  3.1  0.505  2.92  6.3 -99.9  0.166667
'Vlietpolder' 25 02 2001  7236.0 -1.5  4.6  0.583  3.34  3.1 -99.9  0.104167
'Vlietpolder' 26 02 2001  8418.6  0.3  4.1  0.638  2.80  7.4 -99.9  0.250000
'Vlietpolder' 27 02 2001  5986.8  0.5  4.4  0.565  4.70  0.0 -99.9  0.000000
'Vlietpolder' 28 02 2001  3715.2  0.8  5.3  0.663  1.70  1.3 -99.9  0.062500
'Vlietpolder' 01 03 2001  1233.0  1.3  2.4  0.656  2.15  0.4 -99.9  0.041667
'Vlietpolder' 02 03 2001  7428.6 -2.8  3.6  0.543  2.72  0.0 -99.9  0.000000
'Vlietpolder' 03 03 2001  5040.8 -2.5  1.1  0.540  3.33  0.0 -99.9  0.000000
'Vlietpolder' 04 03 2001  3147.1 -0.5  3.9  0.617  3.11  0.0 -99.9  0.000000
'Vlietpolder' 05 03 2001  4831.9 -0.6  4.8  0.613  2.23  0.0 -99.9  0.000000
'Vlietpolder' 06 03 2001  12173.9 -1.1  9.0  0.590  4.54  0.0 -99.9  0.000000
'Vlietpolder' 07 03 2001  6849.7  4.6  13.1  0.857  3.66  4.6 -99.9  0.125000
'Vlietpolder' 08 03 2001  4387.3  7.1  10.5  1.011  3.77  0.8 -99.9  0.062500
'Vlietpolder' 09 03 2001  4553.0  8.1  10.8  1.077  4.76  0.4 -99.9  0.041667
'Vlietpolder' 10 03 2001  4544.5  9.4  11.3  1.177  4.21  4.6 -99.9  0.166667
'Vlietpolder' 11 03 2001  4806.5  9.5  12.7  1.185  4.65  5.5 -99.9  0.166667
'Vlietpolder' 12 03 2001  11031.9  5.3  11.3  0.896  5.09  1.9 -99.9  0.104167
'Vlietpolder' 13 03 2001  5208.0  4.6  8.2  0.857  5.42  7.6 -99.9  0.208333
'Vlietpolder' 14 03 2001  7841.1  1.0  9.8  0.678  3.99  0.0 -99.9  0.000000
'Vlietpolder' 15 03 2001  7661.8  0.4  11.4  0.653  1.13  0.0 -99.9  0.000000
'Vlietpolder' 16 03 2001  4636.4  5.9  9.3  0.937  3.11  0.4 -99.9  0.041667
'Vlietpolder' 17 03 2001  3391.7  3.1  5.2  0.780  4.32  0.8 -99.9  0.062500
'Vlietpolder' 18 03 2001  3286.9  2.6  4.7  0.755  2.23  4.0 -99.9  0.250000
'Vlietpolder' 19 03 2001  7483.3 -1.7  5.7  0.568  4.32  5.3 -99.9  0.291667
'Vlietpolder' 20 03 2001  8763.0 -2.8  7.1  0.530  3.11  0.0 -99.9  0.000000
'Vlietpolder' 21 03 2001  2815.2  0.9  2.2  0.674  4.76  3.8 -99.9  0.270833
'Vlietpolder' 22 03 2001  3304.3  1.4  4.8  0.696  1.90  1.3 -99.9  0.125000
'Vlietpolder' 23 03 2001  1317.6  4.4  8.6  0.935  3.22  15.9 -99.9  0.416667
'Vlietpolder' 24 03 2001  10773.0  3.3  10.3  0.910  3.19  0.7 -99.9  0.062500
'Vlietpolder' 25 03 2001  3306.6  2.4  4.0  0.677  5.84  0.0 -99.9  0.000000
'Vlietpolder' 26 03 2001  7549.2  1.6  5.0  0.614  3.07  0.0 -99.9  0.000000
'Vlietpolder' 27 03 2001  7210.8  1.8  6.0  0.640  4.70  0.0 -99.9  0.000000
'Vlietpolder' 28 03 2001  7430.4  2.9  11.2  0.822  5.76  7.4 -99.9  0.187500
'Vlietpolder' 29 03 2001  7763.4  5.0  9.5  0.908  2.76  0.4 -99.9  0.041667
'Vlietpolder' 30 03 2001  8874.0  1.6  9.8  0.804  2.34  0.0 -99.9  0.000000
'Vlietpolder' 31 03 2001  7200.0  1.6  12.3  0.801  4.29  0.2 -99.9  0.020833
'Vlietpolder' 01 04 2001  7286.4  8.8  13.4  1.193  3.02  0.4 -99.9  0.020833
'Vlietpolder' 02 04 2001  18207.0  6.6  21.2  1.098  2.44  0.0 -99.9  0.000000
'Vlietpolder' 03 04 2001  15710.4  8.6  15.0  1.059  4.71  0.0 -99.9  0.000000
'Vlietpolder' 04 04 2001  6633.0  6.1  10.7  0.915  5.98  4.8 -99.9  0.229167
'Vlietpolder' 05 04 2001  10351.8  6.0  10.4  0.874  6.48  7.9 -99.9  0.270833
'Vlietpolder' 06 04 2001  10434.6  7.6  13.0  1.073  6.93  11.4 -99.9  0.270833
'Vlietpolder' 07 04 2001  12137.4  6.0  11.3  0.930  4.68  2.6 -99.9  0.125000
'Vlietpolder' 08 04 2001  9718.2  4.0  8.7  0.822  2.54  1.8 -99.9  0.104167
'Vlietpolder' 09 04 2001  4874.4  4.5  9.8  0.898  2.74  0.0 -99.9  0.000000
'Vlietpolder' 10 04 2001  10758.6  5.5  10.8  0.970  3.71  4.4 -99.9  0.145833
'Vlietpolder' 11 04 2001  13959.0  6.7  11.1  0.932  4.34  2.0 -99.9  0.083333
'Vlietpolder' 12 04 2001  13343.4  2.8  8.2  0.691  2.92  0.0 -99.9  0.000000
'Vlietpolder' 13 04 2001  8757.0  0.3  7.1  0.507  3.04  0.0 -99.9  0.000000
'Vlietpolder' 14 04 2001  7768.8 -2.9  7.1  0.540  3.15  8.9 -99.9  0.333333
'Vlietpolder' 15 04 2001  8229.6  6.1  9.1  0.928  5.42  3.3 -99.9  0.229167
'Vlietpolder' 16 04 2001  11970.0  5.7  8.9  0.866  4.18  1.3 -99.9  0.104167
'Vlietpolder' 17 04 2001  10715.4  4.1  7.8  0.717  3.49  0.9 -99.9  0.041667
'Vlietpolder' 18 04 2001  16063.2  2.8  7.5  0.704  4.76  9.8 -99.9  0.375000
'Vlietpolder' 19 04 2001  18108.0  2.4  7.5  0.691  4.17  5.0 -99.9  0.229167
'Vlietpolder' 20 04 2001  10029.6  0.4  6.7  0.686  1.77  5.5 -99.9  0.187500
'Vlietpolder' 21 04 2001  19656.0  0.9  10.3  0.710  2.65  0.2 -99.9  0.020833
'Vlietpolder' 22 04 2001  20941.2 -0.3  11.4  0.634  1.18  0.2 -99.9  0.020833
'Vlietpolder' 23 04 2001  13255.2  2.5  12.7  0.678  1.44  0.0 -99.9  0.000000
'Vlietpolder' 24 04 2001  11478.6  4.0  14.2  0.838  2.91  1.3 -99.9  0.062500
'Vlietpolder' 25 04 2001  10513.8  4.3  14.2  0.983  2.51  11.1 -99.9  0.250000
'Vlietpolder' 26 04 2001  14810.4  8.3  13.0  1.068  5.32  5.7 -99.9  0.166667
'Vlietpolder' 27 04 2001  12722.4  8.5  13.1  1.086  2.71  1.1 -99.9  0.083333
'Vlietpolder' 28 04 2001  14445.0  7.1  13.0  1.016  4.66  3.7 -99.9  0.083333
'Vlietpolder' 29 04 2001  19319.4  4.1  16.0  0.882  2.77  0.0 -99.9  0.000000
'Vlietpolder' 30 04 2001  14446.8  7.5  15.5  1.128  2.27  1.1 -99.9  0.083333
'Vlietpolder' 01 05 2001  10197.0  8.5  12.1  1.022  5.25  0.0 -99.9  0.000000
'Vlietpolder' 02 05 2001  20017.8  7.3  18.2  1.036  4.18  0.0 -99.9  0.000000
'Vlietpolder' 03 05 2001  10211.4  7.4  17.2  1.180  2.20  3.7 -99.9  0.145833
'Vlietpolder' 04 05 2001  6924.6  6.2  9.5  0.907  3.19  5.5 -99.9  0.354167
'Vlietpolder' 05 05 2001  17910.0  3.3  10.2  0.736  4.24  0.0 -99.9  0.000000
'Vlietpolder' 06 05 2001  19620.0  5.6  13.5  0.879  4.18  0.0 -99.9  0.000000
'Vlietpolder' 07 05 2001  26215.2  5.8  14.7  0.886  3.82  0.0 -99.9  0.000000
'Vlietpolder' 08 05 2001  20629.8  6.1  14.6  0.949  2.70  0.0 -99.9  0.000000
'Vlietpolder' 09 05 2001  23562.0  8.0  21.0  1.173  3.03  0.0 -99.9  0.000000
'Vlietpolder' 10 05 2001  24850.8  11.8  24.4  1.236  2.83  0.0 -99.9  0.000000
'Vlietpolder' 11 05 2001  25752.6  12.1  23.8  1.202  2.50  0.0 -99.9  0.000000
'Vlietpolder' 12 05 2001  24102.0  10.1  23.3  1.222  2.31  0.0 -99.9  0.000000
'Vlietpolder' 13 05 2001  24422.4  11.3  23.9  1.156  2.26  0.0 -99.9  0.000000
'Vlietpolder' 14 05 2001  11761.2  11.2  18.3  1.455  2.28  4.0 -99.9  0.166667
'Vlietpolder' 15 05 2001  18030.6  9.9  17.0  1.269  2.84  2.1 -99.9  0.104167
'Vlietpolder' 16 05 2001  13512.6  12.0  16.2  1.357  4.28  12.4 -99.9  0.333333
'Vlietpolder' 17 05 2001  15643.8  8.6  14.7  1.047  6.10  3.7 -99.9  0.062500
'Vlietpolder' 18 05 2001  13264.2  9.9  13.0  1.181  4.41  1.3 -99.9  0.062500
'Vlietpolder' 19 05 2001  27061.2  8.0  14.1  1.074  2.67  0.4 -99.9  0.041667
'Vlietpolder' 20 05 2001  18770.4  4.7  15.7  0.931  1.49  0.0 -99.9  0.000000
'Vlietpolder' 21 05 2001  26492.4  6.9  16.0  0.997  3.14  0.0 -99.9  0.000000
'Vlietpolder' 22 05 2001  27351.0  8.4  18.7  1.037  3.31  0.0 -99.9  0.000000
'Vlietpolder' 23 05 2001  27381.6  9.9  22.0  1.109  3.29  0.0 -99.9  0.000000
'Vlietpolder' 24 05 2001  27012.6  10.4  20.7  1.217  3.34  0.0 -99.9  0.000000
'Vlietpolder' 25 05 2001  28522.8  9.0  20.9  0.981  2.79  0.0 -99.9  0.000000
'Vlietpolder' 26 05 2001  21533.4  10.4  21.2  1.147  2.03  0.0 -99.9  0.000000
'Vlietpolder' 27 05 2001  10054.8  11.9  16.9  1.443  3.88  0.0 -99.9  0.000000
'Vlietpolder' 28 05 2001  15919.2  15.6  20.0  1.765  5.03  1.3 -99.9  0.041667
'Vlietpolder' 29 05 2001  28330.2  13.9  18.6  1.396  4.74  0.0 -99.9  0.000000
'Vlietpolder' 30 05 2001  24219.0  9.3  21.5  1.181  1.56  0.0 -99.9  0.000000
'Vlietpolder' 31 05 2001  19330.2  9.6  14.7  1.182  3.78  1.8 -99.9  0.062500
'Vlietpolder' 01 06 2001  14360.4  10.2  15.7  1.218  3.16  3.9 -99.9  0.125000
'Vlietpolder' 02 06 2001  9379.8  9.0  13.4  1.161  5.14  13.3 -99.9  0.479167
'Vlietpolder' 03 06 2001  19222.2  8.3  12.3  0.884  5.94  1.8 -99.9  0.125000
'Vlietpolder' 04 06 2001  17649.0  8.4  15.4  1.059  3.30  0.0 -99.9  0.000000
'Vlietpolder' 05 06 2001  22386.6  11.8  19.5  1.193  2.21  0.0 -99.9  0.000000
'Vlietpolder' 06 06 2001  22510.8  12.6  19.2  1.361  3.66  0.9 -99.9  0.083333
'Vlietpolder' 07 06 2001  24741.0  11.8  15.2  1.091  6.13  0.7 -99.9  0.062500
'Vlietpolder' 08 06 2001  27072.0  6.5  14.4  0.898  2.64  0.0 -99.9  0.000000
'Vlietpolder' 09 06 2001  20422.8  4.1  15.7  0.772  1.09  0.0 -99.9  0.000000
'Vlietpolder' 10 06 2001  14623.2  8.6  17.0  1.063  1.41  1.5 -99.9  0.083333
'Vlietpolder' 11 06 2001  24433.2  9.0  14.7  1.031  3.21  0.0 -99.9  0.000000
'Vlietpolder' 12 06 2001  20275.2  11.0  16.2  1.116  2.17  0.0 -99.9  0.000000
'Vlietpolder' 13 06 2001  20228.4  5.4  17.7  0.994  1.33  0.0 -99.9  0.000000
'Vlietpolder' 14 06 2001  26566.2  8.5  20.1  1.078  1.96  0.0 -99.9  0.000000
'Vlietpolder' 15 06 2001  20107.8  13.7  20.4  1.429  2.58  9.4 -99.9  0.208333
'Vlietpolder' 16 06 2001  14475.6  11.5  19.3  1.480  2.11  14.4 -99.9  0.166667
'Vlietpolder' 17 06 2001  15415.2  13.4  18.2  1.612  2.37  10.3 -99.9  0.104167
'Vlietpolder' 18 06 2001  9583.2  11.5  14.4  1.194  3.38  0.0 -99.9  0.000000
'Vlietpolder' 19 06 2001  24557.4  6.1  18.8  0.943  1.49  0.0 -99.9  0.000000
'Vlietpolder' 20 06 2001  24030.0  9.6  21.9  1.211  2.84  0.0 -99.9  0.000000
'Vlietpolder' 21 06 2001  20631.6  12.0  16.7  1.266  2.93  0.0 -99.9  0.000000
'Vlietpolder' 22 06 2001  15247.8  10.8  15.9  1.192  3.57  0.0 -99.9  0.000000
'Vlietpolder' 23 06 2001  19215.0  12.5  19.4  1.281  1.15  0.0 -99.9  0.000000
'Vlietpolder' 24 06 2001  23547.6  11.0  23.8  1.328  1.42  0.0 -99.9  0.000000
'Vlietpolder' 25 06 2001  28362.6  12.7  23.4  1.388  2.58  0.0 -99.9  0.000000
'Vlietpolder' 26 06 2001  26623.8  12.6  27.1  1.391  2.71  0.2 -99.9  0.020833
'Vlietpolder' 27 06 2001  10983.6  16.1  20.5  1.690  3.85  3.3 -99.9  0.062500
'Vlietpolder' 28 06 2001  22669.2  14.0  21.3  1.553  3.95  0.0 -99.9  0.000000
'Vlietpolder' 29 06 2001  21258.0  15.4  24.0  1.697  3.47  0.0 -99.9  0.000000
'Vlietpolder' 30 06 2001  21180.6  16.2  21.4  1.730  3.19  5.7 -99.9  0.083333
'Vlietpolder' 01 07 2001  28488.6  14.9  20.0  1.585  2.90  0.0 -99.9  0.000000
'Vlietpolder' 02 07 2001  10162.8  12.0  21.7  1.388  0.89  0.0 -99.9  0.000000
'Vlietpolder' 03 07 2001  27275.4  14.8  25.1  1.660  2.89  0.0 -99.9  0.000000
'Vlietpolder' 04 07 2001  28479.6  15.9  27.2  1.358  4.07  0.0 -99.9  0.000000
'Vlietpolder' 05 07 2001  26746.2  17.1  30.1  1.697  3.04  0.0 -99.9  0.000000
'Vlietpolder' 06 07 2001  16504.2  19.1  25.5  2.140  2.11  0.0 -99.9  0.000000
'Vlietpolder' 07 07 2001  11235.6  18.0  22.7  2.130  2.00  9.8 -99.9  0.270833
'Vlietpolder' 08 07 2001  4465.8  17.1  18.9  1.959  3.31  7.6 -99.9  0.208333
'Vlietpolder' 09 07 2001  19463.4  15.5  19.1  1.613  3.10  0.0 -99.9  0.000000
'Vlietpolder' 10 07 2001  12756.6  14.7  22.0  1.709  3.94  7.1 -99.9  0.083333
'Vlietpolder' 11 07 2001  13618.8  14.7  18.3  1.420  7.93  9.9 -99.9  0.166667
'Vlietpolder' 12 07 2001  19027.8  13.9  18.5  1.355  5.58  5.5 -99.9  0.145833
'Vlietpolder' 13 07 2001  18250.2  12.4  18.9  1.401  3.85  2.5 -99.9  0.145833
'Vlietpolder' 14 07 2001  9072.0  10.7  16.7  1.329  1.67  0.6 -99.9  0.062500
'Vlietpolder' 15 07 2001  19499.4  8.6  18.9  1.163  2.06  6.3 -99.9  0.062500
'Vlietpolder' 16 07 2001  24921.0  8.6  19.3  1.096  1.38  0.0 -99.9  0.000000
'Vlietpolder' 17 07 2001  20698.2  10.7  21.7  1.301  2.89  0.2 -99.9  0.020833
'Vlietpolder' 18 07 2001  12672.0  14.7  18.6  1.632  4.74  26.3 -99.9  0.333333
'Vlietpolder' 19 07 2001  16459.2  13.1  18.9  1.559  3.18  0.4 -99.9  0.041667
'Vlietpolder' 20 07 2001  10978.2  10.5  16.9  1.324  3.04  8.0 -99.9  0.062500
'Vlietpolder' 21 07 2001  6411.6  10.2  18.3  1.424  3.40  0.8 -99.9  0.062500
'Vlietpolder' 22 07 2001  23729.4  14.4  22.0  1.671  2.53  1.7 -99.9  0.041667
'Vlietpolder' 23 07 2001  13653.0  15.0  22.4  1.819  1.31  0.2 -99.9  0.020833
'Vlietpolder' 24 07 2001  25938.0  14.5  23.3  1.717  1.55  0.2 -99.9  0.020833
'Vlietpolder' 25 07 2001  22156.2  13.9  24.1  1.689  1.39  0.0 -99.9  0.000000
'Vlietpolder' 26 07 2001  22919.4  15.8  27.0  1.775  1.45  0.2 -99.9  0.020833
'Vlietpolder' 27 07 2001  13469.4  17.1  26.6  2.046  2.02  1.3 -99.9  0.083333
'Vlietpolder' 28 07 2001  24631.2  16.5  23.7  1.920  2.15  1.5 -99.9  0.062500
'Vlietpolder' 29 07 2001  22618.8  13.7  25.8  1.680  1.62  0.0 -99.9  0.000000
'Vlietpolder' 30 07 2001  24031.8  16.9  24.4  1.804  1.92  0.0 -99.9  0.000000
'Vlietpolder' 31 07 2001  19062.0  16.5  22.4  1.904  3.00  0.0 -99.9  0.000000
'Vlietpolder' 01 08 2001  23245.2  13.4  21.1  1.376  1.91  0.0 -99.9  0.000000
'Vlietpolder' 02 08 2001  16790.4  12.8  25.6  1.571  2.49  1.3 -99.9  0.041667
'Vlietpolder' 03 08 2001  15690.6  15.3  20.9  1.725  4.05  0.4 -99.9  0.020833
'Vlietpolder' 04 08 2001  23634.0  14.4  20.1  1.506  3.69  0.8 -99.9  0.041667
'Vlietpolder' 05 08 2001  16831.8  12.7  18.7  1.467  3.60  15.8 -99.9  0.312500
'Vlietpolder' 06 08 2001  10117.8  12.2  20.1  1.568  3.72  0.8 -99.9  0.062500
'Vlietpolder' 07 08 2001  11644.2  16.6  20.6  1.886  4.15  19.1 -99.9  0.312500
'Vlietpolder' 08 08 2001  13429.8  15.1  19.1  1.642  6.34  19.5 -99.9  0.375000
'Vlietpolder' 09 08 2001  11365.2  12.5  18.9  1.556  1.99  10.7 -99.9  0.291667
'Vlietpolder' 10 08 2001  16628.4  12.5  17.9  1.412  2.61  8.0 -99.9  0.229167
'Vlietpolder' 11 08 2001  20980.8  9.7  19.6  1.237  3.09  0.0 -99.9  0.000000
'Vlietpolder' 12 08 2001  5443.2  14.4  18.6  1.553  4.70  13.7 -99.9  0.375000
'Vlietpolder' 13 08 2001  5434.2  17.4  19.7  1.930  4.73  0.6 -99.9  0.062500
'Vlietpolder' 14 08 2001  19308.6  15.7  26.6  1.950  1.94  0.0 -99.9  0.000000
'Vlietpolder' 15 08 2001  19186.2  17.5  30.9  2.091  1.77  0.0 -99.9  0.000000
'Vlietpolder' 16 08 2001  17659.8  14.4  21.0  1.613  4.08  0.0 -99.9  0.000000
'Vlietpolder' 17 08 2001  19306.8  11.6  21.7  1.467  1.85  0.0 -99.9  0.000000
'Vlietpolder' 18 08 2001  15066.0  14.9  24.1  1.790  2.75  11.1 -99.9  0.062500
'Vlietpolder' 19 08 2001  14050.8  17.2  22.5  1.925  4.04  5.9 -99.9  0.083333
'Vlietpolder' 20 08 2001  15278.4  13.8  21.1  1.685  2.76  0.9 -99.9  0.041667
'Vlietpolder' 21 08 2001  16432.2  10.0  23.9  1.488  1.39  0.0 -99.9  0.000000
'Vlietpolder' 22 08 2001  15399.0  16.9  26.1  1.900  1.40  0.0 -99.9  0.000000
'Vlietpolder' 23 08 2001  14583.6  17.7  26.4  2.084  1.56  0.0 -99.9  0.000000
'Vlietpolder' 24 08 2001  16900.2  19.3  28.8  2.202  1.25  0.0 -99.9  0.000000
'Vlietpolder' 25 08 2001  18567.0  16.8  30.9  2.029  1.43  0.0 -99.9  0.000000
'Vlietpolder' 26 08 2001  12654.0  18.6  25.8  2.192  2.35  16.4 -99.9  0.125000
'Vlietpolder' 27 08 2001  19983.6  14.0  19.8  1.464  2.65  0.9 -99.9  0.062500
'Vlietpolder' 28 08 2001  17820.0  9.3  19.6  1.214  1.49  0.0 -99.9  0.000000
'Vlietpolder' 29 08 2001  17638.2  9.4  20.4  1.285  1.80  0.0 -99.9  0.000000
'Vlietpolder' 30 08 2001  8006.4  12.8  19.4  1.485  1.69  3.0 -99.9  0.020833
'Vlietpolder' 31 08 2001  8526.6  13.6  18.9  1.626  1.78  8.5 -99.9  0.125000
'Vlietpolder' 01 09 2001  16765.2  11.1  18.4  1.320  2.47  0.9 -99.9  0.062500
'Vlietpolder' 02 09 2001  4325.4  10.8  18.7  1.506  2.92  0.7 -99.9  0.062500
'Vlietpolder' 03 09 2001  7806.6  13.4  18.1  1.575  2.74  17.3 -99.9  0.354167
'Vlietpolder' 04 09 2001  9376.2  11.1  16.1  1.343  4.32  33.4 -99.9  0.604167
'Vlietpolder' 05 09 2001  9385.2  13.2  16.6  1.315  3.77  8.5 -99.9  0.104167
'Vlietpolder' 06 09 2001  13390.2  13.5  19.7  1.641  2.30  1.5 -99.9  0.125000
'Vlietpolder' 07 09 2001  6231.6  13.9  17.7  1.463  4.20  2.0 -99.9  0.145833
'Vlietpolder' 08 09 2001  14441.4  11.0  17.8  1.180  7.15  4.6 -99.9  0.250000
'Vlietpolder' 09 09 2001  9516.6  10.3  16.1  1.126  6.00  9.4 -99.9  0.416667
'Vlietpolder' 10 09 2001  12486.6  12.5  15.5  1.244  6.15  2.9 -99.9  0.166667
'Vlietpolder' 11 09 2001  14864.4  12.4  16.8  1.230  5.24  2.0 -99.9  0.125000
'Vlietpolder' 12 09 2001  7547.4  13.8  18.0  1.478  3.93  2.6 -99.9  0.145833
'Vlietpolder' 13 09 2001  10355.4  9.9  16.3  1.219  3.92  21.1 -99.9  0.270833
'Vlietpolder' 14 09 2001  11282.4  6.5  16.8  1.132  2.04  2.0 -99.9  0.062500
'Vlietpolder' 15 09 2001  10533.6  10.3  15.4  1.228  4.08  12.4 -99.9  0.166667
'Vlietpolder' 16 09 2001  8994.6  8.3  14.2  1.131  2.33  18.5 -99.9  0.479167
'Vlietpolder' 17 09 2001  8267.4  7.8  16.0  1.185  2.20  15.5 -99.9  0.458333
'Vlietpolder' 18 09 2001  7898.4  8.7  13.8  1.181  1.94  0.9 -99.9  0.041667
'Vlietpolder' 19 09 2001  1279.8  10.3  12.4  1.256  5.24  49.3 -99.9  0.687500
'Vlietpolder' 20 09 2001  9570.6  10.9  16.4  1.373  2.87  2.6 -99.9  0.083333
'Vlietpolder' 21 09 2001  12889.8  10.9  16.6  1.267  2.63  12.9 -99.9  0.208333
'Vlietpolder' 22 09 2001  10686.6  9.4  15.8  1.192  2.89  2.2 -99.9  0.104167
'Vlietpolder' 23 09 2001  14767.2  10.5  16.0  1.295  2.73  2.6 -99.9  0.104167
'Vlietpolder' 24 09 2001  6908.4  11.0  15.4  1.370  2.45  12.9 -99.9  0.312500
'Vlietpolder' 25 09 2001  7281.0  6.5  16.4  1.201  0.89  8.9 -99.9  0.229167
'Vlietpolder' 26 09 2001  10659.6  6.6  16.6  1.184  1.49  0.4 -99.9  0.041667
'Vlietpolder' 27 09 2001  7632.0  12.1  17.7  1.526  3.01  8.3 -99.9  0.229167
'Vlietpolder' 28 09 2001  12661.2  12.2  20.6  1.534  2.48  0.0 -99.9  0.000000
'Vlietpolder' 29 09 2001  7894.8  11.5  17.9  1.486  1.83  5.2 -99.9  0.208333
'Vlietpolder' 30 09 2001  9784.8  13.7  18.9  1.647  3.56  3.7 -99.9  0.208333
'Vlietpolder' 01 10 2001  4489.2  15.4  17.9  1.608  7.36  1.5 -99.9  0.104167
'Vlietpolder' 02 10 2001  2235.6  14.0  19.9  1.696  5.44  9.8 -99.9  0.270833
'Vlietpolder' 03 10 2001  9390.6  13.8  17.5  1.530  4.52  0.2 -99.9  0.020833
'Vlietpolder' 04 10 2001  7081.2  10.8  16.9  1.363  3.74  0.2 -99.9  0.020833
'Vlietpolder' 05 10 2001  11115.0  10.7  18.4  1.378  2.79  0.0 -99.9  0.000000
'Vlietpolder' 06 10 2001  8168.4  11.3  18.6  1.480  3.42  4.1 -99.9  0.125000
'Vlietpolder' 07 10 2001  8328.6  12.2  17.4  1.428  4.51  0.2 -99.9  0.020833
'Vlietpolder' 08 10 2001  8076.6  12.8  16.8  1.290  7.42  2.2 -99.9  0.062500
'Vlietpolder' 09 10 2001  6575.4  12.6  16.0  1.359  6.49  3.5 -99.9  0.104167
'Vlietpolder' 10 10 2001  8296.2  11.2  16.1  1.307  4.99  0.2 -99.9  0.020833
'Vlietpolder' 11 10 2001  2595.6  12.8  16.4  1.533  4.55  2.2 -99.9  0.208333
'Vlietpolder' 12 10 2001  9529.2  8.2  19.8  1.308  1.75  3.1 -99.9  0.041667
'Vlietpolder' 13 10 2001  8384.4  11.6  23.0  1.653  1.31  10.7 -99.9  0.125000
'Vlietpolder' 14 10 2001  4501.8  13.0  18.6  1.621  2.67  0.2 -99.9  0.020833
'Vlietpolder' 15 10 2001  7853.4  13.1  20.7  1.634  3.27  1.3 -99.9  0.083333
'Vlietpolder' 16 10 2001  8571.6  8.2  16.7  1.132  1.67  0.2 -99.9  0.020833
'Vlietpolder' 17 10 2001  8150.4  9.2  19.1  1.322  2.42  0.0 -99.9  0.000000
'Vlietpolder' 18 10 2001  5446.8  11.4  18.3  1.514  2.15  5.2 -99.9  0.125000
'Vlietpolder' 19 10 2001  4608.0  12.6  18.2  1.630  1.89  0.2 -99.9  0.020833
'Vlietpolder' 20 10 2001  6487.2  12.8  20.3  1.526  3.05  1.5 -99.9  0.125000
'Vlietpolder' 21 10 2001  3578.4  12.2  15.4  1.386  3.27  0.2 -99.9  0.020833
'Vlietpolder' 22 10 2001  1492.2  8.6  14.5  1.182  3.96  0.4 -99.9  0.041667
'Vlietpolder' 23 10 2001  1249.2  9.2  13.9  1.291  2.67  9.8 -99.9  0.270833
'Vlietpolder' 24 10 2001  4851.0  9.1  13.8  1.273  2.65  3.3 -99.9  0.083333
'Vlietpolder' 25 10 2001  5585.4  8.9  16.2  1.292  2.57  0.4 -99.9  0.041667
'Vlietpolder' 26 10 2001  6361.2  10.2  15.9  1.318  4.08  0.0 -99.9  0.000000
'Vlietpolder' 27 10 2001  5295.6  11.1  15.7  1.373  3.58  4.1 -99.9  0.145833
'Vlietpolder' 28 10 2001  6004.8  7.1  15.5  1.154  2.01  0.9 -99.9  0.062500
'Vlietpolder' 29 10 2001  4091.4  6.8  14.9  1.091  4.08  0.0 -99.9  0.000000
'Vlietpolder' 30 10 2001  6701.4  13.7  17.9  1.436  6.49  0.2 -99.9  0.020833
'Vlietpolder' 31 10 2001  4530.6  10.2  15.5  1.114  7.34  12.7 -99.9  0.395833
'Vlietpolder' 01 11 2001  6098.4  5.0  13.4  0.811  3.23  0.2 -99.9  0.020833
'Vlietpolder' 02 11 2001  5320.8  4.8  13.8  0.994  1.59  0.0 -99.9  0.000000
'Vlietpolder' 03 11 2001  3306.6  6.9  13.5  1.035  1.61  0.0 -99.9  0.000000
'Vlietpolder' 04 11 2001  2107.8  8.7  12.0  1.036  3.06  0.0 -99.9  0.000000
'Vlietpolder' 05 11 2001  4804.2  4.5  11.8  0.757  2.59  0.2 -99.9  0.020833
'Vlietpolder' 06 11 2001  3335.4  8.2  12.9  1.019  5.75  3.7 -99.9  0.187500
'Vlietpolder' 07 11 2001  2464.2  8.4  11.9  0.980  4.71  5.5 -99.9  0.145833
'Vlietpolder' 08 11 2001  1960.2  3.6  10.8  0.776  5.76  18.3 -99.9  0.604167
'Vlietpolder' 09 11 2001  5234.4 -0.1  7.1  0.657  1.59  11.6 -99.9  0.187500
'Vlietpolder' 10 11 2001  2928.6 -2.0  7.1  0.603  2.34  0.2 -99.9  0.020833
'Vlietpolder' 11 11 2001  1191.6  3.7  9.8  0.903  2.51  0.2 -99.9  0.020833
'Vlietpolder' 12 11 2001  1490.4  8.7  11.9  1.190  2.21  4.6 -99.9  0.208333
'Vlietpolder' 13 11 2001  2786.4  3.9  8.1  0.784  2.97  11.8 -99.9  0.229167
'Vlietpolder' 14 11 2001  5752.8  1.3  8.2  0.677  2.55  3.1 -99.9  0.145833
'Vlietpolder' 15 11 2001  6179.4 -4.3  7.3  0.559  0.91  0.2 -99.9  0.020833
'Vlietpolder' 16 11 2001  1699.2  4.9  11.0  0.995  0.98  0.0 -99.9  0.000000
'Vlietpolder' 17 11 2001  2131.2  7.0  10.4  1.071  0.88  0.0 -99.9  0.000000
'Vlietpolder' 18 11 2001  2800.8  6.6  9.3  1.018  1.26  1.1 -99.9  0.062500
'Vlietpolder' 19 11 2001  1819.8  3.5  10.7  0.939  0.81  0.4 -99.9  0.041667
'Vlietpolder' 20 11 2001  1342.8  3.1  9.8  0.807  1.67  0.0 -99.9  0.000000
'Vlietpolder' 21 11 2001  1675.8  7.9  11.1  1.067  6.08  2.0 -99.9  0.083333
'Vlietpolder' 22 11 2001  1686.6  4.7  12.0  0.849  6.32  8.3 -99.9  0.333333
'Vlietpolder' 23 11 2001  2934.0  2.4  8.1  0.728  2.33  4.4 -99.9  0.250000
'Vlietpolder' 24 11 2001  898.2  4.9  10.6  0.996  2.14  4.4 -99.9  0.291667
'Vlietpolder' 25 11 2001  1735.2  8.8  12.7  1.227  3.08  7.4 -99.9  0.229167
'Vlietpolder' 26 11 2001  2773.8  2.3  9.9  0.794  1.10  1.8 -99.9  0.145833
'Vlietpolder' 27 11 2001  3882.6  0.1  7.8  0.719  2.87  6.1 -99.9  0.187500
'Vlietpolder' 28 11 2001  3015.0  3.6  9.1  0.765  3.36  0.2 -99.9  0.020833
'Vlietpolder' 29 11 2001  369.0  6.4  12.0  1.077  4.73  14.6 -99.9  0.458333
'Vlietpolder' 30 11 2001  712.8  10.7  12.6  1.345  2.52  8.5 -99.9  0.437500
'Vlietpolder' 01 12 2001  790.2  8.0  13.6  1.214  4.49  3.5 -99.9  0.250000
'Vlietpolder' 02 12 2001  1254.6  6.0  9.8  0.987  1.66  0.2 -99.9  0.020833
'Vlietpolder' 03 12 2001  1377.0  6.5  9.5  1.049  1.35  1.1 -99.9  0.083333
'Vlietpolder' 04 12 2001  1267.2  8.9  11.0  1.069  5.55  5.9 -99.9  0.187500
'Vlietpolder' 05 12 2001  1391.4  4.2  12.2  0.915  4.90  2.4 -99.9  0.125000
'Vlietpolder' 06 12 2001  3052.8  1.8  10.8  0.773  3.11  0.9 -99.9  0.062500
'Vlietpolder' 07 12 2001  4168.8 -1.2  8.5  0.709  0.58  0.2 -99.9  0.020833
'Vlietpolder' 08 12 2001  1945.8 -1.6  2.9  0.620  2.12  0.2 -99.9  0.020833
'Vlietpolder' 09 12 2001  1162.8 -1.3  0.4  0.571  2.34  0.2 -99.9  0.020833
'Vlietpolder' 10 12 2001  3699.0 -2.2  6.4  0.608  0.72  0.2 -99.9  0.020833
'Vlietpolder' 11 12 2001  1918.8  0.1  7.6  0.760  0.81  0.0 -99.9  0.000000
'Vlietpolder' 12 12 2001  838.8  2.3  5.5  0.767  2.16  0.2 -99.9  0.020833
'Vlietpolder' 13 12 2001  1513.8 -1.1  4.8  0.590  3.77  0.0 -99.9  0.000000
'Vlietpolder' 14 12 2001  2941.2 -5.4  0.5  0.386  2.89  0.0 -99.9  0.000000
'Vlietpolder' 15 12 2001  847.8 -3.9  1.4  0.480  2.12  0.0 -99.9  0.000000
'Vlietpolder' 16 12 2001  3542.4 -2.4  2.5  0.551  2.45  0.0 -99.9  0.000000
'Vlietpolder' 17 12 2001  2793.6 -4.4  6.3  0.567  0.91  0.9 -99.9  0.062500
'Vlietpolder' 18 12 2001  747.0 -3.4  5.8  0.604  1.24  1.1 -99.9  0.083333
'Vlietpolder' 19 12 2001  660.6  2.5  7.1  0.742  3.67  5.7 -99.9  0.229167
'Vlietpolder' 20 12 2001  3189.6 -0.9  5.3  0.570  2.78  2.8 -99.9  0.062500
'Vlietpolder' 21 12 2001  342.0  3.2  6.9  0.761  6.35  16.6 -99.9  0.604167
'Vlietpolder' 22 12 2001  2439.0 -1.3  4.6  0.555  2.45  6.6 -99.9  0.312500
'Vlietpolder' 23 12 2001  5385.6 -5.0  0.4  0.440  2.89  0.2 -99.9  0.020833
'Vlietpolder' 24 12 2001  691.2 -0.1  8.8  0.712  7.47  9.6 -99.9  0.291667
'Vlietpolder' 25 12 2001  2935.8  3.8  8.6  0.776  6.44  7.9 -99.9  0.395833
'Vlietpolder' 26 12 2001  1333.8  1.0  4.2  0.634  4.00  7.9 -99.9  0.333333
'Vlietpolder' 27 12 2001  509.4  0.3  7.7  0.724  5.21  10.3 -99.9  0.437500
'Vlietpolder' 28 12 2001  1998.0  5.6  8.2  0.785  9.26  1.3 -99.9  0.125000
'Vlietpolder' 29 12 2001  1207.8 -2.2  5.3  0.602  2.23  4.2 -99.9  0.187500
'Vlietpolder' 30 12 2001  1830.6 -2.8  3.8  0.517  2.78  3.5 -99.9  0.187500
'Vlietpolder' 31 12 2001  3497.4 -3.0  7.0  0.560  1.57  1.8 -99.9  0.062500
