station DD MM YYYY RAD Tmin Tmax HUM WIND RAIN ETref WET
'7'  1  1 1996 660.0  -2.2 -0.5 0.541 3.1  0.2 0.1 0.025000000
'7'  2  1 1996 2090.0  -3.9 -0.3 0.456 2.6  0.0 0.2 0.000000000
'7'  3  1 1996 3010.0  -3.5  0.8 0.469 2.6  0.0 0.3 0.000000000
'7'  4  1 1996 2480.0  -1.0  2.3 0.546 4.6  0.0 0.3 0.000000000
'7'  5  1 1996 3170.0  -2.3  1.5 0.376 5.7  0.0 0.3 0.000000000
'7'  6  1 1996 2620.0  -5.5 -0.8 0.343 6.2  0.0 0.2 0.000000000
'7'  7  1 1996 760.0  -0.8  8.0 0.720 4.1  3.5 0.1 0.295833333
'7'  8  1 1996 2010.0   1.8  7.9 0.817 4.6  0.0 0.3 0.000000000
'7'  9  1 1996 670.0   4.0  6.4 0.793 5.7  2.1 0.1 0.141666667
'7' 10  1 1996 760.0   3.6  7.0 0.866 2.6  0.3 0.1 0.029166667
'7' 11  1 1996 1600.0   3.3  9.3 0.849 4.6  2.0 0.2 0.020833333
'7' 12  1 1996 2850.0   7.5 10.1 0.981 4.6  0.0 0.4 0.000000000
'7' 13  1 1996 2600.0   6.3 10.1 0.959 4.6  0.0 0.4 0.000000000
'7' 14  1 1996 3250.0   1.4 11.1 0.805 3.1  0.0 0.4 0.000000000
'7' 15  1 1996 3510.0   0.6  7.1 0.735 3.1  0.0 0.4 0.000000000
'7' 16  1 1996 1760.0  -0.2  2.6 0.663 2.6  0.0 0.2 0.000000000
'7' 17  1 1996 1330.0  -0.5  1.8 0.638 3.1  0.0 0.1 0.000000000
'7' 18  1 1996 830.0  -2.0 -0.1 0.564 3.1  0.0 0.1 0.000000000
'7' 19  1 1996 640.0  -2.9 -0.8 0.526 4.1  0.0 0.1 0.000000000
'7' 20  1 1996 1050.0  -2.8  0.2 0.441 6.7  0.0 0.1 0.000000000
'7' 21  1 1996 2950.0  -1.6 -0.1 0.407 6.2  0.0 0.3 0.000000000
'7' 22  1 1996 4320.0  -3.8  2.1 0.403 6.2  0.0 0.4 0.000000000
'7' 23  1 1996 3910.0  -5.3 -1.5 0.338 6.7  0.0 0.4 0.000000000
'7' 24  1 1996 2980.0  -6.2 -1.5 0.316 7.2  0.0 0.3 0.000000000
'7' 25  1 1996 4610.0 -10.0 -6.2 0.180 7.7  0.0 0.3 0.000000000
'7' 26  1 1996 1330.0 -10.0 -8.0 0.222 6.7  0.0 0.1 0.000000000
'7' 27  1 1996 1910.0  -8.0 -3.5 0.301 5.1  0.0 0.2 0.000000000
'7' 28  1 1996 5730.0  -7.8 -0.9 0.281 6.7  0.0 0.5 0.000000000
'7' 29  1 1996 5240.0  -6.2  0.9 0.368 6.2  0.0 0.5 0.000000000
'7' 30  1 1996 5690.0  -5.3  2.1 0.396 4.6  0.0 0.5 0.000000000
'7' 31  1 1996 6300.0  -6.0  3.6 0.366 4.1  0.0 0.6 0.000000000
'7'  1  2 1996 6170.0  -5.9  3.4 0.324 3.1  0.0 0.6 0.000000000
'7'  2  2 1996 1610.0  -7.8  1.8 0.379 1.5  0.0 0.2 0.000000000
'7'  3  2 1996 2240.0  -2.2  0.3 0.499 2.6  0.3 0.2 0.041666667
'7'  4  2 1996 5760.0  -1.9  2.8 0.503 2.1  0.0 0.6 0.000000000
'7'  5  2 1996 4730.0  -4.1  2.6 0.431 3.1  0.0 0.5 0.000000000
'7'  6  2 1996 6940.0  -6.6 -0.2 0.327 6.2  0.0 0.6 0.000000000
'7'  7  2 1996 2100.0  -7.4 -3.0 0.261 4.6  0.0 0.2 0.000000000
'7'  8  2 1996 4680.0 -13.2 -4.9 0.201 2.1  0.0 0.3 0.000000000
'7'  9  2 1996 2800.0 -14.1  1.5 0.249 3.6  0.0 0.2 0.000000000
'7' 10  2 1996 2080.0  -0.4  5.7 0.641 5.1  4.7 0.2 0.137500000
'7' 11  2 1996 680.0   2.8  5.1 0.775 5.1  7.6 0.1 0.354166667
'7' 12  2 1996 1520.0   1.6  5.0 0.737 5.1 17.6 0.2 0.483333333
'7' 13  2 1996 800.0   0.3  2.0 0.630 6.2  0.1 0.1 0.020833333
'7' 14  2 1996 1090.0  -1.7  0.5 0.507 4.6  0.0 0.1 0.000000000
'7' 15  2 1996 3430.0  -2.3  2.5 0.520 4.1  0.4 0.4 0.091666667
'7' 16  2 1996 1840.0   2.5  8.4 0.800 5.1  1.3 0.2 0.145833333
'7' 17  2 1996 3430.0   3.5  7.1 0.707 6.2  0.2 0.4 0.029166667
'7' 18  2 1996 3290.0   2.2  7.1 0.762 6.2 16.7 0.4 0.462500000
'7' 19  2 1996 2450.0  -2.0  3.1 0.605 5.1  5.1 0.3 0.350000000
'7' 20  2 1996 2550.0  -4.6 -1.7 0.375 8.2  0.0 0.2 0.000000000
'7' 21  2 1996 10040.0  -6.5 -1.2 0.324 4.6  0.0 0.9 0.000000000
'7' 22  2 1996 7690.0  -6.4  2.5 0.414 2.1  1.0 0.8 0.041666667
'7' 23  2 1996 7610.0  -2.9  2.1 0.489 4.1  0.0 0.8 0.000000000
'7' 24  2 1996 2680.0  -0.5  5.6 0.636 6.2  0.6 0.3 0.033333333
'7' 25  2 1996 2340.0   5.3  9.9 0.886 5.7  1.9 0.3 0.212500000
'7' 26  2 1996 4110.0  -1.2  8.1 0.678 3.1  4.0 0.5 0.258333333
'7' 27  2 1996 7250.0  -1.1  9.4 0.694 1.5  0.0 0.9 0.000000000
'7' 28  2 1996 4260.0  -0.4  6.7 0.695 3.6  0.6 0.5 0.083333333
'7' 29  2 1996 7380.0  -0.8  7.8 0.687 2.6  0.0 0.9 0.000000000
'7'  1  3 1996 3890.0  -2.2  4.9 0.585 3.1  0.2 0.5 0.012500000
'7'  2  3 1996 6660.0  -2.7  4.7 0.549 2.6  2.4 0.7 0.166666667
'7'  3  3 1996 6570.0  -2.7  4.8 0.576 2.1  0.6 0.7 0.070833333
'7'  4  3 1996 2340.0  -3.6  4.5 0.596 2.1  3.9 0.3 0.183333333
'7'  5  3 1996 1930.0   1.3  4.2 0.711 2.6  0.6 0.2 0.050000000
'7'  6  3 1996 3630.0   2.3  7.0 0.772 2.6  0.4 0.5 0.037500000
'7'  7  3 1996 3600.0   1.2  5.8 0.619 6.7  0.0 0.4 0.000000000
'7'  8  3 1996 12040.0  -0.6  7.8 0.512 6.7  0.0 1.4 0.000000000
'7'  9  3 1996 12480.0  -0.8  8.2 0.497 5.7  0.0 1.5 0.000000000
'7' 10  3 1996 12960.0  -1.3  8.0 0.439 4.6  0.0 1.5 0.000000000
'7' 11  3 1996 9410.0  -4.1  3.0 0.362 5.1  0.0 1.0 0.000000000
'7' 12  3 1996 13230.0  -5.9  1.4 0.308 5.1  0.0 1.3 0.000000000
'7' 13  3 1996 12790.0  -5.3  2.9 0.351 5.1  0.0 1.3 0.000000000
'7' 14  3 1996 12620.0  -4.0  5.5 0.405 6.7  0.0 1.4 0.000000000
'7' 15  3 1996 9700.0  -0.4  7.9 0.503 5.7  0.0 1.2 0.000000000
'7' 16  3 1996 6940.0  -0.5  9.2 0.610 4.6  0.0 0.8 0.000000000
'7' 17  3 1996 3070.0   2.6  7.3 0.694 2.1  0.0 0.4 0.000000000
'7' 18  3 1996 5020.0   3.2  7.8 0.722 2.6  0.0 0.6 0.000000000
'7' 19  3 1996 3930.0   1.3  6.9 0.690 1.5  0.0 0.5 0.000000000
'7' 20  3 1996 12660.0  -1.8 13.3 0.619 1.5  0.0 1.7 0.000000000
'7' 21  3 1996 6780.0   2.1 12.2 0.844 2.6  1.5 0.9 0.141666667
'7' 22  3 1996 2960.0   6.1  9.0 0.994 2.1  0.0 0.4 0.000000000
'7' 23  3 1996 3160.0   6.3 11.0 1.073 2.6  0.3 0.4 0.050000000
'7' 24  3 1996 4630.0   3.8  7.5 0.841 3.6  0.0 0.6 0.000000000
'7' 25  3 1996 13910.0   3.0 12.6 0.768 4.6  0.0 1.9 0.000000000
'7' 26  3 1996 2930.0  -0.1  5.4 0.608 5.1  0.0 0.3 0.000000000
'7' 27  3 1996 17570.0  -2.3  7.2 0.411 3.1  0.0 2.0 0.000000000
'7' 28  3 1996 7510.0  -2.6  7.6 0.551 4.1  2.6 0.9 0.120833333
'7' 29  3 1996 10250.0   0.4  7.2 0.668 3.6  1.4 1.2 0.045833333
'7' 30  3 1996 12530.0  -1.5  7.4 0.558 3.6  0.4 1.4 0.025000000
'7' 31  3 1996 9470.0  -2.4  6.2 0.592 2.1  2.8 1.1 0.145833333
'7'  1  4 1996 19050.0  -5.2  5.9 0.407 2.6  0.0 2.1 0.000000000
'7'  2  4 1996 11790.0  -5.6  6.0 0.450 2.6  0.1 1.3 0.016666667
'7'  3  4 1996 16760.0  -1.8  8.1 0.501 4.6  0.0 2.0 0.000000000
'7'  4  4 1996 18490.0  -0.5 12.3 0.434 5.1  0.0 2.4 0.000000000
'7'  5  4 1996 17250.0   0.3 13.3 0.550 5.1  0.0 2.3 0.000000000
'7'  6  4 1996 7200.0   2.3 11.3 0.722 3.1  0.0 1.0 0.000000000
'7'  7  4 1996 12800.0  -0.3 13.4 0.723 2.1  0.0 1.7 0.000000000
'7'  8  4 1996 6480.0   0.5 10.4 0.675 2.1  0.0 0.9 0.000000000
'7'  9  4 1996 8550.0   0.0 14.9 0.737 2.1  0.0 1.2 0.000000000
'7' 10  4 1996 6420.0   8.2 14.4 1.125 2.1  0.9 1.0 0.229166667
'7' 11  4 1996 1620.0   2.9  9.9 0.903 2.6  5.0 0.2 0.458333333
'7' 12  4 1996 19520.0  -0.6  7.2 0.453 5.1  0.0 2.3 0.000000000
'7' 13  4 1996 18440.0  -1.8 11.2 0.496 3.6  0.0 2.3 0.000000000
'7' 14  4 1996 19830.0   0.0 13.0 0.573 2.6  0.0 2.6 0.000000000
'7' 15  4 1996 20870.0  -1.0 16.6 0.489 2.1  0.0 3.0 0.000000000
'7' 16  4 1996 20240.0   4.3 18.8 0.541 3.1  0.0 3.1 0.000000000
'7' 17  4 1996 17570.0   7.1 20.2 0.722 4.1  0.0 2.8 0.000000000
'7' 18  4 1996 14490.0   6.7 17.5 0.988 4.1  0.0 2.2 0.000000000
'7' 19  4 1996 17190.0   8.4 19.9 0.987 3.1  0.0 2.8 0.000000000
'7' 20  4 1996 16480.0   8.3 25.2 0.898 3.1  0.0 2.8 0.000000000
'7' 21  4 1996 22110.0   9.3 24.6 0.697 3.6  0.0 3.9 0.000000000
'7' 22  4 1996 16570.0  11.3 25.3 0.852 3.6  0.0 3.0 0.000000000
'7' 23  4 1996 10780.0   9.3 19.6 0.976 5.7  0.0 1.8 0.0
'7' 24  4 1996 13850.0   6.0 16.2 0.881 4.1  0.0 2.1 0.0
'7' 25  4 1996 18590.0   3.6 16.7 0.816 3.6  0.0 2.8 0.000000000
'7' 26  4 1996 16100.0   3.8 18.1 0.926 3.1  0.0 2.5 0.000000000
'7' 27  4 1996 17950.0   3.7 20.5 0.898 1.5  0.0 2.8 0.000000000
'7' 28  4 1996 18490.0   5.9 16.3 0.879 4.1  0.0 2.8 0.000000000
'7' 29  4 1996 14550.0   4.2 11.3 0.715 2.1  0.0 2.0 0.000000000
'7' 30  4 1996 17920.0  -0.3 14.7 0.599 2.1  0.0 2.5 0.000000000
'7'  1  5 1996 12140.0   6.0 17.6 0.932 2.6  0.9 1.8 0.050000000
'7'  2  5 1996 8580.0   7.2 14.7 1.113 2.1  0.0 1.3 0.000000000
'7'  3  5 1996 3500.0   7.0  9.8 1.031 2.6  7.5 0.5 0.133333333
'7'  4  5 1996 14270.0   4.1 11.4 0.713 4.1  0.0 1.9 0.000000000
'7'  5  5 1996 12830.0   0.1 11.0 0.587 2.1  0.0 1.7 0.000000000
'7'  6  5 1996 21480.0  -2.3 14.6 0.520 3.1  0.0 2.9 0.000000000
'7'  7  5 1996 24690.0   4.2 16.9 0.705 6.2  0.0 3.6 0.000000000
'7'  8  5 1996 19760.0   3.3 15.7 0.659 5.7  0.0 2.8 0.000000000
'7'  9  5 1996 20640.0   5.1 13.2 0.757 5.7  0.0 3.0 0.000000000
'7' 10  5 1996 6300.0   4.8  9.6 0.821 3.1  0.6 0.8 0.083333333
'7' 11  5 1996 5850.0   6.2 10.9 0.890 2.1  0.0 0.8 0.000000000
'7' 12  5 1996 5090.0   7.3 11.1 0.957 3.1  0.0 0.7 0.000000000
'7' 13  5 1996 6520.0   7.0 10.9 0.941 3.1  0.0 0.9 0.000000000
'7' 14  5 1996 7680.0   8.0 12.4 1.033 3.6  0.0 1.1 0.000000000
'7' 15  5 1996 11720.0   3.8 12.8 0.749 4.1  0.0 1.7 0.000000000
'7' 16  5 1996 19120.0   0.8 12.7 0.638 4.1  4.9 2.6 0.166666667
'7' 17  5 1996 6910.0   5.3 11.8 0.987 3.1  5.1 1.0 0.041666667
'7' 18  5 1996 8390.0   5.6 15.6 1.094 3.1  0.0 1.3 0.000000000
'7' 19  5 1996 15600.0   8.7 16.2 1.020 3.6  0.0 2.5 0.000000000
'7' 20  5 1996 24640.0   3.2 16.6 0.700 2.6  0.0 3.7 0.000000000
'7' 21  5 1996 19780.0   4.2 18.9 0.910 2.1  3.6 3.0 0.100000000
'7' 22  5 1996 11660.0   5.9 16.0 1.045 4.1  2.0 1.8 0.162500000
'7' 23  5 1996 9330.0   9.9 16.1 1.318 5.1  3.2 1.5 0.275000000
'7' 24  5 1996 9630.0  12.6 18.3 1.499 5.7  3.9 1.6 0.241666667
'7' 25  5 1996 9330.0  10.7 15.3 1.258 3.1  9.3 1.5 0.325000000
'7' 26  5 1996 17260.0   8.9 17.4 1.203 4.6  0.6 2.7 0.083333333
'7' 27  5 1996 5430.0   6.7 13.4 1.091 4.6  3.5 0.8 0.179166667
'7' 28  5 1996 24070.0   6.4 15.5 0.809 3.1  0.0 3.6 0.000000000
'7' 29  5 1996 15200.0  11.5 21.6 1.388 4.6  0.0 2.6 0.000000000
'7' 30  5 1996 22690.0  11.0 26.1 1.343 3.1  0.0 4.1 0.000000000
'7' 31  5 1996 24800.0  13.0 20.4 1.199 4.6  0.0 4.3 0.000000000
'7'  1  6 1996 22520.0   6.8 18.2 0.873 4.1  0.0 3.6 0.000000000
'7'  2  6 1996 24230.0   5.6 19.9 0.915 2.1  0.3 3.9 0.062500000
'7'  3  6 1996 26470.0   7.7 21.2 1.038 2.1  0.0 4.4 0.000000000
'7'  4  6 1996 17840.0  12.6 21.2 1.312 3.1  0.0 3.0 0.000000000
'7'  5  6 1996 27030.0  10.8 28.2 1.200 3.1  0.0 5.0 0.000000000
'7'  6  6 1996 26890.0  15.1 30.9 1.513 2.6  0.0 5.2 0.000000000
'7'  7  6 1996 25040.0  16.0 33.9 1.624 2.6  0.0 5.0 0.000000000
'7'  8  6 1996 14540.0  17.6 27.6 2.085 2.6  0.7 2.7 0.095833333
'7'  9  6 1996 7090.0  10.5 18.2 1.422 2.6  0.0 1.2 0.000000000
'7' 10  6 1996 22510.0  10.5 26.9 1.384 2.6  0.0 4.1 0.000000000
'7' 11  6 1996 27910.0  15.0 25.1 1.667 3.1  4.0 5.1 0.033333333
'7' 12  6 1996 23140.0   9.2 18.7 1.043 4.1  0.0 3.9 0.000000000
'7' 13  6 1996 26260.0   8.6 19.5 0.988 3.1  0.0 4.3 0.000000000
'7' 14  6 1996 16050.0   5.8 17.1 0.927 2.6  0.0 2.5 0.000000000
'7' 15  6 1996 28920.0   4.6 20.6 0.855 3.1  0.0 4.7 0.000000000
'7' 16  6 1996 29530.0   6.9 22.2 1.045 2.6  0.0 4.9 0.000000000
'7' 17  6 1996 28770.0   8.3 25.1 0.995 2.6  0.0 5.0 0.000000000
'7' 18  6 1996 23170.0  10.5 20.6 1.117 3.6  0.0 3.9 0.000000000
'7' 19  6 1996 8490.0  11.4 15.2 1.106 4.1  0.0 1.3 0.000000000
'7' 20  6 1996 17870.0   7.3 16.2 0.895 3.1  0.0 2.8 0.000000000
'7' 21  6 1996 14260.0   7.2 15.0 0.955 3.6  0.6 2.2 0.075000000
'7' 22  6 1996 10340.0   9.5 14.7 1.153 3.6  0.6 1.6 0.062500000
'7' 23  6 1996 7820.0  10.0 13.5 1.123 3.1  0.2 1.2 0.025000000
'7' 24  6 1996 7690.0  10.0 14.8 1.207 2.6  0.7 1.2 0.079166667
'7' 25  6 1996 6580.0   9.3 14.7 1.172 1.5  0.0 1.0 0.000000000
'7' 26  6 1996 19810.0   9.2 22.4 1.205 2.1  0.0 3.3 0.000000000
'7' 27  6 1996 12890.0  10.8 19.2 1.360 2.1  0.2 2.1 0.033333333
'7' 28  6 1996 12440.0  10.5 20.6 1.317 3.6  0.9 2.1 0.095833333
'7' 29  6 1996 7620.0  11.5 14.7 1.349 4.6 11.5 1.2 0.308333333
'7' 30  6 1996 9860.0  12.5 17.2 1.368 5.1  7.3 1.6 0.041666667
'7'  1  7 1996 13660.0  10.9 17.7 1.317 4.2  1.9 2.2 0.108333333
'7'  2  7 1996 18700.0   9.8 17.6 1.180 4.1  0.7 3.0 0.008333333
'7'  3  7 1996 12110.0  11.0 20.4 1.307 4.7  2.9 2.1 0.116666667
'7'  4  7 1996 15860.0  13.3 19.4 1.420 6.2  6.4 2.7 0.183333333
'7'  5  7 1996 11020.0  11.8 17.8 1.418 2.9  3.5 1.8 0.083333333
'7'  6  7 1996 9470.0   7.5 15.4 1.198 2.2  8.6 1.5 0.204166667
'7'  7  7 1996 17290.0   6.0 18.0 1.030 2.5  0.2 2.7 0.045833333
'7'  8  7 1996 15020.0   8.3 15.9 1.091 3.7  0.6 2.3 0.016666667
'7'  9  7 1996 12940.0   9.4 17.9 1.273 3.3  4.2 2.1 0.250000000
'7' 10  7 1996 8890.0  10.6 17.4 1.370 3.1  2.0 1.4 0.154166667
'7' 11  7 1996 21160.0   9.1 23.4 1.369 2.6  0.0 3.7 0.000000000
'7' 12  7 1996 16760.0  12.2 22.1 1.575 1.9  0.0 2.9 0.000000000
'7' 13  7 1996 10210.0  13.8 22.4 1.756 4.0  0.0 1.8 0.000000000
'7' 14  7 1996 4770.0  13.7 19.3 1.716 2.6  0.0 0.8 0.000000000
'7' 15  7 1996 24220.0  10.4 20.1 1.232 3.2  0.0 4.0 0.000000000
'7' 16  7 1996 21540.0  10.4 18.5 1.157 3.6  0.0 3.5 0.000000000
'7' 17  7 1996 26630.0   9.1 20.7 1.161 3.3  0.0 4.4 0.000000000
'7' 18  7 1996 16600.0   7.2 17.7 1.056 3.0  0.0 2.7 0.000000000
'7' 19  7 1996 21380.0   7.4 22.6 1.153 1.8  0.0 3.6 0.000000000
'7' 20  7 1996 27010.0   8.3 25.7 1.020 2.1  0.0 4.8 0.000000000
'7' 21  7 1996 25550.0  10.1 27.4 1.108 1.9  0.0 4.6 0.000000000
'7' 22  7 1996 25690.0  13.2 29.0 1.123 2.8  0.0 4.9 0.000000000
'7' 23  7 1996 15280.0  16.7 28.0 1.696 3.9  2.7 2.8 0.087500000
'7' 24  7 1996 7980.0  13.5 18.3 1.623 4.7  6.7 1.3 0.325000000
'7' 25  7 1996 9270.0  14.1 19.0 1.617 4.2  3.5 1.6 0.083333333
'7' 26  7 1996 19080.0  12.3 23.1 1.520 1.7  0.0 3.3 0.000000000
'7' 27  7 1996 8900.0   9.3 20.8 1.397 2.1  0.0 1.5 0.000000000
'7' 28  7 1996 20180.0   6.4 21.6 1.051 1.8  0.0 3.4 0.000000000
'7' 29  7 1996 13740.0  12.6 23.6 1.536 2.5  0.1 2.4 0.016666667
'7' 30  7 1996 14780.0  12.5 23.0 1.626 2.8  0.0 2.6 0.000000000
'7' 31  7 1996 7510.0  15.6 20.5 1.758 4.0  0.0 1.3 0.000000000
'7'  1  8 1996 11890.0  11.8 20.6 1.411 3.6  0.0 2.0 0.000000000
'7'  2  8 1996 21160.0   8.8 21.6 1.213 2.5  0.0 3.6 0.000000000
'7'  3  8 1996 14490.0   8.7 21.2 1.229 1.6  0.0 2.4 0.000000000
'7'  4  8 1996 22660.0   9.3 24.2 1.098 2.9  0.0 3.9 0.000000000
'7'  5  8 1996 26050.0  11.8 25.2 1.044 5.2  0.0 4.7 0.000000000
'7'  6  8 1996 9110.0  14.1 21.5 1.543 4.4 14.0 1.6 0.191666667
'7'  7  8 1996 7800.0  11.5 17.8 1.402 3.7  0.0 1.3 0.000000000
'7'  8  8 1996 21010.0  11.6 23.3 1.387 2.2  0.0 3.6 0.000000000
'7'  9  8 1996 15920.0  12.4 27.3 1.382 2.4  0.0 2.9 0.000000000
'7' 10  8 1996 9730.0  17.0 24.5 1.617 2.9  0.0 1.8 0.000000000
'7' 11  8 1996 12840.0  14.8 24.1 1.921 2.2  6.2 2.3 0.187500000
'7' 12  8 1996 5560.0  12.4 20.3 1.724 1.7 18.8 1.0 0.241666667
'7' 13  8 1996 11000.0  16.2 21.9 1.906 3.9  0.0 2.0 0.000000000
'7' 14  8 1996 12550.0  15.0 22.5 1.826 3.2  0.0 2.2 0.000000000
'7' 15  8 1996 9650.0  14.3 22.4 1.751 2.9  0.0 1.7 0.000000000
'7' 16  8 1996 6970.0  10.5 19.6 1.371 1.3  0.0 1.2 0.000000000
'7' 17  8 1996 18180.0   8.6 23.5 1.323 1.4  0.0 3.1 0.000000000
'7' 18  8 1996 20880.0   8.9 26.0 1.346 1.9  0.0 3.7 0.000000000
'7' 19  8 1996 21900.0  13.7 29.0 1.443 3.8  0.0 4.1 0.000000000
'7' 20  8 1996 20210.0  16.2 29.8 1.613 3.5  0.0 3.9 0.000000000
'7' 21  8 1996 4710.0  13.6 21.1 1.767 1.8  2.5 0.8 0.070833333
'7' 22  8 1996 20640.0  10.5 25.2 1.437 1.8  0.0 3.6 0.000000000
'7' 23  8 1996 12510.0  13.0 24.8 1.682 4.0  8.0 2.2 0.095833333
'7' 24  8 1996 14980.0  12.9 21.8 1.612 4.0  0.0 2.5 0.000000000
'7' 25  8 1996 12520.0  11.0 21.4 1.525 4.1 14.1 2.1 0.120833333
'7' 26  8 1996 16240.0   9.6 21.5 1.354 2.2  0.0 2.7 0.000000000
'7' 27  8 1996 10100.0   9.1 21.7 1.440 1.6  3.1 1.6 0.062500000
'7' 28  8 1996 5880.0  10.8 18.5 1.531 2.5 16.1 1.0 0.354166667
'7' 29  8 1996 4060.0  13.3 17.1 1.594 3.0  3.1 0.7 0.145833333
'7' 30  8 1996 11030.0  13.8 20.2 1.629 4.0  4.8 1.9 0.091666667
'7' 31  8 1996 10800.0   8.6 17.3 1.199 2.9  1.4 1.7 0.054166667
'7'  1  9 1996 8210.0   7.5 17.6 1.273 1.4  2.6 1.3 0.120833333
'7'  2  9 1996 16690.0   5.4 20.4 1.058 1.4  0.0 2.6 0.000000000
'7'  3  9 1996 18550.0   7.7 20.3 1.138 3.0  0.0 3.1 0.000000000
'7'  4  9 1996 10120.0  10.5 18.2 1.312 3.0  0.0 1.7 0.000000000
'7'  5  9 1996 19850.0   8.6 20.7 1.196 3.8  0.0 3.3 0.000000000
'7'  6  9 1996 17500.0   5.3 19.5 1.036 2.6  0.0 2.8 0.000000000
'7'  7  9 1996 18330.0   4.5 18.3 0.902 2.0  0.0 2.8 0.000000000
'7'  8  9 1996 13010.0   4.2 18.8 0.992 1.7  0.0 2.0 0.000000000
'7'  9  9 1996 14340.0   5.9 20.4 1.138 2.1  0.0 2.3 0.000000000
'7' 10  9 1996 5520.0   8.3 16.6 1.234 2.6  0.4 0.9 0.054166667
'7' 11  9 1996 5440.0   8.4 15.3 1.147 2.0  3.9 0.8 0.166666667
'7' 12  9 1996 11560.0   8.8 17.2 1.149 4.4 13.3 1.8 0.200000000
'7' 13  9 1996 10090.0   8.6 16.0 1.122 4.5  0.4 1.6 0.033333333
'7' 14  9 1996 8650.0  10.3 17.3 1.304 3.0  0.4 1.4 0.037500000
'7' 15  9 1996 9340.0   5.6 17.1 1.080 1.8  0.0 1.4 0.000000000
'7' 16  9 1996 12540.0   4.5 18.1 0.959 2.0  0.0 1.9 0.000000000
'7' 17  9 1996 17660.0   5.4 17.2 0.874 4.3  0.0 2.7 0.000000000
'7' 18  9 1996 10860.0   8.3 15.2 1.019 5.9  0.0 1.6 0.000000000
'7' 19  9 1996 12040.0   7.6 13.6 0.988 6.6  0.0 1.8 0.000000000
'7' 20  9 1996 10100.0   7.2 15.0 0.993 5.4  0.0 1.5 0.000000000
'7' 21  9 1996 11110.0   6.1 13.9 0.887 4.7  0.0 1.6 0.000000000
'7' 22  9 1996 1870.0   8.8 10.3 1.095 3.8  1.3 0.3 0.166666667
'7' 23  9 1996 3740.0   8.7 12.5 1.204 1.6  1.5 0.5 0.179166667
'7' 24  9 1996 7620.0   4.0 15.1 1.005 1.0  0.0 1.1 0.000000000
'7' 25  9 1996 11570.0   3.4 18.6 1.006 1.5  0.0 1.7 0.000000000
'7' 26  9 1996 11060.0   5.7 19.3 1.105 3.0  0.8 1.8 0.066666667
'7' 27  9 1996 9650.0  11.6 18.4 1.495 4.2  4.5 1.6 0.183333333
'7' 28  9 1996 5650.0   9.0 17.9 1.311 4.0  0.1 0.9 0.012500000
'7' 29  9 1996 1560.0  11.8 17.7 1.530 7.0  9.0 0.3 0.466666667
'7' 30  9 1996 4680.0   9.6 17.8 1.402 3.3  6.8 0.8 0.354166667
'7'  1 10 1996 3320.0   5.8 12.8 1.091 1.8 14.0 0.5 0.300000000
'7'  2 10 1996 9460.0   3.4 16.1 0.984 1.6  1.9 1.3 0.008333333
'7'  3 10 1996 9490.0   3.4 17.7 0.957 4.4  0.0 1.5 0.000000000
'7'  4 10 1996 10870.0   8.7 15.4 1.137 4.3 14.9 1.7 0.179166667
'7'  5 10 1996 7870.0   5.1 14.1 1.034 2.2  2.2 1.1 0.083333333
'7'  6 10 1996 9880.0   2.0 16.0 0.915 1.5  0.0 1.4 0.000000000
'7'  7 10 1996 11960.0   3.9 16.4 0.981 1.5  0.0 1.7 0.000000000
'7'  8 10 1996 7280.0   3.5 17.6 1.017 1.0  0.0 1.1 0.000000000
'7'  9 10 1996 2160.0  11.1 15.1 1.464 1.5  2.7 0.3 0.079166667
'7' 10 10 1996 3690.0   9.4 14.6 1.311 1.2  4.3 0.6 0.125000000
'7' 11 10 1996 4260.0   7.3 13.0 1.167 1.9  0.0 0.6 0.000000000
'7' 12 10 1996 2410.0   6.3 11.8 1.085 2.5  0.0 0.3 0.000000000
'7' 13 10 1996 10020.0   5.4 17.6 1.105 3.0  0.0 1.5 0.000000000
'7' 14 10 1996 9560.0  11.6 20.2 1.386 3.5  0.0 1.6 0.000000000
'7' 15 10 1996 2850.0  10.2 16.9 1.331 2.8  0.0 0.4 0.000000000
'7' 16 10 1996 5830.0   5.0 13.9 1.003 1.7  0.0 0.8 0.000000000
'7' 17 10 1996 7410.0   3.6 14.4 0.982 1.6  0.0 1.0 0.000000000
'7' 18 10 1996 6960.0   3.2 13.6 0.927 3.9  0.4 1.0 0.054166667
'7' 19 10 1996 6950.0   8.1 15.2 1.157 3.7  0.1 1.1 0.016666667
'7' 20 10 1996 1530.0   8.9 15.5 1.329 3.6  7.5 0.2 0.450000000
'7' 21 10 1996 4630.0   6.7 15.5 1.135 3.6  7.6 0.7 0.233333333
'7' 22 10 1996 7630.0   3.7 15.5 0.998 1.6  0.0 1.1 0.000000000
'7' 23 10 1996 8210.0   5.4 14.3 0.972 3.3  0.0 1.2 0.000000000
'7' 24 10 1996 8710.0   5.9 14.7 0.908 3.9  0.0 1.3 0.000000000
'7' 25 10 1996 4970.0   7.6 14.1 1.115 3.3  0.0 0.7 0.000000000
'7' 26 10 1996 6210.0   8.1 15.0 1.177 4.0  0.3 0.9 0.041666667
'7' 27 10 1996 780.0   7.6 15.3 1.214 6.3  9.2 0.1 0.404166667
'7' 28 10 1996 2170.0  11.6 15.3 1.286 6.8  1.1 0.3 0.091666667
'7' 29 10 1996 4440.0   8.6 13.5 1.077 6.8  7.6 0.7 0.454166667
'7' 30 10 1996 4020.0   7.7 12.2 0.931 4.2  0.1 0.6 0.008333333
'7' 31 10 1996 1870.0   7.7 12.9 1.109 5.6 11.1 0.3 0.391666667
'7'  1 11 1996 3240.0   8.8 13.5 1.151 4.3  1.1 0.5 0.095833333
'7'  2 11 1996 770.0  12.5 15.0 1.458 7.1  3.0 0.1 0.183333333
'7'  3 11 1996 600.0  13.3 14.4 1.503 7.3 10.3 0.1 0.333333333
'7'  4 11 1996 620.0  11.3 14.1 1.360 7.1  8.0 0.1 0.341666667
'7'  5 11 1996 2660.0   7.6 12.2 1.023 6.6  8.1 0.4 0.291666667
'7'  6 11 1996 3880.0   7.9 14.1 1.013 9.4  3.5 0.6 0.104166667
'7'  7 11 1996 1110.0   6.6 11.2 1.058 3.8 15.9 0.2 0.308333333
'7'  8 11 1996 6580.0   3.4 11.0 0.822 2.9  0.3 0.9 0.020833333
'7'  9 11 1996 3960.0   4.4 11.0 0.889 4.5  1.1 0.5 0.012500000
'7' 10 11 1996 770.0   4.1  8.3 0.900 4.2 10.8 0.1 0.508333333
'7' 11 11 1996 1610.0   3.1  9.7 0.897 2.9  8.3 0.2 0.208333333
'7' 12 11 1996 2460.0   5.7 10.1 1.010 2.8  6.8 0.3 0.108333333
'7' 13 11 1996 3400.0   1.4  9.2 0.744 3.0  2.5 0.4 0.108333333
'7' 14 11 1996 4870.0  -1.4  9.4 0.676 1.8  0.1 0.6 0.008333333
'7' 15 11 1996 5840.0  -1.9  5.2 0.584 2.5  0.0 0.6 0.000000000
'7' 16 11 1996 2940.0  -0.4  5.6 0.639 1.6  0.0 0.3 0.000000000
'7' 17 11 1996 1610.0  -0.3  3.8 0.630 3.8  0.0 0.2 0.000000000
'7' 18 11 1996 610.0   2.3  6.2 0.787 2.6  6.2 0.1 0.312500000
'7' 19 11 1996 2930.0   0.6  5.3 0.684 4.9  8.3 0.3 0.245833333
'7' 20 11 1996 750.0   3.0  7.0 0.785 3.9  9.8 0.1 0.200000000
'7' 21 11 1996 2970.0   1.9  7.1 0.711 3.8 10.9 0.4 0.233333333
'7' 22 11 1996 4040.0   0.6  7.1 0.649 6.1  0.6 0.5 0.062500000
'7' 23 11 1996 2310.0  -0.9  4.7 0.644 3.3  7.5 0.3 0.287500000
'7' 24 11 1996 2200.0  -1.2  5.4 0.655 4.3  1.2 0.3 0.091666667
'7' 25 11 1996 380.0   1.3  6.2 0.763 5.0 20.6 0.0 0.570833333
'7' 26 11 1996 1020.0   0.5  6.2 0.714 3.0  1.8 0.1 0.058333333
'7' 27 11 1996 2010.0  -1.5  2.9 0.596 2.2  0.0 0.2 0.000000000
'7' 28 11 1996 2660.0  -1.2  5.5 0.664 2.0  0.0 0.3 0.000000000
'7' 29 11 1996 510.0  -0.2  6.3 0.702 5.0 12.8 0.1 0.312500000
'7' 30 11 1996 1260.0   0.2  6.4 0.694 2.9  8.6 0.2 0.150000000
'7'  1 12 1996 1440.0   0.4  8.2 0.701 4.3  2.0 0.2 0.075000000
'7'  2 12 1996 640.0   6.1  8.5 0.785 5.5  1.0 0.1 0.075000000
'7'  3 12 1996 390.0   2.9  8.8 0.832 6.3 10.5 0.1 0.354166667
'7'  4 12 1996 3110.0   4.0  8.6 0.800 5.5  0.5 0.4 0.020833333
'7'  5 12 1996 1720.0   3.7  7.2 0.839 1.5  0.0 0.2 0.000000000
'7'  6 12 1996 1830.0   3.5  7.3 0.835 2.1  0.0 0.2 0.000000000
'7'  7 12 1996 1500.0   3.6  7.0 0.858 2.1  1.1 0.2 0.066666667
'7'  8 12 1996 920.0   0.4  3.7 0.703 2.1  0.0 0.1 0.000000000
'7'  9 12 1996 280.0  -0.7  0.6 0.572 3.0  0.0 0.0 0.000000000
'7' 10 12 1996 220.0  -1.0 -0.2 0.549 2.3  0.0 0.0 0.000000000
'7' 11 12 1996 300.0  -1.5 -0.6 0.560 1.8  0.0 0.0 0.000000000
'7' 12 12 1996 180.0  -1.5  0.5 0.558 1.8  0.0 0.0 0.000000000
'7' 13 12 1996 1020.0  -2.2  4.7 0.601 1.8  0.0 0.1 0.000000000
'7' 14 12 1996 2360.0  -4.8  3.9 0.503 3.5  0.0 0.3 0.000000000
'7' 15 12 1996 1260.0   2.7  9.2 0.825 4.3  0.0 0.2 0.000000000
'7' 16 12 1996 840.0   2.8  6.5 0.835 2.1  0.0 0.1 0.000000000
'7' 17 12 1996 580.0   1.6  4.5 0.741 1.9  0.0 0.1 0.000000000
'7' 18 12 1996 1090.0   2.1  8.3 0.854 2.3  0.5 0.1 0.033333333
'7' 19 12 1996 290.0   3.5  7.8 0.893 4.7 27.5 0.0 0.762500000
'7' 20 12 1996 820.0  -2.7  3.5 0.508 7.0  0.0 0.1 0.000000000
'7' 21 12 1996 3750.0  -4.8 -0.7 0.320 5.8  0.0 0.3 0.000000000
'7' 22 12 1996 2570.0  -5.4  2.6 0.237 5.0  0.0 0.2 0.000000000
'7' 23 12 1996 3260.0  -4.3  0.0 0.283 6.9  0.0 0.3 0.000000000
'7' 24 12 1996 3880.0  -7.2 -1.3 0.334 5.0  0.0 0.3 0.000000000
'7' 25 12 1996 1310.0  -6.7  0.0 0.364 2.8  0.0 0.1 0.000000000
'7' 26 12 1996 4700.0  -8.7 -0.7 0.352 2.0  0.0 0.4 0.000000000
'7' 27 12 1996 1290.0  -8.9 -3.2 0.258 3.3  0.0 0.1 0.000000000
'7' 28 12 1996 3750.0 -10.5 -4.7 0.228 3.4  0.0 0.3 0.000000000
'7' 29 12 1996 600.0 -11.3  2.2 0.333 2.6  3.0 0.1 0.158333333
'7' 30 12 1996 1100.0  -5.7  0.3 0.409 5.8  0.0 0.1 0.000000000
'7' 31 12 1996 3310.0 -12.0 -5.7 0.209 6.0  0.0 0.2 0.000000000
