station DD MM YYYY RAD Tmin Tmax HUM WIND RAIN ETref WET
'7'  1  1 1993 3960.0  -8.5 -0.4 0.371  1.5  0.0 0.4 0.000000000
'7'  2  1 1993 4030.0  -8.8  0.4 0.310  3.6  0.0 0.4 0.000000000
'7'  3  1 1993 3710.0 -10.3 -3.3 0.279  3.1  0.0 0.3 0.000000000
'7'  4  1 1993 1880.0  -9.6 -1.9 0.288  3.6  0.0 0.2 0.000000000
'7'  5  1 1993 740.0  -1.9  5.4 0.567  5.1  8.3 0.1 0.412500000
'7'  6  1 1993 450.0   5.3  9.6 1.001  5.7 12.2 0.1 0.445833333
'7'  7  1 1993 2250.0   0.2  9.4 0.805  3.1  1.1 0.3 0.100000000
'7'  8  1 1993 3380.0   1.3  9.7 0.715  4.1  2.2 0.4 0.095833333
'7'  9  1 1993 670.0   0.7 11.2 0.789  6.2  2.9 0.1 0.145833333
'7' 10  1 1993 520.0   8.1 12.4 1.087  8.2  2.3 0.1 0.212500000
'7' 11  1 1993 860.0   6.6 11.7 0.947  8.2  2.6 0.1 0.091666667
'7' 12  1 1993 3510.0   3.3  7.8 0.680  6.7  2.5 0.5 0.195833333
'7' 13  1 1993 1450.0   4.1 15.1 0.898  7.7  1.7 0.2 0.162500000
'7' 14  1 1993 3990.0   4.1  8.6 0.709  5.7  0.0 0.5 0.000000000
'7' 15  1 1993 1830.0   3.6 12.5 0.839  6.7  0.1 0.3 0.016666667
'7' 16  1 1993 1300.0   9.4 14.1 1.103  7.2  0.0 0.2 0.000000000
'7' 17  1 1993 2030.0   5.1 11.5 0.821  5.7  0.4 0.3 0.029166667
'7' 18  1 1993 4610.0   3.6  8.4 0.746  4.1  0.0 0.6 0.000000000
'7' 19  1 1993 1420.0   3.7  9.3 0.778  5.1  0.7 0.2 0.070833333
'7' 20  1 1993 480.0   8.7 11.0 1.127  7.7 12.0 0.1 0.766666667
'7' 21  1 1993 2850.0   7.4 12.3 1.006  7.7  3.3 0.4 0.120833333
'7' 22  1 1993 660.0   6.4 12.2 0.918  8.2  8.7 0.1 0.166666667
'7' 23  1 1993 2960.0   5.3 11.6 0.809  6.2  0.6 0.4 0.079166667
'7' 24  1 1993 2150.0   4.7 12.0 0.754  9.8  3.2 0.3 0.095833333
'7' 25  1 1993 1700.0   0.9  7.1 0.570  6.7  3.6 0.2 0.141666667
'7' 26  1 1993 1160.0   0.9  5.6 0.608  5.7  2.9 0.1 0.187500000
'7' 27  1 1993 2470.0   1.4  6.1 0.630  2.6  0.0 0.3 0.000000000
'7' 28  1 1993 1750.0   2.6  9.3 0.841  3.6  3.5 0.2 0.183333333
'7' 29  1 1993 570.0  -0.1  8.6 0.716  3.6  1.2 0.1 0.116666667
'7' 30  1 1993 2560.0  -1.2  3.9 0.555  3.6  0.0 0.3 0.000000000
'7' 31  1 1993 3500.0  -2.3  3.9 0.586  1.5  0.0 0.4 0.000000000
'7'  1  2 1993 6690.0  -5.1  1.5 0.482  3.1  0.0 0.7 0.000000000
'7'  2  2 1993 800.0   0.4  3.1 0.683  3.1  0.1 0.1 0.041666667
'7'  3  2 1993 1130.0  -0.1  3.7 0.682  2.1  0.0 0.1 0.000000000
'7'  4  2 1993 1830.0  -1.2  0.9 0.602  2.1  0.0 0.2 0.000000000
'7'  5  2 1993 1020.0   0.2  4.0 0.676  3.6  0.0 0.1 0.000000000
'7'  6  2 1993 990.0   3.1  7.0 0.832  3.1  1.6 0.1 0.179166667
'7'  7  2 1993 1540.0   3.9  7.1 0.852  1.5  0.1 0.2 0.041666667
'7'  8  2 1993 1860.0   3.6  6.3 0.822  2.6  0.0 0.2 0.000000000
'7'  9  2 1993 1500.0   3.6  5.5 0.835  3.6  0.1 0.2 0.004166667
'7' 10  2 1993 2430.0   1.9  3.9 0.728  3.1  0.0 0.3 0.000000000
'7' 11  2 1993 1050.0  -0.3  2.1 0.572  3.1  0.0 0.1 0.000000000
'7' 12  2 1993 5930.0  -1.4  5.7 0.640  1.5  0.0 0.7 0.000000000
'7' 13  2 1993 3620.0  -2.1  1.1 0.585  1.5  0.0 0.4 0.000000000
'7' 14  2 1993 1650.0  -2.3  0.0 0.554  2.6  0.0 0.2 0.000000000
'7' 15  2 1993 2480.0  -0.5  3.3 0.616  2.6  0.0 0.3 0.000000000
'7' 16  2 1993 4810.0   0.4  8.6 0.741  2.6  0.6 0.6 0.116666667
'7' 17  2 1993 1960.0   3.5  8.4 0.826  4.1  1.4 0.3 0.262500000
'7' 18  2 1993 2390.0   2.6  7.9 0.784  4.1  0.7 0.3 0.070833333
'7' 19  2 1993 4750.0   3.2  7.9 0.634  7.7  0.6 0.6 0.087500000
'7' 20  2 1993 4950.0   1.7  7.5 0.672  5.7  1.6 0.6 0.108333333
'7' 21  2 1993 5440.0   1.0  6.3 0.607  7.7  2.2 0.7 0.150000000
'7' 22  2 1993 7420.0  -0.9  5.2 0.605  3.6  2.8 0.8 0.166666667
'7' 23  2 1993 10620.0  -2.9  3.6 0.413  3.1  0.0 1.1 0.000000000
'7' 24  2 1993 5510.0  -3.2  1.6 0.510  2.1  0.0 0.6 0.000000000
'7' 25  2 1993 2500.0  -0.8  3.8 0.604  2.6  0.0 0.3 0.000000000
'7' 26  2 1993 1780.0   1.5  3.8 0.692  3.1  4.8 0.2 0.583333333
'7' 27  2 1993 8280.0  -2.2  4.7 0.485  4.6  1.6 0.9 0.141666667
'7' 28  2 1993 6870.0  -3.9  4.3 0.531  2.6  4.6 0.7 0.200000000
'7'  1  3 1993 6450.0  -3.7  4.1 0.480  5.7  0.0 0.7 0.000000000
'7'  2  3 1993 9420.0  -0.1  6.1 0.509  8.2  0.0 1.1 0.000000000
'7'  3  3 1993 10640.0  -2.8  2.5 0.426  4.6  0.0 1.1 0.000000000
'7'  4  3 1993 3410.0  -2.5  3.1 0.488  2.1  0.0 0.4 0.000000000
'7'  5  3 1993 3910.0  -2.3  5.5 0.591  2.6  4.1 0.5 0.133333333
'7'  6  3 1993 3590.0   5.0  8.9 0.920  3.6  0.7 0.5 0.020833333
'7'  7  3 1993 3520.0   3.4  7.5 0.801  2.6  0.2 0.5 0.004166667
'7'  8  3 1993 13300.0   0.3  9.1 0.600  4.1  0.0 1.6 0.000000000
'7'  9  3 1993 13330.0  -1.3  8.3 0.479  4.1  0.0 1.6 0.000000000
'7' 10  3 1993 10040.0   0.6 12.2 0.661  2.6  0.0 1.3 0.000000000
'7' 11  3 1993 9140.0   2.8 13.8 0.832  2.1  0.0 1.2 0.000000000
'7' 12  3 1993 12070.0   0.6 16.1 0.700  2.1  0.0 1.7 0.000000000
'7' 13  3 1993 12960.0   1.5 16.2 0.696  2.1  0.0 1.8 0.000000000
'7' 14  3 1993 11130.0   0.2 17.3 0.708  2.1  0.0 1.6 0.000000000
'7' 15  3 1993 13250.0   3.9 17.6 0.819  2.1  0.0 2.0 0.000000000
'7' 16  3 1993 4220.0   7.2 12.7 0.997  5.7  0.0 0.6 0.000000000
'7' 17  3 1993 8700.0   7.3 13.7 1.015  6.7  1.9 1.3 0.179166667
'7' 18  3 1993 4060.0   5.1 12.3 0.849  5.7  0.1 0.6 0.041666667
'7' 19  3 1993 14520.0   1.2 10.7 0.632  3.1  0.0 1.9 0.000000000
'7' 20  3 1993 14980.0  -1.4 12.2 0.604  2.6  0.0 1.9 0.000000000
'7' 21  3 1993 12860.0   0.6 15.3 0.663  2.6  0.0 1.8 0.000000000
'7' 22  3 1993 5630.0   6.7 14.1 1.049  4.1  3.3 0.8 0.229166667
'7' 23  3 1993 11810.0   1.9  9.5 0.626  4.6  0.0 1.6 0.000000000
'7' 24  3 1993 14350.0   0.0  9.9 0.586  3.1  0.0 1.8 0.000000000
'7' 25  3 1993 10410.0   1.5  8.8 0.638  4.6  0.4 1.3 0.020833333
'7' 26  3 1993 14000.0  -0.2 10.1 0.510  4.1  0.1 1.8 0.020833333
'7' 27  3 1993 16260.0  -4.5  8.3 0.394  2.1  0.0 1.9 0.000000000
'7' 28  3 1993 19020.0  -3.6  7.8 0.403  3.6  0.0 2.2 0.000000000
'7' 29  3 1993 18290.0  -2.9  9.6 0.377  3.1  0.0 2.2 0.000000000
'7' 30  3 1993 15400.0  -0.9 13.0 0.406  4.1  0.0 2.1 0.000000000
'7' 31  3 1993 5150.0   7.2 14.9 1.004  3.1  1.2 0.8 0.262500000
'7'  1  4 1993 3510.0   6.6 13.8 1.061  2.6  2.5 0.5 0.120833333
'7'  2  4 1993 6140.0   0.4 10.1 0.684  3.1  0.0 0.8 0.000000000
'7'  3  4 1993 16400.0  -0.4 12.3 0.646  2.1  0.0 2.2 0.000000000
'7'  4  4 1993 6120.0   1.3  8.5 0.694  3.1  0.7 0.8 0.083333333
'7'  5  4 1993 5840.0   0.5 10.3 0.724  5.7  7.7 0.8 0.216666667
'7'  6  4 1993 5160.0   6.4 10.6 0.900  6.7  5.6 0.7 0.295833333
'7'  7  4 1993 4090.0   2.5  9.2 0.737  3.1  0.0 0.6 0.000000000
'7'  8  4 1993 8540.0  -0.1 10.1 0.610  2.1  0.0 1.1 0.000000000
'7'  9  4 1993 14330.0   2.3 13.1 0.624  5.1  0.5 2.0 0.050000000
'7' 10  4 1993 14210.0   4.1 12.9 0.814  3.1  0.0 2.0 0.000000000
'7' 11  4 1993 5410.0   4.3 10.9 0.893  3.1  1.2 0.7 0.116666667
'7' 12  4 1993 7920.0   3.6 12.5 0.901  2.1  3.8 1.1 0.150000000
'7' 13  4 1993 11950.0   1.6 13.0 0.762  2.1  0.0 1.6 0.000000000
'7' 14  4 1993 14960.0   3.7 14.3 0.845  2.6  0.0 2.1 0.000000000
'7' 15  4 1993 15370.0   3.1 14.4 0.886  3.1  0.0 2.2 0.000000000
'7' 16  4 1993 17470.0   4.3 15.7 0.884  3.1  0.0 2.5 0.000000000
'7' 17  4 1993 2910.0   9.4 11.3 1.154  4.6  1.8 0.4 0.116666667
'7' 18  4 1993 5500.0   7.4 13.3 1.157  5.7 11.7 0.8 0.554166667
'7' 19  4 1993 3150.0   7.3 12.0 1.089  3.1  3.5 0.5 0.312500000
'7' 20  4 1993 21830.0   7.3 21.8 1.059  3.1  0.0 3.6 0.000000000
'7' 21  4 1993 14950.0   7.0 21.0 0.986  2.6  0.0 2.4 0.000000000
'7' 22  4 1993 8470.0   6.3 18.0 1.110  2.6  6.0 1.3 0.108333333
'7' 23  4 1993 18860.0   9.2 19.2 1.116  4.1  0.0 3.1 0.000000000
'7' 24  4 1993 18930.0  12.8 21.8 1.171  4.1  0.0 3.3 0.000000000
'7' 25  4 1993 19450.0   9.8 20.2 1.154  2.6  0.0 3.2 0.000000000
'7' 26  4 1993 19620.0  10.3 20.9 1.231  3.1  0.0 3.2 0.000000000
'7' 27  4 1993 23180.0  10.5 23.6 1.097  5.7  0.0 3.9 0.000000000
'7' 28  4 1993 22310.0  10.1 26.9 0.899  5.7  0.0 4.0 0.000000000
'7' 29  4 1993 21830.0  13.6 26.8 0.972  5.7  0.0 4.0 0.000000000
'7' 30  4 1993 21440.0  13.9 26.9 1.053  3.6  0.0 3.9 0.000000000
'7'  1  5 1993 21140.0   9.5 23.4 1.211  3.1  0.0 3.6 0.000000000
'7'  2  5 1993 3730.0   9.0 13.0 1.157  3.6  0.0 0.6 0.000000000
'7'  3  5 1993 13390.0   3.5 12.5 0.713  4.1  0.0 1.9 0.000000000
'7'  4  5 1993 22180.0   0.2 13.9 0.580  3.1  0.0 3.1 0.000000000
'7'  5  5 1993 21700.0   2.3 13.6 0.611  4.6  0.0 3.1 0.000000000
'7'  6  5 1993 23100.0   3.2 15.3 0.704  5.7  0.0 3.3 0.000000000
'7'  7  5 1993 7460.0   7.3 14.7 0.978  6.2  0.0 1.1 0.000000000
'7'  8  5 1993 17320.0   9.3 19.4 1.049  6.7  0.0 2.8 0.000000000
'7'  9  5 1993 19550.0   8.8 25.3 1.174  5.1  7.8 3.3 0.191666667
'7' 10  5 1993 22000.0  11.6 25.2 1.399  4.1  1.2 3.9 0.050000000
'7' 11  5 1993 24490.0  13.3 26.1 1.179  5.1  0.0 4.5 0.000000000
'7' 12  5 1993 23310.0  12.7 25.2 1.249  3.6  0.0 4.2 0.000000000
'7' 13  5 1993 5820.0   9.9 15.8 1.279  3.6  0.7 0.9 0.104166667
'7' 14  5 1993 7150.0   9.0 14.4 1.135  3.1  0.0 1.1 0.000000000
'7' 15  5 1993 12000.0   6.1 15.3 0.904  4.1  1.3 1.8 0.079166667
'7' 16  5 1993 22330.0   5.1 18.9 0.764  4.1  0.0 3.5 0.000000000
'7' 17  5 1993 25620.0  10.1 24.5 0.882  6.2  0.0 4.5 0.000000000
'7' 18  5 1993 11120.0  14.5 21.9 1.582  2.6  8.8 1.9 0.125000000
'7' 19  5 1993 16860.0  11.0 21.2 1.467  3.1  0.3 2.8 0.016666667
'7' 20  5 1993 12950.0  11.2 22.9 1.514  3.6  7.8 2.2 0.120833333
'7' 21  5 1993 9220.0   6.2 15.7 0.991  4.1  0.0 1.4 0.000000000
'7' 22  5 1993 24160.0   4.4 19.5 0.880  2.6  0.0 3.8 0.000000000
'7' 23  5 1993 25180.0   8.3 21.9 1.005  3.6  0.0 4.2 0.000000000
'7' 24  5 1993 26180.0  11.0 25.5 1.274  3.6  0.0 4.7 0.000000000
'7' 25  5 1993 22600.0  12.4 24.4 1.488  4.1  0.0 4.0 0.000000000
'7' 26  5 1993 21630.0  10.5 24.1 1.321  5.1  0.3 3.8 0.037500000
'7' 27  5 1993 4160.0  11.4 15.7 1.459  5.1  7.3 0.7 0.195833333
'7' 28  5 1993 7060.0  10.3 13.1 1.246  3.1 15.4 1.1 0.408333333
'7' 29  5 1993 25450.0  10.6 20.5 1.254  4.1  0.0 4.3 0.000000000
'7' 30  5 1993 20070.0  12.7 20.8 1.306  5.1  0.0 3.4 0.000000000
'7' 31  5 1993 14190.0  11.2 17.1 1.171  7.2  0.0 2.3 0.000000000
'7'  1  6 1993 15140.0  10.2 20.2 1.289  3.1  0.0 2.5 0.000000000
'7'  2  6 1993 12380.0  12.9 22.4 1.672  2.6  3.1 2.1 0.337500000
'7'  3  6 1993 10130.0  12.5 17.5 1.480  3.1  1.7 1.6 0.245833333
'7'  4  6 1993 18590.0  10.6 21.2 1.340  2.6  0.0 3.2 0.000000000
'7'  5  6 1993 21430.0  14.7 23.7 1.555  3.1  0.0 3.8 0.000000000
'7'  6  6 1993 25750.0  12.2 23.8 1.362  3.1  0.0 4.5 0.000000000
'7'  7  6 1993 23700.0   9.8 24.4 1.302  2.1  0.0 4.1 0.000000000
'7'  8  6 1993 27530.0   9.8 26.6 1.277  2.6  0.0 5.0 0.000000000
'7'  9  6 1993 27960.0  13.5 29.0 1.407  3.6  0.0 5.3 0.000000000
'7' 10  6 1993 19150.0  17.4 28.9 1.963  2.6  2.2 3.7 0.104166667
'7' 11  6 1993 16390.0  13.9 22.7 1.553  5.1  0.0 2.9 0.000000000
'7' 12  6 1993 7200.0  11.6 15.9 1.307  4.6  0.0 1.1 0.000000000
'7' 13  6 1993 10210.0   8.5 17.4 1.168  2.6  0.0 1.6 0.000000000
'7' 14  6 1993 5320.0  10.7 14.0 1.255  2.6  6.3 0.8 0.366666667
'7' 15  6 1993 26480.0   9.5 17.7 1.123  3.1  0.1 4.2 0.037500000
'7' 16  6 1993 2510.0  11.3 14.6 1.454  4.1 23.4 0.4 0.562500000
'7' 17  6 1993 22450.0  10.8 19.6 1.355  3.6  0.0 3.7 0.000000000
'7' 18  6 1993 5070.0  12.9 17.1 1.553  5.1  9.7 0.8 0.200000000
'7' 19  6 1993 15990.0  13.6 18.4 1.508  3.6  3.4 2.7 0.062500000
'7' 20  6 1993 25720.0  10.7 19.6 1.284  3.1  0.0 4.3 0.000000000
'7' 21  6 1993 16990.0   8.1 18.5 1.176  2.1  0.0 2.8 0.000000000
'7' 22  6 1993 14910.0   8.5 18.6 1.156  2.6  0.0 2.4 0.000000000
'7' 23  6 1993 13520.0   7.7 18.2 1.161  3.1  0.0 2.1 0.000000000
'7' 24  6 1993 23280.0   6.6 17.3 0.953  3.6  0.0 3.6 0.000000000
'7' 25  6 1993 9280.0   8.9 15.9 1.091  2.1  0.0 1.5 0.000000000
'7' 26  6 1993 9150.0   9.7 18.4 1.305  2.6  2.0 1.5 0.087500000
'7' 27  6 1993 20560.0  10.5 18.8 1.282  4.1  0.0 3.4 0.000000000
'7' 28  6 1993 12810.0  10.2 18.4 1.223  3.1  0.0 2.1 0.000000000
'7' 29  6 1993 28930.0   9.7 24.0 1.218  4.1  0.0 5.1 0.000000000
'7' 30  6 1993 28500.0  12.0 26.3 1.373  3.6  0.0 5.1 0.000000000
'7'  1  7 1993 28160.0  11.4 24.8 1.508  4.1  0.0 5.0 0.000000000
'7'  2  7 1993 26700.0  11.8 23.5 1.518  3.6  0.0 4.6 0.000000000
'7'  3  7 1993 19970.0  10.6 23.7 1.442  3.6  0.0 3.6 0.000000000
'7'  4  7 1993 22650.0  15.9 26.5 1.781  2.6  0.0 4.2 0.000000000
'7'  5  7 1993 6950.0  11.4 17.7 1.409  3.6 19.2 1.2 0.275000000
'7'  6  7 1993 19840.0  11.0 18.2 1.178  3.6  0.0 3.3 0.000000000
'7'  7  7 1993 15540.0  11.2 17.5 1.231  3.6  0.0 2.6 0.000000000
'7'  8  7 1993 18470.0   8.6 23.1 1.218  3.6  0.0 3.2 0.000000000
'7'  9  7 1993 12900.0  12.3 23.1 1.539  4.6  0.0 2.2 0.000000000
'7' 10  7 1993 19890.0  10.4 17.8 1.169  4.1  1.8 3.2 0.075000000
'7' 11  7 1993 14880.0   7.3 17.1 1.087  2.1  1.6 2.3 0.029166667
'7' 12  7 1993 14100.0   5.3 17.3 1.081  2.6  4.7 2.1 0.162500000
'7' 13  7 1993 17000.0   7.0 19.0 1.019  2.6  0.3 2.8 0.075000000
'7' 14  7 1993 4170.0  11.9 17.9 1.610  3.6 29.0 0.7 0.604166667
'7' 15  7 1993 7870.0  12.3 18.1 1.576  1.5  5.6 1.3 0.345833333
'7' 16  7 1993 13020.0  16.6 22.6 1.969  4.1  2.8 2.3 0.200000000
'7' 17  7 1993 12100.0  14.9 20.2 1.620  4.6  0.0 2.1 0.000000000
'7' 18  7 1993 19630.0  12.4 21.1 1.445  2.6  0.0 3.3 0.000000000
'7' 19  7 1993 9800.0  13.1 18.1 1.555  3.1  6.2 1.6 0.362500000
'7' 20  7 1993 11770.0  12.9 19.5 1.528  3.1  5.7 1.9 0.045833333
'7' 21  7 1993 14720.0  10.4 17.9 1.219  3.1 10.4 2.4 0.033333333
'7' 22  7 1993 17310.0   9.2 19.7 1.174  2.1  0.4 2.9 0.058333333
'7' 23  7 1993 12690.0  13.5 21.9 1.598  4.6  0.9 2.2 0.062500000
'7' 24  7 1993 11210.0  15.5 24.0 1.905  4.1 15.5 2.0 0.195833333
'7' 25  7 1993 17730.0  11.7 18.8 1.381  4.6 13.2 2.9 0.262500000
'7' 26  7 1993 19610.0  10.7 18.3 1.214  5.7  5.7 3.2 0.125000000
'7' 27  7 1993 3230.0  12.9 17.5 1.605  5.1 20.6 0.5 0.595833333
'7' 28  7 1993 10870.0  15.0 20.8 1.651  4.1  0.0 1.9 0.000000000
'7' 29  7 1993 8720.0  16.0 22.7 1.886  3.6  0.5 1.5 0.104166667
'7' 30  7 1993 3230.0  15.4 18.6 1.831  2.1 17.3 0.6 0.695833333
'7' 31  7 1993 14320.0  13.2 19.0 1.437  3.6  0.4 2.4 0.050000000
'7'  1  8 1993 10620.0  12.7 19.5 1.533  2.1  4.6 1.8 0.125000000
'7'  2  8 1993 18930.0  14.3 24.3 1.464  2.1  0.0 3.4 0.000000000
'7'  3  8 1993 12440.0  12.5 20.9 1.389  3.6  0.0 2.1 0.000000000
'7'  4  8 1993 14610.0  13.9 21.5 1.511  2.6  0.0 2.5 0.000000000
'7'  5  8 1993 10470.0  13.4 21.0 1.483  4.6  1.2 1.8 0.079166667
'7'  6  8 1993 13940.0  10.0 18.6 1.156  5.1  0.2 2.3 0.025000000
'7'  7  8 1993 14620.0   9.9 22.3 1.310  2.6  0.0 2.5 0.000000000
'7'  8  8 1993 12100.0  10.4 21.5 1.421  2.1  3.8 2.0 0.058333333
'7'  9  8 1993 5080.0  11.2 18.6 1.461  4.1  1.3 0.9 0.125000000
'7' 10  8 1993 12870.0   9.8 17.2 1.124  4.1  0.0 2.1 0.000000000
'7' 11  8 1993 6820.0   7.6 18.3 1.144  5.1  0.4 1.1 0.058333333
'7' 12  8 1993 7640.0  12.6 19.2 1.481  5.7 13.0 1.3 0.229166667
'7' 13  8 1993 20810.0  10.1 19.7 1.093  3.1  0.0 3.4 0.000000000
'7' 14  8 1993 15170.0  10.5 22.4 1.332  2.6  0.4 2.6 0.041666667
'7' 15  8 1993 10690.0  12.7 23.1 1.721  2.6  8.2 1.9 0.145833333
'7' 16  8 1993 12340.0  12.6 20.9 1.542  3.1  0.0 2.1 0.000000000
'7' 17  8 1993 23820.0  11.7 19.8 1.259  3.1  0.0 4.0 0.000000000
'7' 18  8 1993 20360.0   9.3 21.7 1.098  2.6  0.0 3.4 0.000000000
'7' 19  8 1993 19680.0   8.6 22.0 1.116  1.5  0.0 3.3 0.000000000
'7' 20  8 1993 6280.0  12.8 20.9 1.536  2.6  0.0 1.1 0.000000000
'7' 21  8 1993 12060.0  12.0 21.5 1.451  2.6  0.0 2.1 0.000000000
'7' 22  8 1993 3410.0   7.8 14.7 1.180  3.6 14.2 0.5 0.254166667
'7' 23  8 1993 14010.0   8.5 16.7 1.150  2.6  3.0 2.2 0.041666667
'7' 24  8 1993 14080.0   7.5 18.0 1.118  2.6  0.6 2.2 0.041666667
'7' 25  8 1993 10440.0   8.4 17.7 1.200  2.6  5.4 1.6 0.179166667
'7' 26  8 1993 14770.0   9.2 18.4 1.187  2.1  0.2 2.4 0.012500000
'7' 27  8 1993 8610.0   8.1 15.7 1.104  3.1  0.4 1.4 0.025000000
'7' 28  8 1993 17050.0   6.4 18.2 1.028  2.6  0.0 2.7 0.000000000
'7' 29  8 1993 13150.0   4.4 19.1 0.983  2.1  0.0 2.0 0.000000000
'7' 30  8 1993 6710.0  10.7 17.4 1.297  3.6  3.2 1.1 0.137500000
'7' 31  8 1993 11050.0  11.4 18.0 1.289  3.1  0.0 1.8 0.000000000
'7'  1  9 1993 8960.0  10.5 18.2 1.359  1.5  0.0 1.5 0.000000000
'7'  2  9 1993 4070.0  10.7 16.7 1.351  2.1  0.2 0.7 0.016666667
'7'  3  9 1993 8750.0  11.6 16.3 1.353  4.1  6.3 1.4 0.266666667
'7'  4  9 1993 8740.0   9.8 16.5 1.193  3.1  0.4 1.4 0.025000000
'7'  5  9 1993 14860.0   7.4 17.9 1.029  2.6  0.0 2.3 0.000000000
'7'  6  9 1993 16260.0   3.8 19.1 0.895  1.5  0.0 2.5 0.000000000
'7'  7  9 1993 17890.0   7.9 20.5 1.035  4.1  0.0 2.9 0.000000000
'7'  8  9 1993 5150.0  12.2 20.8 1.657  2.1 14.4 0.9 0.195833333
'7'  9  9 1993 10010.0  12.6 21.0 1.656  3.1  0.0 1.7 0.000000000
'7' 10  9 1993 7010.0  11.3 18.9 1.478  3.6  1.7 1.1 0.075000000
'7' 11  9 1993 11460.0  10.0 18.8 1.365  2.1  0.0 1.8 0.000000000
'7' 12  9 1993 16180.0   7.9 19.5 1.160  3.6  2.6 2.6 0.116666667
'7' 13  9 1993 1430.0   9.3 13.8 1.291  5.1 26.1 0.2 0.500000000
'7' 14  9 1993 3510.0  10.6 14.4 1.380  3.6 13.6 0.5 0.295833333
'7' 15  9 1993 9740.0  12.1 17.5 1.490  3.6  8.3 1.6 0.175000000
'7' 16  9 1993 2570.0  10.1 14.5 1.344  2.6 13.9 0.4 0.270833333
'7' 17  9 1993 4040.0   4.7 12.0 0.988  2.1  2.5 0.6 0.112500000
'7' 18  9 1993 15180.0   2.5 15.5 0.817  2.6  0.0 2.2 0.000000000
'7' 19  9 1993 15520.0   6.0 18.9 1.048  3.1  0.0 2.4 0.000000000
'7' 20  9 1993 12130.0   9.9 23.2 1.435  3.1  0.0 2.1 0.000000000
'7' 21  9 1993 8920.0   9.7 19.2 1.359  4.1  0.1 1.5 0.020833333
'7' 22  9 1993 3890.0   9.9 16.7 1.442  2.1  2.5 0.6 0.200000000
'7' 23  9 1993 6770.0  11.3 17.6 1.464  2.1  0.0 1.1 0.000000000
'7' 24  9 1993 8730.0  10.1 15.7 1.271  3.6  0.0 1.4 0.000000000
'7' 25  9 1993 1380.0  11.0 13.0 1.302  5.1 16.7 0.2 0.700000000
'7' 26  9 1993 5340.0  10.3 12.4 1.247  5.1 14.0 0.8 0.633333333
'7' 27  9 1993 2420.0  10.4 14.1 1.372  4.1 17.1 0.4 0.445833333
'7' 28  9 1993 3560.0   7.7 13.9 1.164  4.1  0.6 0.5 0.041666667
'7' 29  9 1993 11670.0   7.2 16.2 1.139  3.1  0.0 1.8 0.000000000
'7' 30  9 1993 5370.0   9.1 14.7 1.190  3.6  0.0 0.8 0.000000000
'7'  1 10 1993 3740.0  10.9 15.1 1.290  6.2  5.5 0.6 0.262500000
'7'  2 10 1993 8090.0   9.1 16.3 1.211  3.6  0.0 1.2 0.000000000
'7'  3 10 1993 1640.0   8.6 12.9 1.226  3.6 10.3 0.2 0.583333333
'7'  4 10 1993 5420.0   9.9 17.1 1.321  4.1  0.8 0.8 0.104166667
'7'  5 10 1993 6310.0   9.3 18.1 1.364  3.6  1.4 1.0 0.100000000
'7'  6 10 1993 8900.0  11.4 17.1 1.355  4.1  0.0 1.4 0.000000000
'7'  7 10 1993 6650.0   9.3 16.4 1.195  4.1  0.0 1.0 0.000000000
'7'  8 10 1993 6980.0  10.2 16.4 1.329  2.1  0.0 1.1 0.000000000
'7'  9 10 1993 6150.0   8.9 14.4 1.184  4.1  0.0 0.9 0.000000000
'7' 10 10 1993 6840.0   7.8 15.5 1.164  3.1  0.0 1.0 0.000000000
'7' 11 10 1993 5940.0  11.0 17.7 1.418  3.6  0.8 1.0 0.104166667
'7' 12 10 1993 3190.0  11.9 17.5 1.479  6.2  8.8 0.5 0.216666667
'7' 13 10 1993 4940.0  11.5 16.4 1.336  4.1  0.4 0.8 0.054166667
'7' 14 10 1993 1530.0   4.3 11.7 0.995  3.6 18.5 0.2 0.575000000
'7' 15 10 1993 6280.0   0.7 11.3 0.773  2.1  0.8 0.8 0.045833333
'7' 16 10 1993 5100.0   0.1  8.8 0.718  2.1  0.7 0.6 0.066666667
'7' 17 10 1993 9700.0  -0.6 11.4 0.677  3.1  0.0 1.2 0.000000000
'7' 18 10 1993 10430.0  -0.6  9.2 0.568  4.1  0.0 1.3 0.000000000
'7' 19 10 1993 9100.0  -1.7  9.6 0.617  2.1  0.0 1.1 0.000000000
'7' 20 10 1993 4500.0  -1.4  9.6 0.657  2.6  5.0 0.6 0.154166667
'7' 21 10 1993 6470.0   4.5 10.4 0.940  2.6 22.8 0.9 0.229166667
'7' 22 10 1993 5690.0   4.3  9.4 0.829  5.7  0.0 0.8 0.000000000
'7' 23 10 1993 3580.0   4.3  8.7 0.774  6.7  0.0 0.5 0.000000000
'7' 24 10 1993 8420.0   5.5  8.9 0.797  5.1  0.0 1.1 0.000000000
'7' 25 10 1993 2370.0   6.6 10.8 0.968  3.1  0.0 0.3 0.000000000
'7' 26 10 1993 3040.0   7.8 12.3 1.120  3.1  0.8 0.4 0.037500000
'7' 27 10 1993 3320.0   8.1 10.6 1.113  2.6  2.4 0.5 0.100000000
'7' 28 10 1993 5030.0   3.5 10.6 0.856  3.1  0.0 0.7 0.000000000
'7' 29 10 1993 6900.0   1.4 10.5 0.803  3.1  0.0 0.9 0.000000000
'7' 30 10 1993 5150.0   1.1  8.0 0.778  3.6  0.0 0.6 0.000000000
'7' 31 10 1993 1260.0   1.7  3.9 0.745  2.6  0.0 0.1 0.000000000
'7'  1 11 1993 680.0   1.8  3.1 0.699  2.1  0.0 0.1 0.000000000
'7'  2 11 1993 2360.0   1.6  5.0 0.699  3.1  0.0 0.3 0.000000000
'7'  3 11 1993 3750.0   4.1 11.4 0.907  3.1  0.0 0.5 0.000000000
'7'  4 11 1993 5450.0   3.3 17.3 1.012  1.5  0.0 0.8 0.000000000
'7'  5 11 1993 6160.0   3.0 10.0 0.853  3.6  0.0 0.8 0.000000000
'7'  6 11 1993 1210.0   5.2  6.7 0.847  5.1  0.0 0.2 0.000000000
'7'  7 11 1993 890.0   4.8  6.2 0.848  3.1  0.3 0.1 0.325000000
'7'  8 11 1993 1210.0   3.7  7.3 0.869  2.1  0.1 0.2 0.050000000
'7'  9 11 1993 2530.0   3.9 10.8 0.926  2.6  0.0 0.3 0.000000000
'7' 10 11 1993 650.0   6.9  8.9 1.010  6.2  3.6 0.1 0.791666667
'7' 11 11 1993 3640.0   6.0 10.3 0.953  4.6  5.8 0.5 0.233333333
'7' 12 11 1993 4960.0   4.3  9.7 0.895  4.1  0.0 0.7 0.000000000
'7' 13 11 1993 2160.0   4.6  9.1 0.900  5.7  3.8 0.3 0.262500000
'7' 14 11 1993 390.0   5.6 11.5 1.024  9.3 46.2 0.1 0.820833333
'7' 15 11 1993 2270.0   1.6  8.6 0.765  4.6  4.2 0.3 0.145833333
'7' 16 11 1993 4400.0  -1.6  4.4 0.567  2.1  0.0 0.5 0.000000000
'7' 17 11 1993 4550.0  -2.2  4.9 0.546  4.1  0.0 0.5 0.000000000
'7' 18 11 1993 4730.0  -3.0  2.0 0.503  3.6  0.0 0.5 0.000000000
'7' 19 11 1993 5490.0  -4.4  3.6 0.453  2.6  0.0 0.6 0.000000000
'7' 20 11 1993 1360.0  -5.6  1.9 0.455  3.6  0.0 0.1 0.000000000
'7' 21 11 1993 1530.0  -5.7 -1.4 0.389  4.6  0.0 0.1 0.000000000
'7' 22 11 1993 3260.0  -8.4 -2.4 0.365  1.5  0.0 0.3 0.000000000
'7' 23 11 1993 660.0  -8.9  0.2 0.394  3.1  0.0 0.1 0.000000000
'7' 24 11 1993 4720.0  -6.3  0.3 0.403  3.1  0.0 0.4 0.000000000
'7' 25 11 1993 3450.0  -3.9  3.5 0.538  2.1  0.0 0.4 0.000000000
'7' 26 11 1993 1720.0  -5.0  1.7 0.518  2.1  0.0 0.2 0.000000000
'7' 27 11 1993 600.0  -3.9 -1.9 0.472  3.6  0.0 0.1 0.000000000
'7' 28 11 1993 1830.0  -3.9 -0.5 0.464  4.6  0.0 0.2 0.000000000
'7' 29 11 1993 3770.0  -4.6  1.5 0.461  4.1  0.0 0.4 0.000000000
'7' 30 11 1993 1200.0  -4.7 -1.0 0.431  4.1  1.0 0.1 0.341666667
'7'  1 12 1993 800.0  -2.3  1.7 0.579  3.1  1.2 0.1 0.179166667
'7'  2 12 1993 1710.0   1.7  9.9 0.856  6.2  0.0 0.2 0.000000000
'7'  3 12 1993 1060.0   7.8  9.9 1.043  6.7  0.2 0.2 0.054166667
'7'  4 12 1993 310.0   3.2 11.0 0.883  6.2  2.0 0.0 0.150000000
'7'  5 12 1993 2400.0   2.3  7.9 0.817  4.6  0.0 0.3 0.000000000
'7'  6 12 1993 540.0   6.1  7.8 0.957  4.6  0.0 0.1 0.000000000
'7'  7 12 1993 270.0   3.1  6.9 0.760  6.2  9.3 0.0 0.387500000
'7'  8 12 1993 650.0   2.6 10.8 0.864  7.2  8.7 0.1 0.462500000
'7'  9 12 1993 560.0   5.9  9.8 0.778 10.8  2.6 0.1 0.166666667
'7' 10 12 1993 540.0   4.5  8.1 0.824  5.7  1.1 0.1 0.116666667
'7' 11 12 1993 2680.0   1.7  6.3 0.681  5.1  1.6 0.3 0.154166667
'7' 12 12 1993 2090.0  -0.7  5.6 0.680  4.1  9.0 0.2 0.283333333
'7' 13 12 1993 1000.0   2.3 10.0 0.845  6.7  7.5 0.1 0.345833333
'7' 14 12 1993 3240.0  -0.6  3.6 0.551  4.6  0.7 0.4 0.145833333
'7' 15 12 1993 220.0   0.5  3.9 0.646  7.2  3.4 0.0 0.208333333
'7' 16 12 1993 780.0   3.6  7.2 0.756  7.7 12.1 0.1 0.391666667
'7' 17 12 1993 2600.0   3.7  7.7 0.770  4.6  0.5 0.3 0.120833333
'7' 18 12 1993 400.0   7.7 11.9 1.079  6.7  0.4 0.1 0.070833333
'7' 19 12 1993 160.0   7.3 13.4 1.032  9.8 10.2 0.0 0.329166667
'7' 20 12 1993 610.0   2.5  7.4 0.753  3.6  4.5 0.1 0.437500000
'7' 21 12 1993 1300.0   0.6  4.2 0.648  4.1 13.5 0.1 0.383333333
'7' 22 12 1993 390.0   3.7  6.8 0.750  6.7 15.3 0.0 0.525000000
'7' 23 12 1993 1740.0   2.1  5.8 0.683  5.7  1.9 0.2 0.125000000
'7' 24 12 1993 460.0   2.0  5.1 0.736  3.6  3.2 0.1 0.358333333
'7' 25 12 1993 1670.0  -3.3  2.1 0.567  1.5  0.0 0.2 0.000000000
'7' 26 12 1993 960.0  -0.7  3.0 0.598  3.6  0.9 0.1 0.150000000
'7' 27 12 1993 900.0   1.5  4.2 0.709  1.5  0.6 0.1 0.129166667
'7' 28 12 1993 1390.0   0.6  3.3 0.651  3.1  0.8 0.2 0.100000000
'7' 29 12 1993 380.0   1.9  7.8 0.801  5.7  6.0 0.0 0.241666667
'7' 30 12 1993 460.0   5.2  8.5 0.926  5.1 33.2 0.1 0.525000000
'7' 31 12 1993 1560.0   2.9  8.0 0.805  5.1  5.7 0.2 0.266666667
