station DD MM YYYY RAD Tmin Tmax HUM WIND RAIN ETref WET
'7'  1  1 1997 3750.0 -13.7 -7.3 0.204  4.0  0.0 0.2 0.000000000
'7'  2  1 1997 4290.0 -16.0 -8.1 0.188  2.2  0.0 0.3 0.000000000
'7'  3  1 1997 1750.0 -12.8 -5.0 0.228  4.7  0.0 0.1 0.000000000
'7'  4  1 1997 1040.0  -5.0 -2.9 0.355  5.8  0.0 0.1 0.000000000
'7'  5  1 1997 1670.0 -11.1 -2.3 0.288  3.8  0.0 0.1 0.000000000
'7'  6  1 1997 1630.0 -11.3 -6.1 0.279  2.5  0.0 0.1 0.000000000
'7'  7  1 1997 1070.0  -8.4 -3.3 0.336  2.9  0.0 0.1 0.000000000
'7'  8  1 1997 1730.0  -8.9 -6.3 0.309  3.6  0.0 0.1 0.000000000
'7'  9  1 1997 2250.0  -9.1 -4.2 0.317  3.1  0.0 0.2 0.000000000
'7' 10  1 1997 930.0  -4.2 -3.0 0.351  2.5  0.0 0.1 0.000000000
'7' 11  1 1997 970.0  -5.3 -2.9 0.350  2.7  0.0 0.1 0.000000000
'7' 12  1 1997 1000.0  -5.6  1.8 0.474  3.3  0.0 0.1 0.000000000
'7' 13  1 1997 4080.0   0.0  7.5 0.631  3.0  0.0 0.5 0.000000000
'7' 14  1 1997 4540.0  -2.3  6.7 0.494  2.5  0.0 0.5 0.000000000
'7' 15  1 1997 4490.0  -3.9  5.0 0.468  2.5  0.0 0.5 0.000000000
'7' 16  1 1997 4730.0  -3.7  6.4 0.489  2.3  0.0 0.5 0.000000000
'7' 17  1 1997 4390.0  -1.7  7.3 0.523  3.5  0.0 0.5 0.000000000
'7' 18  1 1997 490.0   3.2  5.6 0.825  3.2  0.0 0.1 0.000000000
'7' 19  1 1997 500.0   1.1  4.2 0.734  2.8  3.0 0.1 0.166666667
'7' 20  1 1997 1620.0   0.5  4.4 0.707  1.9  0.0 0.2 0.000000000
'7' 21  1 1997 2810.0  -2.2  3.0 0.586  3.5  0.0 0.3 0.000000000
'7' 22  1 1997 2680.0   0.3  9.6 0.714  4.3  0.0 0.3 0.000000000
'7' 23  1 1997 2940.0   1.3  8.5 0.795  2.8  0.0 0.4 0.000000000
'7' 24  1 1997 4400.0  -2.0  7.2 0.688  1.1  1.6 0.5 0.116666667
'7' 25  1 1997 3890.0  -1.9  7.7 0.664  1.4  0.0 0.4 0.000000000
'7' 26  1 1997 690.0  -2.8  1.2 0.569  2.4  0.0 0.1 0.000000000
'7' 27  1 1997 5400.0  -4.9  1.0 0.485  1.6  0.0 0.5 0.000000000
'7' 28  1 1997 1510.0  -0.2  3.8 0.688  1.3  0.1 0.2 0.025000000
'7' 29  1 1997 1430.0   1.7  3.8 0.742  1.3  0.0 0.2 0.000000000
'7' 30  1 1997 900.0   1.3  4.3 0.713  1.0  0.0 0.1 0.000000000
'7' 31  1 1997 2340.0  -0.4  5.9 0.637  2.0  0.2 0.3 0.041666667
'7'  1  2 1997 1980.0  -1.5  2.7 0.485  2.2  0.0 0.2 0.000000000
'7'  2  2 1997 1930.0  -2.5  1.4 0.551  2.9  0.0 0.2 0.000000000
'7'  3  2 1997 2600.0  -0.7  2.6 0.649  2.8  0.0 0.3 0.000000000
'7'  4  2 1997 730.0   0.7  6.8 0.725  7.3  7.9 0.1 0.266666667
'7'  5  2 1997 5510.0   1.3  7.1 0.734  3.1  5.5 0.7 0.270833333
'7'  6  2 1997 3550.0   1.6  9.1 0.749  5.2  0.0 0.4 0.000000000
'7'  7  2 1997 3280.0   3.7  9.9 0.819  4.8  2.8 0.4 0.120833333
'7'  8  2 1997 6120.0  -1.6  8.5 0.686  2.3  0.0 0.7 0.000000000
'7'  9  2 1997 3350.0   4.7 10.7 0.924  5.3  0.0 0.5 0.000000000
'7' 10  2 1997 1640.0   5.3  9.7 0.860  7.2  3.8 0.2 0.170833333
'7' 11  2 1997 4780.0   3.3  8.8 0.736  6.7  2.0 0.6 0.125000000
'7' 12  2 1997 600.0   5.8 11.7 1.049  7.8 16.8 0.1 0.458333333
'7' 13  2 1997 1690.0   3.6  9.8 0.804  7.8 13.2 0.2 0.283333333
'7' 14  2 1997 7170.0  -0.3  7.8 0.642  4.1  0.0 0.9 0.000000000
'7' 15  2 1997 6610.0  -0.5  8.6 0.694  2.9  0.0 0.8 0.000000000
'7' 16  2 1997 4570.0  -0.8  6.5 0.629  4.2  0.5 0.5 0.041666667
'7' 17  2 1997 2640.0   3.0  9.6 0.789  5.2  1.7 0.4 0.100000000
'7' 18  2 1997 4200.0   4.6 10.7 0.839  7.9  9.7 0.6 0.300000000
'7' 19  2 1997 4650.0   2.5  9.6 0.708  7.1  3.2 0.6 0.112500000
'7' 20  2 1997 5590.0   6.2 10.3 0.777  8.5  0.0 0.8 0.000000000
'7' 21  2 1997 1500.0   6.6 10.9 0.982  7.5  0.5 0.2 0.054166667
'7' 22  2 1997 2290.0   6.3 11.6 1.023  4.5  0.0 0.3 0.000000000
'7' 23  2 1997 4630.0   6.5 12.4 0.938  5.3  0.0 0.7 0.000000000
'7' 24  2 1997 2570.0   7.8 12.1 0.980  8.1  7.2 0.4 0.295833333
'7' 25  2 1997 5220.0   8.7 12.8 0.997 10.8  1.8 0.8 0.141666667
'7' 26  2 1997 2810.0   6.1  9.8 0.869  7.5  2.3 0.4 0.191666667
'7' 27  2 1997 4490.0   2.1  9.0 0.694  3.9  0.0 0.6 0.000000000
'7' 28  2 1997 8000.0   5.8 14.4 0.803  5.8  0.2 1.2 0.025000000
'7'  1  3 1997 10410.0   3.8 13.0 0.857  4.8  0.0 1.5 0.000000000
'7'  2  3 1997 2000.0   7.1 12.7 0.969  6.6  2.2 0.3 0.050000000
'7'  3  3 1997 8910.0   3.6 11.1 0.693  2.3  0.0 1.2 0.000000000
'7'  4  3 1997 6560.0   2.1 12.2 0.806  3.8  0.0 0.9 0.000000000
'7'  5  3 1997 5820.0   5.5 11.8 0.973  3.5  0.0 0.8 0.000000000
'7'  6  3 1997 8750.0   2.7 11.7 0.790  3.5  1.8 1.2 0.095833333
'7'  7  3 1997 6900.0   1.2 15.2 0.808  3.0  0.0 1.0 0.000000000
'7'  8  3 1997 4860.0   4.8 12.9 0.949  1.8  0.0 0.7 0.000000000
'7'  9  3 1997 10560.0   5.4 14.4 1.021  2.9  0.0 1.5 0.000000000
'7' 10  3 1997 13100.0   3.5 17.9 0.897  2.3  0.0 1.9 0.000000000
'7' 11  3 1997 6780.0   2.8  9.6 0.874  2.1  0.0 0.9 0.000000000
'7' 12  3 1997 8340.0   3.4 13.7 0.937  3.2  0.0 1.1 0.000000000
'7' 13  3 1997 11740.0   6.5 15.4 1.047  4.1  0.0 1.7 0.000000000
'7' 14  3 1997 1810.0   7.8 10.1 1.061  4.2  0.8 0.3 0.087500000
'7' 15  3 1997 2360.0   8.3 11.0 1.099  3.6  0.8 0.3 0.112500000
'7' 16  3 1997 1590.0   8.1 11.3 1.112  3.3  1.0 0.2 0.158333333
'7' 17  3 1997 10630.0   4.4 13.8 0.941  3.1  0.0 1.5 0.000000000
'7' 18  3 1997 1930.0   4.3 10.0 0.902  4.3  6.7 0.3 0.133333333
'7' 19  3 1997 3830.0   4.0  9.5 0.811  4.9  4.5 0.5 0.208333333
'7' 20  3 1997 4610.0   1.9  7.4 0.676  2.7  0.2 0.6 0.016666667
'7' 21  3 1997 8380.0  -0.9  8.9 0.602  4.0  0.1 1.1 0.012500000
'7' 22  3 1997 12860.0  -3.0  8.6 0.518  1.9  0.0 1.6 0.000000000
'7' 23  3 1997 1730.0   5.1  8.3 0.839  3.3  2.5 0.2 0.237500000
'7' 24  3 1997 1480.0   5.6  8.0 0.955  1.3  0.5 0.2 0.166666667
'7' 25  3 1997 6150.0   4.5 10.4 0.909  1.4  2.0 0.8 0.250000000
'7' 26  3 1997 5190.0   5.3 13.0 0.972  6.1  2.2 0.8 0.100000000
'7' 27  3 1997 14300.0   7.4 14.7 0.880  6.6  0.0 2.2 0.000000000
'7' 28  3 1997 9190.0   5.7 11.4 0.796  6.8  1.1 1.3 0.037500000
'7' 29  3 1997 11050.0   4.6 10.5 0.783  4.8  0.5 1.5 0.008333333
'7' 30  3 1997 15580.0   3.6 13.8 0.833  2.6  0.0 2.2 0.000000000
'7' 31  3 1997 18130.0   0.1 14.6 0.701  2.5  0.0 2.5 0.000000000
'7'  1  4 1997 17940.0   0.9 17.3 0.735  2.3  0.0 2.5 0.000000000
'7'  2  4 1997 7190.0   0.7 13.6 0.719  1.5  0.0 1.0 0.000000000
'7'  3  4 1997 8330.0   5.5 11.6 0.783  5.1  0.0 1.2 0.000000000
'7'  4  4 1997 12300.0   3.5  9.3 0.611  5.0  0.1 1.6 0.020833333
'7'  5  4 1997 1560.0   5.2 11.5 0.953  6.5  5.9 0.2 0.500000000
'7'  6  4 1997 18950.0  -0.5 10.2 0.520  4.0  0.0 2.5 0.000000000
'7'  7  4 1997 19980.0  -3.0 10.9 0.442  1.9  0.0 2.5 0.000000000
'7'  8  4 1997 19270.0  -2.0 14.1 0.429  2.7  0.0 2.6 0.000000000
'7'  9  4 1997 15770.0   3.2 18.1 0.606  2.1  0.0 2.3 0.000000000
'7' 10  4 1997 17200.0   0.9 16.8 0.720  2.0  0.0 2.5 0.000000000
'7' 11  4 1997 9960.0   5.0 11.3 0.782  5.5  0.0 1.4 0.000000000
'7' 12  4 1997 11030.0   1.8 10.2 0.634  4.5  0.0 1.5 0.000000000
'7' 13  4 1997 15510.0  -1.2 11.2 0.599  2.3  0.0 2.0 0.000000000
'7' 14  4 1997 7960.0   5.1 13.8 0.914  3.6  0.0 1.1 0.000000000
'7' 15  4 1997 14840.0   3.2 10.2 0.637  5.0  0.0 2.0 0.000000000
'7' 16  4 1997 8290.0   3.1  9.6 0.783  3.0  1.0 1.1 0.141666667
'7' 17  4 1997 22960.0   1.5 13.1 0.619  3.3  0.0 3.1 0.000000000
'7' 18  4 1997 7660.0   1.1 10.8 0.745  2.6  0.0 1.0 0.000000000
'7' 19  4 1997 8700.0   4.1  8.1 0.596  4.7  0.0 1.1 0.000000000
'7' 20  4 1997 18240.0   0.1  8.9 0.456  4.2  0.0 2.3 0.000000000
'7' 21  4 1997 23550.0  -3.7 11.1 0.433  2.3  0.3 3.0 0.020833333
'7' 22  4 1997 11030.0  -1.0 10.3 0.578  2.8  0.3 1.4 0.029166667
'7' 23  4 1997 23360.0  -2.8 12.9 0.470  3.0  0.0 3.1 0.000000000
'7' 24  4 1997 17050.0   5.0 15.9 0.683  5.9  0.0 2.5 0.000000000
'7' 25  4 1997 8160.0   7.3 12.5 1.044  2.6  2.1 1.2 0.241666667
'7' 26  4 1997 13060.0   7.5 14.1 1.085  3.1  0.6 2.0 0.116666667
'7' 27  4 1997 8370.0   9.6 15.9 1.295  2.3  1.4 1.3 0.104166667
'7' 28  4 1997 4590.0   8.6 15.6 1.275  5.5 10.9 0.7 0.391666667
'7' 29  4 1997 2390.0   8.6 11.3 1.121  5.6  2.5 0.3 0.170833333
'7' 30  4 1997 15600.0   4.5 14.4 0.991  2.6  0.0 2.3 0.000000000
'7'  1  5 1997 19780.0   2.6 19.0 0.894  1.0  0.0 3.0 0.000000000
'7'  2  5 1997 23400.0   5.8 22.5 1.062  1.8  0.0 3.8 0.000000000
'7'  3  5 1997 21260.0   6.6 23.6 1.052  2.1  0.0 3.6 0.000000000
'7'  4  5 1997 6710.0  12.7 18.7 1.503  5.3  3.0 1.1 0.120833333
'7'  5  5 1997 9040.0  11.6 15.8 1.381  4.3  7.8 1.4 0.212500000
'7'  6  5 1997 5340.0   2.4 12.0 0.852  4.2 10.1 0.7 0.395833333
'7'  7  5 1997 20190.0  -0.4 10.3 0.596  3.5  0.0 2.6 0.000000000
'7'  8  5 1997 9680.0   2.2 10.0 0.769  5.0  3.6 1.3 0.195833333
'7'  9  5 1997 12720.0   7.5 12.9 1.015  5.5  3.8 1.8 0.204166667
'7' 10  5 1997 17070.0   6.9 16.6 1.017  5.5  0.6 2.6 0.091666667
'7' 11  5 1997 8220.0   9.8 16.4 1.278  4.4  3.2 1.3 0.104166667
'7' 12  5 1997 16090.0   6.7 17.4 1.052  4.3  0.4 2.5 0.029166667
'7' 13  5 1997 22560.0   6.1 20.9 0.996  2.0  0.2 3.7 0.016666667
'7' 14  5 1997 4380.0   5.7 13.2 1.086  1.6  7.7 0.7 0.375000000
'7' 15  5 1997 21490.0   4.5 18.6 0.968  4.0  0.0 3.4 0.000000000
'7' 16  5 1997 21050.0  12.6 25.8 1.582  3.0  8.1 3.8 0.104166667
'7' 17  5 1997 23010.0  15.6 28.1 1.814  2.1  0.1 4.3 0.008333333
'7' 18  5 1997 6990.0  15.8 19.8 1.819  2.0  3.8 1.2 0.250000000
'7' 19  5 1997 18730.0  14.5 22.4 1.704  2.2  0.6 3.3 0.125000000
'7' 20  5 1997 12570.0  11.0 20.6 1.500  1.9  3.0 2.1 0.066666667
'7' 21  5 1997 9820.0   9.4 16.9 1.317  2.8 11.6 1.5 0.233333333
'7' 22  5 1997 6710.0   8.3 13.7 1.161  3.1  6.3 1.0 0.116666667
'7' 23  5 1997 23610.0   5.5 15.1 0.876  2.5  0.0 3.5 0.000000000
'7' 24  5 1997 18550.0   5.9 14.6 0.799  2.6  0.1 2.7 0.025000000
'7' 25  5 1997 25820.0   5.2 17.8 0.790  2.9  0.0 4.0 0.000000000
'7' 26  5 1997 17700.0   5.2 17.1 0.852  2.4  0.0 2.7 0.000000000
'7' 27  5 1997 9930.0   9.4 12.8 0.984  4.1  0.0 1.5 0.000000000
'7' 28  5 1997 12390.0   7.0 15.0 0.909  3.1  0.0 1.9 0.000000000
'7' 29  5 1997 26870.0   4.1 17.9 0.890  2.3  0.0 4.1 0.000000000
'7' 30  5 1997 28500.0   8.4 20.5 0.999  3.0  0.0 4.7 0.000000000
'7' 31  5 1997 28450.0   7.9 18.8 0.701  5.0  0.0 4.6 0.000000000
'7'  1  6 1997 25010.0   8.3 20.3 0.765  7.0  0.2 4.1 0.012500000
'7'  2  6 1997 28040.0  11.3 21.5 0.898  5.5  0.0 4.8 0.000000000
'7'  3  6 1997 29010.0   9.2 23.0 0.889  3.5  0.0 5.0 0.000000000
'7'  4  6 1997 26210.0   7.7 23.2 1.090  2.1  0.0 4.5 0.000000000
'7'  5  6 1997 24810.0  10.9 26.4 1.041  4.0  0.0 4.5 0.000000000
'7'  6  6 1997 22800.0  15.0 27.4 1.372  2.6  0.0 4.3 0.000000000
'7'  7  6 1997 18680.0  16.2 29.0 1.944  3.4  2.8 3.4 0.045833333
'7'  8  6 1997 11640.0  13.5 22.5 1.639  2.7 11.0 2.0 0.075000000
'7'  9  6 1997 23200.0  11.9 22.0 1.333  3.1  0.0 4.0 0.000000000
'7' 10  6 1997 26520.0  11.2 25.3 1.244  4.0  0.0 4.8 0.000000000
'7' 11  6 1997 8650.0  16.4 24.5 1.835  3.5  6.0 1.6 0.154166667
'7' 12  6 1997 13340.0  14.4 21.0 1.661  3.3  0.0 2.3 0.000000000
'7' 13  6 1997 15470.0  13.5 22.1 1.664  2.3  1.5 2.7 0.087500000
'7' 14  6 1997 9290.0  13.2 19.6 1.568  3.5  1.4 1.6 0.050000000
'7' 15  6 1997 21420.0  10.3 17.1 1.099  3.2  0.0 3.4 0.000000000
'7' 16  6 1997 21850.0   8.6 18.4 1.010  2.7  0.0 3.5 0.000000000
'7' 17  6 1997 23910.0   7.0 18.6 0.956  3.5  0.0 3.8 0.000000000
'7' 18  6 1997 25220.0   5.6 19.9 0.889  1.6  0.0 4.0 0.000000000
'7' 19  6 1997 20830.0  10.3 21.5 1.111  3.3  4.8 3.5 0.179166667
'7' 20  6 1997 11960.0  10.8 18.6 1.325  3.9  5.3 1.9 0.395833333
'7' 21  6 1997 14800.0  12.8 19.4 1.446  4.5  6.6 2.5 0.141666667
'7' 22  6 1997 12730.0  11.4 17.9 1.400  4.9  8.3 2.0 0.158333333
'7' 23  6 1997 8350.0  10.9 14.8 1.353  4.3  5.4 1.3 0.150000000
'7' 24  6 1997 15110.0   6.8 15.4 0.960  3.7  0.3 2.4 0.020833333
'7' 25  6 1997 13710.0   6.7 17.3 1.076  3.5  3.4 2.1 0.220833333
'7' 26  6 1997 8450.0  12.0 17.2 1.555  3.4  9.9 1.4 0.266666667
'7' 27  6 1997 13590.0  10.7 21.0 1.493  2.8  6.8 2.2 0.070833333
'7' 28  6 1997 20770.0   9.4 20.4 1.328  3.5  0.5 3.4 0.012500000
'7' 29  6 1997 8830.0   9.8 22.0 1.479  3.0 22.3 1.5 0.225000000
'7' 30  6 1997 4690.0  12.1 15.8 1.470  3.8  0.3 0.8 0.012500000
'7'  1  7 1997 17220.0  10.8 20.7 1.439  3.2  5.5 2.8 0.062500000
'7'  2  7 1997 14830.0   8.9 20.8 1.340  3.6  3.3 2.4 0.166666667
'7'  3  7 1997 17840.0  10.1 19.6 1.299  3.5  2.4 2.9 0.016666667
'7'  4  7 1997 20020.0   8.9 21.6 1.329  2.1  1.4 3.3 0.041666667
'7'  5  7 1997 13730.0  10.6 20.0 1.438  2.5  0.8 2.3 0.041666667
'7'  6  7 1997 8360.0   9.7 17.6 1.371  2.1  1.7 1.4 0.066666667
'7'  7  7 1997 18380.0  12.7 22.5 1.585  2.7  0.0 3.2 0.000000000
'7'  8  7 1997 20250.0  12.2 22.0 1.516  2.8  0.0 3.5 0.000000000
'7'  9  7 1997 15610.0  13.3 20.5 1.515  3.3  0.0 2.7 0.000000000
'7' 10  7 1997 17790.0  12.4 23.7 1.526  3.4  0.0 3.1 0.000000000
'7' 11  7 1997 22130.0  12.8 26.6 1.350  2.6  0.0 4.1 0.000000000
'7' 12  7 1997 23470.0  14.7 26.5 1.692  2.0  0.1 4.3 0.033333333
'7' 13  7 1997 17150.0  13.0 25.9 1.676  1.2  0.0 3.1 0.000000000
'7' 14  7 1997 19920.0  13.3 23.3 1.634  2.4  0.0 3.5 0.000000000
'7' 15  7 1997 13800.0  11.9 21.4 1.568  1.7  0.9 2.4 0.070833333
'7' 16  7 1997 11110.0  14.9 20.8 1.725  2.7  1.5 1.9 0.120833333
'7' 17  7 1997 13630.0  13.0 21.1 1.612  2.5  1.9 2.3 0.129166667
'7' 18  7 1997 8570.0  12.7 20.5 1.735  2.4 13.5 1.5 0.200000000
'7' 19  7 1997 26060.0  14.2 23.4 1.576  3.9  0.0 4.7 0.000000000
'7' 20  7 1997 20790.0  13.9 23.1 1.546  3.3  0.2 3.7 0.020833333
'7' 21  7 1997 12730.0  15.7 22.7 1.907  3.5 15.2 2.3 0.170833333
'7' 22  7 1997 13550.0  15.5 21.6 1.885  2.7  0.0 2.4 0.000000000
'7' 23  7 1997 22380.0  12.0 24.2 1.475  2.0  0.0 4.0 0.000000000
'7' 24  7 1997 10830.0  11.8 22.0 1.581  2.1  0.9 1.9 0.108333333
'7' 25  7 1997 11170.0  14.8 18.9 1.712  4.2  6.0 1.9 0.175000000
'7' 26  7 1997 19760.0  14.4 23.0 1.616  3.5  0.2 3.5 0.020833333
'7' 27  7 1997 11640.0  11.0 19.0 1.414  4.5  1.0 2.0 0.045833333
'7' 28  7 1997 21500.0   9.4 23.4 1.339  2.8  0.0 3.7 0.000000000
'7' 29  7 1997 18900.0  10.1 24.7 1.381  1.5  0.0 3.3 0.000000000
'7' 30  7 1997 13050.0  13.2 23.6 1.617  2.7  0.0 2.3 0.000000000
'7' 31  7 1997 10370.0  13.8 18.6 1.509  3.8  0.8 1.8 0.045833333
'7'  1  8 1997 9200.0  14.2 20.6 1.768  2.3  7.5 1.6 0.208333333
'7'  2  8 1997 20110.0  14.8 22.7 1.778  2.5  1.5 3.6 0.041666667
'7'  3  8 1997 11200.0  14.2 21.5 1.668  2.8  0.0 2.0 0.000000000
'7'  4  8 1997 23590.0  14.4 23.3 1.585  3.9  0.0 4.2 0.000000000
'7'  5  8 1997 23980.0  11.2 25.2 1.373  3.6  0.0 4.3 0.000000000
'7'  6  8 1997 24800.0  16.3 27.4 1.549  5.0  0.0 4.7 0.000000000
'7'  7  8 1997 24380.0  15.5 27.9 1.487  4.8  0.0 4.6 0.000000000
'7'  8  8 1997 23740.0  16.0 29.4 1.562  2.6  0.0 4.5 0.000000000
'7'  9  8 1997 23410.0  13.3 30.7 1.567  1.6  0.0 4.5 0.000000000
'7' 10  8 1997 23590.0  15.5 31.4 1.554  2.9  0.0 4.6 0.000000000
'7' 11  8 1997 24230.0  17.2 31.3 1.401  4.6  0.0 4.8 0.000000000
'7' 12  8 1997 22280.0  16.0 31.8 1.521  2.4  0.0 4.3 0.000000000
'7' 13  8 1997 20520.0  13.6 32.1 1.575  2.4  0.0 3.9 0.000000000
'7' 14  8 1997 7800.0  15.1 22.8 1.867  2.9  0.0 1.4 0.000000000
'7' 15  8 1997 21710.0  12.3 26.3 1.615  2.0  0.0 3.9 0.000000000
'7' 16  8 1997 17310.0  11.6 26.4 1.565  1.8  0.0 3.1 0.000000000
'7' 17  8 1997 18440.0  14.9 28.6 1.798  1.5  0.0 3.4 0.000000000
'7' 18  8 1997 16360.0  13.6 29.8 1.704  1.3  0.0 3.0 0.000000000
'7' 19  8 1997 21530.0  11.8 28.5 1.266  3.2  0.0 4.0 0.000000000
'7' 20  8 1997 16440.0  13.6 26.9 1.667  2.1  0.0 3.0 0.000000000
'7' 21  8 1997 16180.0  14.6 28.5 1.817  1.8  0.0 3.0 0.000000000
'7' 22  8 1997 2160.0  18.9 21.4 2.259  2.3  6.1 0.4 0.291666667
'7' 23  8 1997 9250.0  19.0 26.0 2.419  2.0  1.1 1.7 0.079166667
'7' 24  8 1997 17330.0  19.2 28.6 2.327  2.3 15.1 3.4 0.033333333
'7' 25  8 1997 13150.0  17.9 30.0 2.517  2.5  4.9 2.5 0.058333333
'7' 26  8 1997 11450.0  17.2 22.6 2.037  2.1  0.8 2.1 0.066666667
'7' 27  8 1997 11390.0  15.8 24.1 2.068  3.0  4.9 2.0 0.045833333
'7' 28  8 1997 6520.0  12.9 19.3 1.663  3.5  4.8 1.1 0.191666667
'7' 29  8 1997 10910.0  12.5 19.6 1.507  4.9  2.8 1.8 0.066666667
'7' 30  8 1997 3580.0  11.6 18.6 1.586  3.2  1.4 0.6 0.258333333
'7' 31  8 1997 14550.0  15.7 23.4 1.763  3.3  0.0 2.6 0.000000000
'7'  1  9 1997 13490.0  15.0 22.6 1.767  2.8  7.1 2.4 0.241666667
'7'  2  9 1997 12820.0  11.7 21.3 1.533  1.2  3.1 2.2 0.125000000
'7'  3  9 1997 15210.0   9.9 22.8 1.441  2.1  0.0 2.6 0.000000000
'7'  4  9 1997 11400.0  15.4 24.1 1.813  2.7  0.2 2.0 0.025000000
'7'  5  9 1997 8290.0  11.1 20.3 1.496  1.5  0.0 1.4 0.000000000
'7'  6  9 1997 16440.0  10.0 20.6 1.321  3.3  4.6 2.8 0.041666667
'7'  7  9 1997 11880.0  12.2 19.9 1.570  3.2  5.0 2.0 0.308333333
'7'  8  9 1997 10290.0  13.0 19.0 1.515  3.9  0.0 1.7 0.000000000
'7'  9  9 1997 11110.0  10.5 18.5 1.194  3.4  0.0 1.8 0.000000000
'7' 10  9 1997 14110.0   7.8 18.2 1.082  2.0  0.0 2.2 0.000000000
'7' 11  9 1997 10480.0   6.9 18.2 1.092  2.8  0.0 1.7 0.000000000
'7' 12  9 1997 8490.0  12.2 19.6 1.507  5.0  8.2 1.4 0.204166667
'7' 13  9 1997 13760.0   8.0 16.0 1.039  4.3  0.8 2.1 0.050000000
'7' 14  9 1997 14370.0   7.7 17.6 1.036  3.7  0.0 2.3 0.000000000
'7' 15  9 1997 12650.0   9.2 18.8 1.182  4.1  0.0 2.0 0.000000000
'7' 16  9 1997 15130.0   8.7 22.0 1.121  3.2  0.0 2.5 0.000000000
'7' 17  9 1997 6400.0  11.1 20.1 1.473  2.1  0.0 1.1 0.000000000
'7' 18  9 1997 12140.0  10.1 21.0 1.454  2.2  0.0 2.0 0.000000000
'7' 19  9 1997 13090.0   7.3 18.0 1.040  3.4  0.0 2.1 0.000000000
'7' 20  9 1997 16040.0   4.0 16.4 0.861  2.8  0.0 2.4 0.000000000
'7' 21  9 1997 15330.0   4.2 17.1 0.916  2.6  0.0 2.3 0.000000000
'7' 22  9 1997 15510.0   5.1 19.4 0.986  2.5  0.0 2.4 0.000000000
'7' 23  9 1997 13000.0   6.1 17.6 1.078  2.9  0.0 2.0 0.000000000
'7' 24  9 1997 4530.0   8.9 17.1 1.267  1.8  0.0 0.7 0.000000000
'7' 25  9 1997 14140.0   7.7 21.3 1.174  2.5  0.0 2.3 0.000000000
'7' 26  9 1997 14150.0   9.0 21.3 1.343  2.8  0.0 2.3 0.000000000
'7' 27  9 1997 6380.0   7.4 15.4 1.193  2.1  0.0 1.0 0.000000000
'7' 28  9 1997 11980.0   6.2 18.0 1.209  1.5  0.0 1.8 0.000000000
'7' 29  9 1997 7790.0   5.8 17.9 1.171  1.0  0.0 1.2 0.000000000
'7' 30  9 1997 5470.0  13.5 19.4 1.725  1.3  0.0 0.9 0.0000000
'7'  1 10 1997 1690.0  15.5 18.6 1.818  3.2  4.3 0.3 0.329166667
'7'  2 10 1997 6950.0   7.9 16.1 0.997  3.8  0.0 1.1 0.000000000
'7'  3 10 1997 6220.0   6.4 16.2 1.074  2.7  0.0 1.0 0.000000000
'7'  4 10 1997 3750.0  12.4 17.5 1.407  3.5  0.0 0.6 0.000000000
'7'  5 10 1997 2760.0  12.4 16.8 1.529  2.7  0.0 0.4 0.000000000
'7'  6 10 1997 10740.0   9.1 20.2 1.305  2.7  0.0 1.8 0.000000000
'7'  7 10 1997 5170.0  12.2 19.9 1.553  5.5 14.9 0.9 0.137500000
'7'  8 10 1997 1680.0  11.9 18.0 1.548  6.6  9.4 0.3 0.470833333
'7'  9 10 1997 3400.0  15.3 18.7 1.733  7.5  6.1 0.6 0.204166667
'7' 10 10 1997 8770.0  10.7 16.1 1.224  6.4 20.3 1.4 0.341666667
'7' 11 10 1997 6880.0   8.3 14.8 1.128  3.9  9.4 1.1 0.254166667
'7' 12 10 1997 8010.0   5.8 13.6 1.031  2.8  0.6 1.2 0.037500000
'7' 13 10 1997 5450.0   6.6 12.2 0.995  3.3 10.5 0.8 0.141666667
'7' 14 10 1997 5940.0   5.6 12.2 0.965  2.3 14.1 0.8 0.291666667
'7' 15 10 1997 3350.0   4.2 10.2 0.953  2.0  5.6 0.5 0.204166667
'7' 16 10 1997 4250.0   3.2 10.8 0.907  2.0  0.4 0.6 0.041666667
'7' 17 10 1997 4200.0   9.3 16.8 1.352  3.3  0.4 0.7 0.020833333
'7' 18 10 1997 9570.0   8.6 19.7 1.338  2.9  0.0 1.5 0.000000000
'7' 19 10 1997 8700.0   7.4 19.3 1.341  1.3  0.0 1.4 0.000000000
'7' 20 10 1997 4740.0   4.7 12.8 0.856  4.9  0.0 0.7 0.000000000
'7' 21 10 1997 8780.0   0.5 10.0 0.627  3.6  0.0 1.1 0.000000000
'7' 22 10 1997 10190.0  -2.0 10.2 0.615  1.5  0.0 1.2 0.000000000
'7' 23 10 1997 2800.0   0.3 11.8 0.775  1.3  0.0 0.4 0.000000000
'7' 24 10 1997 6850.0   2.3 10.8 0.797  1.8  0.0 0.9 0.000000000
'7' 25 10 1997 2130.0   3.7 10.9 0.910  2.4  1.0 0.3 0.062500000
'7' 26 10 1997 3530.0   5.5 11.8 1.039  1.5  5.0 0.5 0.120833333
'7' 27 10 1997 9180.0  -0.5  7.2 0.530  4.3  0.0 1.1 0.000000000
'7' 28 10 1997 9180.0  -3.3  6.6 0.430  3.1  0.0 1.0 0.000000000
'7' 29 10 1997 8190.0  -5.1  7.9 0.432  1.5  0.0 0.9 0.000000000
'7' 30 10 1997 6270.0  -3.0 11.8 0.507  1.5  0.0 0.8 0.000000000
'7' 31 10 1997 7950.0  -1.2 11.6 0.651  3.3  0.0 1.0 0.000000000
'7'  1 11 1997 3600.0  -1.1  5.4 0.658  1.5  0.0 0.4 0.000000000
'7'  2 11 1997 2670.0  -0.3  4.3 0.681  1.5  0.0 0.3 0.000000000
'7'  3 11 1997 2380.0   2.9  9.9 0.829  3.3  0.0 0.3 0.000000000
'7'  4 11 1997 7050.0   0.2  8.3 0.578  5.4  3.5 0.9 0.112500000
'7'  5 11 1997 3690.0   5.6 15.2 1.109  3.9  0.7 0.5 0.033333333
'7'  6 11 1997 2450.0   9.1 13.1 1.243  3.3  3.3 0.4 0.166666667
'7'  7 11 1997 450.0   7.8 12.8 1.172  5.9  7.8 0.1 0.233333333
'7'  8 11 1997 3460.0   8.0 13.1 1.041  5.7  0.3 0.5 0.029166667
'7'  9 11 1997 5200.0   7.7 12.4 0.985  5.7  0.3 0.8 0.025000000
'7' 10 11 1997 2680.0   6.7 12.2 0.999  5.6  2.1 0.4 0.045833333
'7' 11 11 1997 1350.0   5.2  9.2 0.925  4.3  0.9 0.2 0.075000000
'7' 12 11 1997 4020.0   0.7 10.2 0.831  1.4  0.0 0.5 0.000000000
'7' 13 11 1997 2170.0   3.3  7.1 0.850  2.8  0.0 0.3 0.000000000
'7' 14 11 1997 1290.0   3.9  8.1 0.869  3.4  0.0 0.2 0.000000000
'7' 15 11 1997 640.0   7.4 10.8 1.125  3.8  2.6 0.1 0.154166667
'7' 16 11 1997 1140.0   8.3 11.5 1.164  3.8  0.0 0.2 0.000000000
'7' 17 11 1997 4940.0   3.3  9.0 0.795  5.2  0.0 0.7 0.000000000
'7' 18 11 1997 5120.0   2.6  8.4 0.724  6.8  0.0 0.6 0.000000000
'7' 19 11 1997 4790.0   2.3  5.5 0.553  7.3  0.0 0.6 0.000000000
'7' 20 11 1997 1190.0   0.5  7.0 0.683  5.8  5.5 0.1 0.170833333
'7' 21 11 1997 1190.0   6.0  9.4 1.002  2.8  0.4 0.2 0.025000000
'7' 22 11 1997 4350.0   4.9 10.3 0.953  2.4  0.0 0.6 0.000000000
'7' 23 11 1997 770.0   4.8  6.6 0.887  2.5  0.0 0.1 0.000000000
'7' 24 11 1997 2160.0   1.5  5.0 0.719  4.9  0.0 0.3 0.000000000
'7' 25 11 1997 3330.0   0.6  6.9 0.700  4.0  0.0 0.4 0.000000000
'7' 26 11 1997 1700.0   0.9  6.1 0.686  3.8  0.0 0.2 0.000000000
'7' 27 11 1997 620.0   4.1  5.7 0.822  4.9 10.1 0.1 0.595833333
'7' 28 11 1997 710.0   4.8  9.4 0.985  4.1  8.4 0.1 0.208333333
'7' 29 11 1997 1750.0   7.7 11.7 1.120  4.3  1.9 0.3 0.079166667
'7' 30 11 1997 480.0   3.9  9.0 0.901  3.3  0.1 0.1 0.008333333
'7'  1 12 1997 3330.0  -0.6  7.8 0.701  2.0  0.0 0.4 0.000000000
'7'  2 12 1997 1270.0   1.0  3.3 0.647  3.3  0.2 0.1 0.025000000
'7'  3 12 1997 2730.0  -1.2  5.8 0.641  3.0  0.0 0.3 0.000000000
'7'  4 12 1997 950.0  -3.9  3.2 0.545  2.3  0.0 0.1 0.000000000
'7'  5 12 1997 1670.0  -3.2  4.9 0.583  3.5  0.6 0.2 0.041666667
'7'  6 12 1997 450.0   1.5  6.1 0.696  6.6  0.7 0.1 0.129166667
'7'  7 12 1997 1380.0   1.2  5.8 0.696  4.7  0.0 0.2 0.000000000
'7'  8 12 1997 540.0   1.2  9.0 0.742  5.7  0.0 0.1 0.000000000
'7'  9 12 1997 2060.0   8.1 10.3 1.068  5.6  7.6 0.3 0.133333333
'7' 10 12 1997 240.0  10.1 12.7 1.262  7.6 13.9 0.0 0.400000000
'7' 11 12 1997 1780.0   9.3 13.6 1.217  5.8  5.6 0.3 0.120833333
'7' 12 12 1997 1250.0   4.4 10.0 0.876  4.7 12.4 0.2 0.233333333
'7' 13 12 1997 2190.0   2.1  8.9 0.806  2.5  0.0 0.3 0.000000000
'7' 14 12 1997 2910.0   2.4  8.5 0.773  3.8  0.8 0.4 0.025000000
'7' 15 12 1997 1200.0  -1.4  3.3 0.483  6.3  0.0 0.1 0.000000000
'7' 16 12 1997 2760.0  -5.9 -1.3 0.332  8.3  0.0 0.3 0.000000000
'7' 17 12 1997 1470.0  -6.6  0.3 0.327  7.8  0.0 0.1 0.000000000
'7' 18 12 1997 1340.0   0.2  7.0 0.598  5.6  0.0 0.2 0.000000000
'7' 19 12 1997 880.0   4.1  9.7 0.897  4.5  3.1 0.1 0.091666667
'7' 20 12 1997 2280.0   0.2  6.6 0.735  2.1  0.0 0.3 0.000000000
'7' 21 12 1997 860.0   2.2  3.8 0.734  3.5  1.5 0.1 0.262500000
'7' 22 12 1997 710.0   2.2  3.4 0.709  1.9  0.0 0.1 0.000000000
'7' 23 12 1997 670.0   2.3  6.3 0.814  2.8  0.6 0.1 0.100000000
'7' 24 12 1997 320.0   6.3 12.4 1.114  6.3  6.7 0.0 0.325000000
'7' 25 12 1997 900.0   8.8 12.8 1.091  8.4  4.2 0.1 0.091666667
'7' 26 12 1997 680.0   6.2 10.0 0.953  7.6  8.3 0.1 0.291666667
'7' 27 12 1997 1310.0   4.7  8.0 0.913  3.2  4.7 0.2 0.150000000
'7' 28 12 1997 2690.0   3.0  7.1 0.831  4.6  5.2 0.3 0.208333333
'7' 29 12 1997 2980.0   3.4  7.8 0.826  3.8  1.4 0.4 0.066666667
'7' 30 12 1997 2110.0   2.3  8.1 0.761  4.5  0.0 0.3 0.000000000
'7' 31 12 1997 530.0   4.8 10.4 0.952  4.6  2.4 0.1 0.158333333
