station DD MM YYYY RAD Tmin Tmax HUM WIND RAIN ETref WET
'7'  1  1 1995 1300.0   0.2  3.8 0.608 4.6  6.4 0.1 0.350000000
'7'  2  1 1995 2260.0  -1.2  5.9 0.573 4.6  2.5 0.3 0.162500000
'7'  3  1 1995 1410.0  -3.8  2.3 0.523 2.1  0.0 0.1 0.000000000
'7'  4  1 1995 4200.0  -4.8  0.3 0.457 2.6  0.0 0.4 0.000000000
'7'  5  1 1995 4580.0  -5.9 -1.8 0.340 5.7  0.0 0.4 0.000000000
'7'  6  1 1995 1220.0  -4.5 -1.1 0.463 3.6  4.5 0.1 0.395833333
'7'  7  1 1995 2850.0  -7.9 -0.8 0.383 1.5  0.0 0.3 0.000000000
'7'  8  1 1995 640.0  -2.6  3.5 0.596 4.1  4.1 0.1 0.345833333
'7'  9  1 1995 1740.0  -0.9  8.6 0.727 5.1  7.9 0.2 0.304166667
'7' 10  1 1995 1360.0   2.1  7.8 0.706 5.1  5.6 0.2 0.354166667
'7' 11  1 1995 2790.0   1.0  5.6 0.671 4.1  8.1 0.3 0.129166667
'7' 12  1 1995 3220.0  -0.5  5.1 0.600 4.6  1.5 0.4 0.058333333
'7' 13  1 1995 2270.0  -1.3  6.1 0.650 2.6  0.0 0.3 0.000000000
'7' 14  1 1995 1020.0   4.3  7.5 0.904 4.1  2.9 0.1 0.116666667
'7' 15  1 1995 590.0   6.7  8.2 1.022 4.6  4.0 0.1 0.137500000
'7' 16  1 1995 4290.0   1.6  7.7 0.714 6.2  0.0 0.5 0.000000000
'7' 17  1 1995 3780.0   1.0  7.3 0.616 7.2  0.0 0.5 0.000000000
'7' 18  1 1995 1450.0   3.4  9.4 0.808 5.7  2.9 0.2 0.150000000
'7' 19  1 1995 2830.0   2.3  8.4 0.741 7.2  4.6 0.4 0.154166667
'7' 20  1 1995 3980.0   5.4 10.2 0.751 7.2  0.0 0.6 0.000000000
'7' 21  1 1995 3680.0   4.3  8.6 0.801 7.7  4.8 0.5 0.150000000
'7' 22  1 1995 930.0   3.9 12.1 0.915 7.2 19.0 0.1 0.391666667
'7' 23  1 1995 2970.0   4.4  8.1 0.726 8.7  4.6 0.4 0.145833333
'7' 24  1 1995 2520.0   5.1  7.9 0.761 7.2  1.0 0.3 0.100000000
'7' 25  1 1995 1710.0   3.7 11.5 0.944 3.1  5.4 0.2 0.383333333
'7' 26  1 1995 450.0   1.9 12.2 0.807 8.2 13.1 0.1 0.475000000
'7' 27  1 1995 3670.0   0.3  4.7 0.599 5.7  9.9 0.4 0.275000000
'7' 28  1 1995 2390.0   3.5 10.0 0.834 7.7  6.1 0.3 0.170833333
'7' 29  1 1995 1100.0   5.8  9.3 0.970 4.6 14.3 0.2 0.395833333
'7' 30  1 1995 4680.0  -1.3  6.4 0.592 3.1  0.2 0.6 0.020833333
'7' 31  1 1995 1130.0  -1.5  8.0 0.602 6.2  0.5 0.1 0.058333333
'7'  1  2 1995 600.0   7.2 12.9 1.099 7.2  9.2 0.1 0.291666667
'7'  2  2 1995 5740.0   0.9  8.1 0.675 2.6  0.0 0.7 0.000000000
'7'  3  2 1995 3980.0   2.5  8.9 0.713 5.7  0.0 0.5 0.000000000
'7'  4  2 1995 1960.0   4.3 10.2 0.927 4.6  0.0 0.3 0.000000000
'7'  5  2 1995 1180.0   3.9  8.4 0.914 4.1  0.0 0.2 0.000000000
'7'  6  2 1995 1140.0   8.3 10.5 1.094 5.7  1.4 0.2 0.083333333
'7'  7  2 1995 1390.0   7.8  9.6 0.932 6.2  0.0 0.2 0.000000000
'7'  8  2 1995 1040.0   1.4  8.8 0.796 3.1 11.9 0.1 0.304166667
'7'  9  2 1995 3510.0  -1.6  5.0 0.563 1.5  0.0 0.4 0.000000000
'7' 10  2 1995 1240.0  -2.0  5.5 0.613 3.6  3.6 0.1 0.212500000
'7' 11  2 1995 1630.0   5.5 12.1 1.036 6.2  4.7 0.2 0.283333333
'7' 12  2 1995 7080.0   6.3 11.7 0.879 6.7  0.0 1.0 0.000000000
'7' 13  2 1995 2850.0   6.0 10.9 0.948 5.1  1.0 0.4 0.050000000
'7' 14  2 1995 5180.0   6.2 10.9 0.901 6.2  2.0 0.7 0.104166667
'7' 15  2 1995 4000.0   7.8 11.9 1.011 8.2 15.4 0.6 0.250000000
'7' 16  2 1995 4310.0   7.2 10.0 0.879 8.7  2.1 0.6 0.141666667
'7' 17  2 1995 5400.0   4.4 10.0 0.737 7.2  1.2 0.7 0.066666667
'7' 18  2 1995 4110.0   4.0  8.3 0.803 4.1  1.3 0.5 0.062500000
'7' 19  2 1995 3970.0   6.3 11.6 1.001 6.7 12.4 0.6 0.441666667
'7' 20  2 1995 4880.0   6.5 11.4 0.879 5.1  1.9 0.7 0.129166667
'7' 21  2 1995 1760.0   3.4 10.9 0.830 5.7  6.9 0.2 0.141666667
'7' 22  2 1995 9200.0   3.1  9.1 0.662 7.7  0.0 1.2 0.000000000
'7' 23  2 1995 6840.0   3.2  7.8 0.739 6.7  2.2 0.9 0.166666667
'7' 24  2 1995 2310.0  -0.5  6.6 0.698 2.1  4.8 0.3 0.258333333
'7' 25  2 1995 4870.0   0.7  6.6 0.728 2.1  3.9 0.6 0.116666667
'7' 26  2 1995 6730.0  -1.0  6.5 0.630 3.6  2.2 0.8 0.075000000
'7' 27  2 1995 6240.0  -0.9  7.5 0.619 6.2  4.1 0.8 0.204166667
'7' 28  2 1995 4110.0   6.7 11.9 0.991 8.2  0.0 0.6 0.000000000
'7'  1  3 1995 3380.0   5.2 10.4 0.749 9.3  0.5 0.5 0.033333333
'7'  2  3 1995 5910.0   1.0  5.7 0.643 6.2  6.1 0.7 0.187500000
'7'  3  3 1995 5570.0   0.2  6.5 0.620 8.2 12.6 0.7 0.295833333
'7'  4  3 1995 8070.0   0.2  5.1 0.654 3.6  2.0 0.9 0.091666667
'7'  5  3 1995 1270.0   0.6  3.4 0.646 6.2  9.9 0.1 0.383333333
'7'  6  3 1995 6010.0   1.4  6.8 0.650 5.1  5.4 0.7 0.212500000
'7'  7  3 1995 10460.0   0.7  8.0 0.611 6.7  0.5 1.3 0.029166667
'7'  8  3 1995 4590.0   2.2  7.6 0.697 6.7  1.5 0.6 0.154166667
'7'  9  3 1995 10880.0   1.3 10.0 0.703 4.1  1.3 1.4 0.037500000
'7' 10  3 1995 12960.0   1.9 11.2 0.588 7.2  0.0 1.7 0.000000000
'7' 11  3 1995 12330.0   3.8 13.4 0.664 4.6  0.0 1.7 0.000000000
'7' 12  3 1995 11180.0   0.8 15.0 0.760 2.1  0.0 1.5 0.000000000
'7' 13  3 1995 13470.0   2.5 14.4 0.698 3.6  0.0 1.8 0.000000000
'7' 14  3 1995 12570.0  -0.4  7.4 0.572 3.6  0.3 1.5 0.033333333
'7' 15  3 1995 8400.0   0.5  8.3 0.634 4.1  6.1 1.1 0.237500000
'7' 16  3 1995 12240.0   0.5  9.3 0.633 5.7  0.0 1.6 0.000000000
'7' 17  3 1995 2720.0   4.2 12.5 0.862 9.3 10.3 0.4 0.366666667
'7' 18  3 1995 11130.0   4.9 10.9 0.719 7.7  0.0 1.5 0.000000000
'7' 19  3 1995 13240.0   3.0  9.4 0.683 4.6  2.6 1.7 0.070833333
'7' 20  3 1995 10140.0   2.1  7.5 0.658 5.7  1.6 1.3 0.083333333
'7' 21  3 1995 8870.0  -1.0  8.6 0.580 3.6  1.6 1.1 0.104166667
'7' 22  3 1995 13630.0  -2.3  9.3 0.566 2.1  0.0 1.6 0.000000000
'7' 23  3 1995 15760.0  -1.3 13.8 0.559 3.6  0.0 2.1 0.000000000
'7' 24  3 1995 8810.0   5.9 11.7 0.832 4.6  0.0 1.3 0.000000000
'7' 25  3 1995 12240.0   5.5  9.9 0.748 6.2  4.7 1.7 0.195833333
'7' 26  3 1995 4880.0   5.3 11.6 0.917 6.2  2.8 0.7 0.137500000
'7' 27  3 1995 11760.0  -0.8  8.6 0.586 7.2  5.7 1.4 0.258333333
'7' 28  3 1995 4340.0  -1.6  4.5 0.608 4.1  6.2 0.5 0.370833333
'7' 29  3 1995 15040.0  -0.6  7.7 0.541 5.7  1.0 1.8 0.070833333
'7' 30  3 1995 12740.0  -1.6  8.9 0.530 2.6  0.2 1.6 0.020833333
'7' 31  3 1995 1960.0   4.8 10.4 0.962 4.1  7.8 0.3 0.516666667
'7'  1  4 1995 4380.0   8.6 14.9 1.199 3.6  0.0 0.7 0.000000000
'7'  2  4 1995 17250.0   7.5 17.4 1.063 6.2  0.0 2.6 0.000000000
'7'  3  4 1995 4240.0   7.9 10.2 1.011 4.6  0.0 0.6 0.000000000
'7'  4  4 1995 14000.0   1.1 12.2 0.704 3.6  0.0 2.0 0.000000000
'7'  5  4 1995 12590.0  -1.2 13.9 0.646 3.1  0.0 1.7 0.000000000
'7'  6  4 1995 6100.0   7.8 13.2 1.098 3.6  0.0 0.9 0.000000000
'7'  7  4 1995 8000.0   5.2 14.4 0.931 5.7  0.0 1.2 0.000000000
'7'  8  4 1995 12760.0   3.5 10.1 0.653 5.7  0.0 1.7 0.000000000
'7'  9  4 1995 8470.0   2.9  8.4 0.662 3.1  0.4 1.1 0.083333333
'7' 10  4 1995 4710.0   5.8 11.0 0.997 3.1  4.6 0.7 0.316666667
'7' 11  4 1995 15040.0   6.2 15.8 1.043 2.1  0.0 2.2 0.000000000
'7' 12  4 1995 16170.0   6.1 13.1 0.904 4.6  0.0 2.3 0.000000000
'7' 13  4 1995 11820.0   6.8 12.5 0.940 4.6  0.0 1.7 0.000000000
'7' 14  4 1995 7640.0   4.0 12.4 0.863 2.6  0.0 1.1 0.000000000
'7' 15  4 1995 3520.0   2.6 11.1 0.880 3.1  0.2 0.5 0.033333333
'7' 16  4 1995 13270.0   4.7 10.8 0.824 4.1  1.0 1.8 0.062500000
'7' 17  4 1995 3050.0   6.8  9.6 0.974 5.1  5.2 0.4 0.316666667
'7' 18  4 1995 8740.0   0.5 10.1 0.721 4.6  5.4 1.2 0.208333333
'7' 19  4 1995 14010.0   0.0 10.1 0.654 2.1  2.3 1.7 0.054166667
'7' 20  4 1995 13400.0  -1.0  9.8 0.665 2.6  0.0 1.6 0.000000000
'7' 21  4 1995 14570.0  -1.9 12.4 0.567 3.6  4.3 2.0 0.112500000
'7' 22  4 1995 10860.0   7.0 15.8 1.055 3.1  2.3 1.6 0.075000000
'7' 23  4 1995 16380.0   2.4 17.0 0.845 3.6  0.0 2.4 0.000000000
'7' 24  4 1995 18340.0   7.9 25.8 1.081 5.1  0.0 3.2 0.000000000
'7' 25  4 1995 17340.0  12.4 21.9 1.228 5.7  0.0 3.0 0.000000000
'7' 26  4 1995 19470.0   9.8 20.8 1.185 4.6  0.0 3.2 0.000000000
'7' 27  4 1995 6820.0   6.6 10.9 0.882 4.1  0.0 1.0 0.000000000
'7' 28  4 1995 11960.0   4.4 11.0 0.664 2.6  0.0 1.6 0.000000000
'7' 29  4 1995 18060.0   2.1 15.6 0.680 3.1  0.0 2.6 0.000000000
'7' 30  4 1995 7970.0   5.7 14.1 0.946 2.1  0.3 1.2 0.041666667
'7'  1  5 1995 20230.0   3.6 19.5 0.891 2.1  0.0 3.2 0.000000000
'7'  2  5 1995 22980.0   8.0 21.5 0.908 3.1  0.0 3.8 0.000000000
'7'  3  5 1995 23520.0   7.6 23.1 0.885 2.6  0.0 4.0 0.000000000
'7'  4  5 1995 21920.0   7.1 24.9 0.948 1.5  0.0 3.8 0.000000000
'7'  5  5 1995 20920.0   8.3 26.1 1.076 1.5  0.0 3.6 0.000000000
'7'  6  5 1995 22290.0   7.0 23.9 1.049 2.1  0.0 3.8 0.000000000
'7'  7  5 1995 23260.0   8.2 24.7 1.064 2.6  0.0 4.0 0.000000000
'7'  8  5 1995 12590.0   9.7 14.8 1.039 4.1  0.5 2.0 0.029166667
'7'  9  5 1995 9460.0   8.1 11.6 1.026 4.1  1.2 1.4 0.175000000
'7' 10  5 1995 13430.0   6.3 13.5 0.910 3.1  0.3 2.0 0.012500000
'7' 11  5 1995 8100.0   2.4 10.9 0.737 3.1  0.2 1.1 0.020833333
'7' 12  5 1995 12920.0   5.2 12.6 0.738 5.7  0.0 1.8 0.000000000
'7' 13  5 1995 16820.0   4.3 12.8 0.702 6.2  0.2 2.4 0.020833333
'7' 14  5 1995 21030.0   1.7 12.6 0.581 3.6  0.0 2.9 0.000000000
'7' 15  5 1995 16570.0   1.6 14.5 0.679 3.6  0.4 2.4 0.037500000
'7' 16  5 1995 16250.0   2.5 15.4 0.671 3.6  0.0 2.4 0.000000000
'7' 17  5 1995 5230.0   7.7 15.7 1.204 3.1  8.4 0.8 0.416666667
'7' 18  5 1995 6040.0   1.7 10.3 0.802 3.1  3.3 0.8 0.241666667
'7' 19  5 1995 16300.0   0.1 14.4 0.770 2.6 10.2 2.2 0.083333333
'7' 20  5 1995 19580.0   1.6 16.3 0.821 3.1  0.2 2.8 0.012500000
'7' 21  5 1995 22550.0   4.6 13.4 0.755 2.6  0.0 3.2 0.000000000
'7' 22  5 1995 24580.0   3.3 17.7 0.751 2.1  0.0 3.7 0.000000000
'7' 23  5 1995 20690.0   8.8 22.6 1.058 2.1  0.0 3.5 0.000000000
'7' 24  5 1995 17410.0   9.4 25.2 1.415 2.6  2.4 3.0 0.212500000
'7' 25  5 1995 15170.0  13.1 21.2 1.566 2.1 10.6 2.6 0.183333333
'7' 26  5 1995 18350.0  12.7 20.9 1.401 2.1  0.7 3.1 0.120833333
'7' 27  5 1995 17440.0  11.7 20.7 1.355 3.6  0.0 3.0 0.000000000
'7' 28  5 1995 12000.0  13.0 23.2 1.590 3.6  5.3 2.1 0.270833333
'7' 29  5 1995 20430.0   9.5 20.0 1.213 2.6  0.1 3.4 0.012500000
'7' 30  5 1995 20580.0   9.0 19.8 1.166 2.1  0.0 3.4 0.000000000
'7' 31  5 1995 22150.0  10.6 19.5 1.308 3.1  0.0 3.7 0.000000000
'7'  1  6 1995 20890.0   7.8 16.5 1.110 3.1  0.0 3.3 0.000000000
'7'  2  6 1995 13280.0   6.9 17.2 1.057 2.1  0.0 2.1 0.000000000
'7'  3  6 1995 15920.0   7.2 19.6 1.083 2.6  0.5 2.6 0.116666667
'7'  4  6 1995 11940.0  11.1 18.1 1.487 2.6  6.8 1.9 0.270833333
'7'  5  6 1995 21160.0  10.8 18.1 1.325 3.1  0.1 3.4 0.016666667
'7'  6  6 1995 8730.0  10.4 15.0 1.175 2.1  0.0 1.4 0.000000000
'7'  7  6 1995 7220.0   7.2 14.5 1.120 4.1  4.8 1.1 0.283333333
'7'  8  6 1995 17710.0   6.4 14.3 0.980 5.1  0.9 2.7 0.125000000
'7'  9  6 1995 6660.0   9.2 11.7 1.173 4.6 10.2 1.0 0.575000000
'7' 10  6 1995 12540.0   9.8 15.3 1.314 3.6  7.8 1.9 0.291666667
'7' 11  6 1995 13370.0   9.5 16.9 1.278 2.6 10.0 2.1 0.204166667
'7' 12  6 1995 10890.0   9.2 14.6 1.164 3.1  0.4 1.7 0.041666667
'7' 13  6 1995 21550.0   7.9 18.6 1.139 3.1  0.0 3.4 0.000000000
'7' 14  6 1995 6830.0  10.3 13.5 1.233 3.6  0.4 1.0 0.100000000
'7' 15  6 1995 5790.0   8.2 12.9 1.194 3.6  6.1 0.9 0.475000000
'7' 16  6 1995 6760.0   9.3 13.1 1.213 3.6  2.3 1.0 0.229166667
'7' 17  6 1995 5670.0  11.3 15.4 1.442 5.1  5.4 0.9 0.479166667
'7' 18  6 1995 21900.0   9.7 19.0 1.276 3.1  0.5 3.6 0.041666667
'7' 19  6 1995 27250.0   9.7 22.1 1.293 3.1  0.0 4.7 0.000000000
'7' 20  6 1995 20890.0  12.8 26.3 1.590 2.1  0.0 3.8 0.000000000
'7' 21  6 1995 19720.0  10.8 20.9 1.394 3.6  0.0 3.3 0.000000000
'7' 22  6 1995 20730.0   9.4 16.4 1.055 4.6  0.0 3.3 0.000000000
'7' 23  6 1995 14610.0  11.0 18.4 1.264 4.1  0.0 2.4 0.000000000
'7' 24  6 1995 19600.0  11.0 20.4 1.341 3.6  0.0 3.3 0.000000000
'7' 25  6 1995 28380.0  13.4 24.5 1.579 3.6  0.0 5.0 0.000000000
'7' 26  6 1995 25800.0  13.1 26.6 1.726 3.6  0.0 4.7 0.000000000
'7' 27  6 1995 27980.0  14.3 28.8 1.548 4.1  0.0 5.3 0.000000000
'7' 28  6 1995 27830.0  16.7 29.1 1.731 4.1  0.0 5.3 0.000000000
'7' 29  6 1995 29150.0  12.5 25.7 1.290 3.6  0.0 5.3 0.000000000
'7' 30  6 1995 28600.0  11.0 28.8 1.322 2.1  0.0 5.3 0.000000000
'7'  1  7 1995 23880.0  12.8 22.4 1.359 4.6  0.0 4.1 0.000000000
'7'  2  7 1995 22010.0  10.7 25.9 1.338 2.6  0.0 3.9 0.000000000
'7'  3  7 1995 4540.0  10.6 16.6 1.434 2.6 29.7 0.7 0.179166667
'7'  4  7 1995 17590.0   9.5 18.7 1.164 3.6  0.0 2.9 0.000000000
'7'  5  7 1995 21550.0  11.3 21.5 1.338 2.1  0.0 3.7 0.000000000
'7'  6  7 1995 19770.0  11.0 23.3 1.440 2.6  0.0 3.5 0.000000000
'7'  7  7 1995 21700.0  10.1 24.7 1.398 2.6  0.0 3.8 0.000000000
'7'  8  7 1995 24030.0  13.1 27.6 1.649 3.1  0.0 4.5 0.000000000
'7'  9  7 1995 22880.0  16.9 27.8 2.059 4.1  1.3 4.4 0.012500000
'7' 10  7 1995 24760.0  18.2 32.4 2.106 3.6  0.0 4.9 0.000000000
'7' 11  7 1995 22000.0  18.6 31.8 2.150 3.6  0.0 4.3 0.000000000
'7' 12  7 1995 15640.0  16.0 27.2 1.983 2.6  0.0 2.9 0.000000000
'7' 13  7 1995 25530.0  14.9 29.2 1.554 2.6  0.0 4.9 0.000000000
'7' 14  7 1995 20760.0  16.2 24.9 1.744 3.1  9.4 3.9 0.104166667
'7' 15  7 1995 19150.0  15.8 23.9 1.835 4.1  0.2 3.5 0.029166667
'7' 16  7 1995 18370.0  14.1 22.7 1.606 3.6  5.1 3.2 0.020833333
'7' 17  7 1995 13770.0  14.2 21.8 1.620 3.6  0.4 2.4 0.008333333
'7' 18  7 1995 4650.0  16.1 19.1 1.903 4.6  8.0 0.8 0.254166667
'7' 19  7 1995 7780.0  16.0 23.1 2.014 2.6  0.0 1.4 0.000000000
'7' 20  7 1995 20850.0  15.4 28.6 2.008 1.5  0.0 3.9 0.000000000
'7' 21  7 1995 21230.0  15.9 32.0 2.122 2.6  7.1 4.1 0.079166667
'7' 22  7 1995 23290.0  11.0 20.4 1.273 2.6  0.0 4.0 0.000000000
'7' 23  7 1995 19670.0   8.3 22.6 1.127 1.0  0.0 3.3 0.000000000
'7' 24  7 1995 23660.0  10.1 25.1 1.265 2.6  0.0 4.2 0.000000000
'7' 25  7 1995 26700.0  12.4 25.8 1.367 4.1  0.0 4.8 0.000000000
'7' 26  7 1995 23620.0  14.6 31.5 1.541 4.6  0.0 4.5 0.000000000
'7' 27  7 1995 9070.0  16.8 24.2 2.132 2.6  8.9 1.6 0.158333333
'7' 28  7 1995 16600.0  16.6 24.0 1.990 1.5  0.0 3.0 0.000000000
'7' 29  7 1995 15560.0  14.8 27.7 1.808 1.5  0.0 2.9 0.000000000
'7' 30  7 1995 23170.0  18.4 30.6 1.914 2.6  0.0 4.5 0.000000000
'7' 31  7 1995 23610.0  17.8 32.3 1.520 3.6  0.0 4.7 0.000000000
'7'  1  8 1995 24100.0  19.4 32.0 1.590 4.1  0.0 4.8 0.000000000
'7'  2  8 1995 25330.0  17.8 29.9 1.402 5.7  0.0 4.9 0.000000000
'7'  3  8 1995 21500.0  15.4 29.0 1.632 3.1  0.0 4.1 0.000000000
'7'  4  8 1995 19180.0  15.0 23.9 1.646 3.1  0.0 3.4 0.000000000
'7'  5  8 1995 25040.0  11.7 27.1 1.472 2.6  0.0 4.6 0.000000000
'7'  6  8 1995 20900.0  16.5 26.6 2.025 3.6  0.0 3.9 0.000000000
'7'  7  8 1995 9580.0  15.2 20.6 1.413 3.6  0.0 1.7 0.000000000
'7'  8  8 1995 19550.0  14.2 23.0 1.418 4.6  0.0 3.5 0.000000000
'7'  9  8 1995 23360.0  12.1 25.5 1.380 3.6  0.0 4.2 0.000000000
'7' 10  8 1995 23780.0  11.6 29.1 1.204 3.1  0.0 4.4 0.000000000
'7' 11  8 1995 23070.0  14.6 31.2 1.193 3.1  0.0 4.4 0.000000000
'7' 12  8 1995 21780.0  15.0 31.2 1.464 2.6  0.0 4.2 0.000000000
'7' 13  8 1995 12680.0  13.7 24.7 1.689 3.1  0.0 2.3 0.000000000
'7' 14  8 1995 14480.0  11.4 22.3 1.438 2.6  0.0 2.5 0.000000000
'7' 15  8 1995 18250.0   9.2 24.3 1.347 1.5  0.0 3.2 0.000000000
'7' 16  8 1995 19380.0  11.8 25.7 1.522 3.1  0.0 3.5 0.000000000
'7' 17  8 1995 19580.0  16.5 27.5 1.814 3.1  0.0 3.7 0.000000000
'7' 18  8 1995 20440.0  15.0 29.6 1.523 3.1  0.0 3.9 0.000000000
'7' 19  8 1995 18760.0  15.8 31.6 1.580 3.1  0.0 3.6 0.000000000
'7' 20  8 1995 20080.0  16.8 28.1 1.833 3.6  0.0 3.8 0.000000000
'7' 21  8 1995 20270.0  14.8 26.4 1.855 3.1  0.0 3.7 0.000000000
'7' 22  8 1995 17340.0  16.6 30.7 2.065 2.6  0.0 3.3 0.000000000
'7' 23  8 1995 18420.0  16.4 29.2 2.044 2.6  0.0 3.5 0.000000000
'7' 24  8 1995 16530.0  15.4 23.7 1.600 3.1  0.0 3.0 0.000000000
'7' 25  8 1995 8980.0  16.1 23.2 1.849 4.6  8.9 1.6 0.133333333
'7' 26  8 1995 14250.0  14.0 21.0 1.557 3.6  3.6 2.5 0.170833333
'7' 27  8 1995 9560.0   9.7 18.3 1.302 3.1  6.6 1.6 0.158333333
'7' 28  8 1995 12770.0  10.0 18.9 1.305 4.1  7.8 2.1 0.183333333
'7' 29  8 1995 10720.0  10.3 17.9 1.229 3.6  2.5 1.7 0.083333333
'7' 30  8 1995 18130.0  10.1 19.0 1.203 3.1  2.3 3.0 0.050000000
'7' 31  8 1995 14040.0  11.0 18.7 1.257 3.1  0.3 2.3 0.029166667
'7'  1  9 1995 19470.0   9.8 20.5 1.194 4.1  0.0 3.3 0.000000000
'7'  2  9 1995 6620.0  13.3 19.8 1.600 2.1  4.9 1.1 0.129166667
'7'  3  9 1995 11400.0  10.8 19.2 1.360 2.6  0.0 1.9 0.000000000
'7'  4  9 1995 11460.0  10.4 18.9 1.360 4.6  3.4 1.9 0.062500000
'7'  5  9 1995 11500.0  11.4 19.7 1.427 3.6  0.7 1.9 0.016666667
'7'  6  9 1995 11480.0  10.6 20.5 1.387 3.6  1.3 1.9 0.025000000
'7'  7  9 1995 6730.0  13.0 20.1 1.556 4.6  7.5 1.1 0.183333333
'7'  8  9 1995 2470.0  14.6 17.3 1.661 5.7  9.3 0.4 0.366666667
'7'  9  9 1995 9020.0  14.1 19.8 1.480 5.7  0.0 1.5 0.000000000
'7' 10  9 1995 11530.0  13.0 22.2 1.556 3.6  0.9 2.0 0.083333333
'7' 11  9 1995 6820.0  12.5 21.4 1.682 4.6 11.2 1.2 0.220833333
'7' 12  9 1995 11920.0   9.2 20.6 1.337 2.6  0.0 2.0 0.000000000
'7' 13  9 1995 8300.0   9.3 19.8 1.415 1.5  0.0 1.3 0.000000000
'7' 14  9 1995 11130.0   9.6 19.3 1.356 2.6  0.0 1.8 0.000000000
'7' 15  9 1995 9650.0  10.5 19.4 1.430 2.6  0.4 1.6 0.020833333
'7' 16  9 1995 13380.0   9.8 20.1 1.376 2.6  0.2 2.2 0.016666667
'7' 17  9 1995 11090.0  12.0 20.5 1.508 2.6  0.0 1.8 0.000000000
'7' 18  9 1995 11590.0  10.7 23.2 1.418 3.1  0.0 2.0 0.000000000
'7' 19  9 1995 13820.0  12.5 21.3 1.512 4.6  0.0 2.3 0.000000000
'7' 20  9 1995 9050.0   9.1 17.3 1.211 4.1  0.2 1.4 0.016666667
'7' 21  9 1995 7550.0   8.5 17.6 1.345 2.1  1.2 1.2 0.025000000
'7' 22  9 1995 5790.0  11.3 18.2 1.453 2.1  0.0 0.9 0.000000000
'7' 23  9 1995 5340.0  10.7 17.2 1.415 1.5  0.8 0.9 0.054166667
'7' 24  9 1995 8390.0  11.4 17.8 1.461 4.6  6.0 1.3 0.275000000
'7' 25  9 1995 11860.0  10.3 17.9 1.260 3.6  0.0 1.9 0.000000000
'7' 26  9 1995 1670.0  10.7 16.1 1.466 5.1 23.4 0.3 0.575000000
'7' 27  9 1995 6900.0   8.0 15.6 1.163 3.6 19.3 1.1 0.537500000
'7' 28  9 1995 7350.0   4.4 11.8 0.876 3.1  9.3 1.0 0.258333333
'7' 29  9 1995 8480.0   6.4 14.1 1.023 3.6  5.9 1.2 0.154166667
'7' 30  9 1995 5390.0   7.0 14.8 1.219 2.1  6.0 0.8 0.150000000
'7'  1 10 1995 3180.0   8.0 17.7 1.361 3.6  4.2 0.5 0.216666667
'7'  2 10 1995 10100.0   5.5 17.9 1.104 3.1  0.0 1.6 0.000000000
'7'  3 10 1995 5650.0   9.9 19.9 1.488 3.1  1.7 0.9 0.079166667
'7'  4 10 1995 9450.0  13.8 21.7 1.708 4.6  3.7 1.6 0.062500000
'7'  5 10 1995 6550.0   9.7 18.3 1.394 3.6  0.5 1.1 0.054166667
'7'  6 10 1995 10950.0   7.9 18.8 1.144 4.1  0.0 1.8 0.000000000
'7'  7 10 1995 4260.0  14.0 17.8 1.577 3.6  2.0 0.7 0.058333333
'7'  8 10 1995 11110.0  11.4 23.6 1.622 2.6  0.0 1.9 0.000000000
'7'  9 10 1995 10030.0  11.6 22.9 1.670 2.1  0.0 1.7 0.000000000
'7' 10 10 1995 7610.0   9.8 22.9 1.623 1.5  0.0 1.3 0.000000000
'7' 11 10 1995 4610.0  14.2 19.8 1.847 2.1  0.0 0.8 0.000000000
'7' 12 10 1995 6310.0  12.6 20.2 1.734 2.1  0.0 1.1 0.000000000
'7' 13 10 1995 3540.0  10.1 18.4 1.546 1.5  0.0 0.6 0.000000000
'7' 14 10 1995 9260.0   9.0 19.1 1.406 2.1  0.0 1.5 0.000000000
'7' 15 10 1995 7620.0  11.0 20.0 1.581 2.1  0.0 1.3 0.000000000
'7' 16 10 1995 4060.0  10.5 17.4 1.519 1.5  0.0 0.6 0.000000000
'7' 17 10 1995 5460.0  10.7 16.5 1.466 4.1  0.4 0.9 0.062500000
'7' 18 10 1995 5520.0   8.0 16.7 1.166 2.6  0.0 0.9 0.000000000
'7' 19 10 1995 5880.0  10.6 15.2 1.264 4.1  0.0 0.9 0.000000000
'7' 20 10 1995 2070.0   4.2 15.3 1.052 3.1  0.6 0.3 0.045833333
'7' 21 10 1995 5960.0   2.8 13.3 0.883 1.5  0.0 0.8 0.000000000
'7' 22 10 1995 9130.0   1.7 12.1 0.807 2.6  0.0 1.2 0.000000000
'7' 23 10 1995 8240.0   1.8 15.5 0.888 3.1  0.0 1.2 0.000000000
'7' 24 10 1995 8080.0   9.6 19.4 1.203 5.1  0.0 1.3 0.000000000
'7' 25 10 1995 6650.0   7.6 16.7 1.052 5.1  1.2 1.1 0.025000000
'7' 26 10 1995 3750.0   7.5 15.8 1.236 3.6  1.4 0.6 0.054166667
'7' 27 10 1995 1250.0  10.3 17.6 1.483 3.6  1.4 0.2 0.154166667
'7' 28 10 1995 6660.0   2.3 14.4 0.902 1.5  0.0 0.9 0.000000000
'7' 29 10 1995 7550.0   0.6 12.4 0.814 2.1  0.0 1.0 0.000000000
'7' 30 10 1995 7000.0   0.6 12.7 0.836 1.5  0.0 0.9 0.000000000
'7' 31 10 1995 6150.0   0.4 13.6 0.860 2.1  1.9 0.8 0.045833333
'7'  1 11 1995 1540.0   4.3 11.7 0.995 2.1  3.7 0.2 0.087500000
'7'  2 11 1995 5620.0   2.5 12.2 0.840 2.6  0.6 0.8 0.054166667
'7'  3 11 1995 4130.0   1.3 10.9 0.683 4.6  5.5 0.6 0.200000000
'7'  4 11 1995 6200.0  -3.4  6.2 0.519 2.1  0.3 0.7 0.029166667
'7'  5 11 1995 7180.0  -4.1  5.7 0.514 1.5  0.0 0.8 0.000000000
'7'  6 11 1995 5240.0  -3.8  6.8 0.522 3.6  0.0 0.6 0.000000000
'7'  7 11 1995 740.0   2.2  9.1 0.858 1.5  3.4 0.1 0.120833333
'7'  8 11 1995 1950.0   5.7 13.6 1.119 2.1  1.2 0.3 0.029166667
'7'  9 11 1995 1210.0   9.0 12.5 1.256 3.1  0.0 0.2 0.000000000
'7' 10 11 1995 2830.0   6.5  9.7 1.009 3.1  0.3 0.4 0.020833333
'7' 11 11 1995 4240.0   9.5 15.4 1.076 3.6  0.1 0.6 0.020833333
'7' 12 11 1995 5690.0   6.7 15.9 0.878 4.6  0.0 0.9 0.000000000
'7' 13 11 1995 4730.0   3.4 10.2 0.825 3.1  0.0 0.6 0.000000000
'7' 14 11 1995 2160.0   8.2 12.9 1.182 3.6  0.5 0.3 0.091666667
'7' 15 11 1995 1050.0   6.7 11.0 1.067 4.1  2.4 0.2 0.195833333
'7' 16 11 1995 1800.0   6.3 12.3 1.031 4.6  3.9 0.3 0.129166667
'7' 17 11 1995 2290.0  -0.3  6.5 0.695 2.1  6.1 0.3 0.141666667
'7' 18 11 1995 3430.0  -1.2  6.9 0.638 3.1  1.9 0.4 0.104166667
'7' 19 11 1995 2380.0   3.4  8.9 0.815 3.6 16.0 0.3 0.362500000
'7' 20 11 1995 5050.0  -0.7  9.4 0.685 2.1  0.0 0.6 0.000000000
'7' 21 11 1995 4590.0  -0.2  4.9 0.519 4.6  0.0 0.5 0.000000000
'7' 22 11 1995 1210.0   1.3  9.5 0.772 3.1  1.0 0.2 0.087500000
'7' 23 11 1995 3300.0   8.1 11.1 1.106 4.1  0.0 0.5 0.000000000
'7' 24 11 1995 1690.0   7.1 11.3 0.955 5.1  0.0 0.2 0.000000000
'7' 25 11 1995 3900.0   6.8 12.8 1.007 4.6  0.0 0.6 0.000000000
'7' 26 11 1995 2980.0   5.4 12.0 0.876 4.1  0.0 0.4 0.000000000
'7' 27 11 1995 2000.0   4.8  9.3 0.913 3.1  0.0 0.3 0.000000000
'7' 28 11 1995 3510.0   1.4 10.3 0.834 1.5  0.0 0.5 0.000000000
'7' 29 11 1995 990.0   3.0  6.2 0.834 2.6  0.0 0.1 0.000000000
'7' 30 11 1995 1120.0   1.4  4.9 0.714 4.1  0.0 0.1 0.000000000
'7'  1 12 1995 570.0   0.3  3.8 0.639 4.1  0.0 0.1 0.000000000
'7'  2 12 1995 650.0   0.4  4.2 0.707 3.1  0.0 0.1 0.000000000
'7'  3 12 1995 720.0  -1.1  3.3 0.626 3.6  0.0 0.1 0.000000000
'7'  4 12 1995 2010.0  -2.2  1.5 0.507 5.1  0.0 0.2 0.000000000
'7'  5 12 1995 3370.0  -3.8 -2.1 0.334 6.2  0.0 0.3 0.000000000
'7'  6 12 1995 2360.0  -5.2 -2.9 0.329 5.1  0.0 0.2 0.000000000
'7'  7 12 1995 2210.0  -4.5 -0.2 0.421 3.1  0.0 0.2 0.000000000
'7'  8 12 1995 3430.0  -5.9  1.2 0.460 2.6  0.0 0.3 0.000000000
'7'  9 12 1995 940.0  -2.3  0.8 0.534 2.6  0.0 0.1 0.000000000
'7' 10 12 1995 1030.0  -3.7 -1.1 0.510 1.0  0.0 0.1 0.000000000
'7' 11 12 1995 870.0  -4.6  3.5 0.559 1.0  0.3 0.1 0.045833333
'7' 12 12 1995 2650.0   1.3  4.4 0.715 3.1  0.0 0.3 0.000000000
'7' 13 12 1995 980.0  -2.5  2.2 0.571 2.1  0.3 0.1 0.004166667
'7' 14 12 1995 1890.0  -2.5  1.3 0.492 6.2  0.0 0.2 0.000000000
'7' 15 12 1995 1160.0  -3.5  0.6 0.429 6.2  0.0 0.1 0.000000000
'7' 16 12 1995 2930.0  -3.8  0.8 0.480 5.1  0.0 0.3 0.000000000
'7' 17 12 1995 1640.0  -3.5  0.1 0.507 3.1  0.0 0.2 0.000000000
'7' 18 12 1995 720.0  -1.6  1.6 0.606 1.5  1.8 0.1 0.187500000
'7' 19 12 1995 630.0  -0.2  2.5 0.661 1.0  0.0 0.1 0.000000000
'7' 20 12 1995 1040.0  -4.0  3.2 0.566 2.1 13.7 0.1 0.333333333
'7' 21 12 1995 990.0  -3.9  0.1 0.515 3.1  0.6 0.1 0.125000000
'7' 22 12 1995 250.0   0.1 11.5 0.830 5.1 21.6 0.0 0.387500000
'7' 23 12 1995 480.0   1.2 10.4 0.855 3.6  4.2 0.1 0.187500000
'7' 24 12 1995 3110.0  -5.6  1.7 0.463 2.1  0.0 0.3 0.000000000
'7' 25 12 1995 970.0  -6.5  3.1 0.483 3.6  0.4 0.1 0.045833333
'7' 26 12 1995 1480.0  -5.3  2.5 0.490 2.6  0.7 0.2 0.054166667
'7' 27 12 1995 5010.0  -9.8 -0.6 0.361 1.0  0.0 0.4 0.000000000
'7' 28 12 1995 4200.0 -11.5 -2.1 0.301 1.5  0.0 0.3 0.000000000
'7' 29 12 1995 3880.0 -12.5 -0.8 0.233 3.1  0.0 0.3 0.000000000
'7' 30 12 1995 2640.0  -8.7 -3.1 0.245 5.1  0.0 0.2 0.000000000
'7' 31 12 1995 760.0  -3.2 -1.1 0.468 4.1  0.4 0.1 0.054166667
