station DD MM YYYY RAD Tmin Tmax HUM WIND RAIN ETref WET
'7'  1  1 1999 2260.0   3.4  8.8 0.748 4.2  0.0 0.3 0.000000000
'7'  2  1 1999 530.0   4.5  8.6 0.865 5.2  6.8 0.1 0.183333333
'7'  3  1 1999 410.0   3.5  8.2 0.848 5.4  9.8 0.1 0.195833333
'7'  4  1 1999 450.0   5.5 13.0 1.060 6.6  4.3 0.1 0.220833333
'7'  5  1 1999 2560.0   8.5 13.5 1.164 5.3  1.0 0.4 0.058333333
'7'  6  1 1999 3400.0   7.8 13.1 0.945 5.8  0.0 0.5 0.000000000
'7'  7  1 1999 1750.0   5.2 11.4 0.972 4.5  3.7 0.2 0.133333333
'7'  8  1 1999 600.0   3.0  7.5 0.762 5.3  4.4 0.1 0.158333333
'7'  9  1 1999 3620.0  -1.5  5.2 0.555 3.1  0.0 0.4 0.000000000
'7' 10  1 1999 5550.0  -4.3  2.0 0.458 2.6  0.0 0.6 0.000000000
'7' 11  1 1999 5080.0  -3.5  1.4 0.478 3.5  0.0 0.5 0.000000000
'7' 12  1 1999 2690.0  -2.1  2.0 0.553 4.7  5.9 0.3 0.225000000
'7' 13  1 1999 2190.0   0.1  5.5 0.688 4.6  6.3 0.3 0.283333333
'7' 14  1 1999 2610.0   4.8  7.4 0.778 6.5  2.2 0.3 0.125000000
'7' 15  1 1999 1010.0   7.3  9.4 0.942 8.0  2.0 0.1 0.212500000
'7' 16  1 1999 460.0   5.0 11.1 0.936 6.9  9.4 0.1 0.470833333
'7' 17  1 1999 1770.0   3.3  7.6 0.827 4.4  0.0 0.2 0.000000000
'7' 18  1 1999 4550.0   1.5  7.6 0.717 5.0  0.0 0.6 0.000000000
'7' 19  1 1999 1040.0   5.5 10.0 0.895 6.9  1.2 0.1 0.079166667
'7' 20  1 1999 2050.0   8.1 12.1 1.053 5.0  1.1 0.3 0.137500000
'7' 21  1 1999 1520.0   6.0 10.0 1.020 2.0  0.8 0.2 0.083333333
'7' 22  1 1999 3430.0  -3.1  6.7 0.637 1.0  0.0 0.4 0.000000000
'7' 23  1 1999 1090.0  -2.9  6.1 0.628 2.8  0.0 0.1 0.000000000
'7' 24  1 1999 1070.0   4.2  8.5 0.909 5.1  1.5 0.1 0.087500000
'7' 25  1 1999 400.0   6.9 12.2 1.054 8.0  4.3 0.1 0.191666667
'7' 26  1 1999 2560.0   3.4  7.9 0.784 5.1 11.3 0.3 0.200000000
'7' 27  1 1999 3620.0   3.5  8.4 0.816 4.3  7.2 0.5 0.212500000
'7' 28  1 1999 1600.0   0.8  6.9 0.722 4.3  4.0 0.2 0.220833333
'7' 29  1 1999 4440.0  -5.5  1.6 0.372 2.7  0.0 0.5 0.000000000
'7' 30  1 1999 5100.0  -7.1  3.6 0.410 0.8  0.0 0.5 0.000000000
'7' 31  1 1999 4800.0  -4.8  6.0 0.476 1.2  0.0 0.5 0.000000000
'7'  1  2 1999 1270.0   4.2  7.5 0.891 2.8  0.6 0.2 0.037500000
'7'  2  2 1999 1580.0   4.6  7.7 0.892 3.1  0.0 0.2 0.000000000
'7'  3  2 1999 1890.0   4.9  9.1 0.931 3.6  0.2 0.3 0.020833333
'7'  4  2 1999 1960.0   7.6 10.9 0.986 7.0  0.5 0.3 0.037500000
'7'  5  2 1999 4250.0   2.0  8.2 0.625 7.2  3.2 0.6 0.150000000
'7'  6  2 1999 4390.0   1.3  5.8 0.692 3.8  6.1 0.5 0.254166667
'7'  7  2 1999 3690.0  -1.3  4.8 0.608 4.5  5.7 0.4 0.216666667
'7'  8  2 1999 4870.0  -4.1  3.4 0.543 2.8  6.2 0.5 0.279166667
'7'  9  2 1999 2920.0  -4.2 -0.2 0.503 1.5  1.3 0.3 0.062500000
'7' 10  2 1999 6880.0  -2.9  4.6 0.580 2.7  2.4 0.7 0.141666667
'7' 11  2 1999 7930.0  -6.5  2.7 0.434 2.3  0.0 0.8 0.000000000
'7' 12  2 1999 8320.0  -8.3  1.7 0.373 1.6  0.0 0.7 0.000000000
'7' 13  2 1999 9850.0  -9.6  2.4 0.340 1.8  0.0 0.9 0.000000000
'7' 14  2 1999 5160.0 -10.3 -0.3 0.361 2.4  2.2 0.4 0.158333333
'7' 15  2 1999 2390.0  -0.3  2.6 0.653 3.9  0.2 0.3 0.029166667
'7' 16  2 1999 7310.0   2.6  7.5 0.689 6.8  2.9 0.9 0.108333333
'7' 17  2 1999 6920.0  -1.1  5.8 0.553 5.3  3.1 0.8 0.183333333
'7' 18  2 1999 2610.0   0.6  7.0 0.733 2.3  0.5 0.3 0.137500000
'7' 19  2 1999 870.0   4.3 10.3 0.979 4.5  5.2 0.1 0.304166667
'7' 20  2 1999 6490.0   3.5  8.5 0.782 3.5  0.0 0.8 0.000000000
'7' 21  2 1999 1690.0   3.5  7.8 0.794 5.2  6.3 0.2 0.204166667
'7' 22  2 1999 4390.0   0.8  6.0 0.650 6.3  9.7 0.5 0.279166667
'7' 23  2 1999 7440.0   1.3  7.7 0.713 4.5  5.5 0.9 0.166666667
'7' 24  2 1999 8440.0  -1.9  6.9 0.589 2.4  0.1 1.0 0.016666667
'7' 25  2 1999 5470.0  -3.1  6.3 0.548 4.3  0.0 0.6 0.000000000
'7' 26  2 1999 1560.0   5.0  7.9 0.883 5.8  1.6 0.2 0.095833333
'7' 27  2 1999 1310.0   4.7  7.0 0.867 4.6  1.9 0.2 0.129166667
'7' 28  2 1999 7670.0   3.6 10.0 0.808 7.2  0.8 1.0 0.066666667
'7'  1  3 1999 1050.0   4.7 12.1 1.022 7.3 29.7 0.1 0.545833333
'7'  2  3 1999 1170.0   5.5 13.1 1.085 5.8 18.2 0.2 0.458333333
'7'  3  3 1999 5480.0   5.7 11.6 0.878 6.9  2.4 0.8 0.020833333
'7'  4  3 1999 3060.0   5.4  9.5 0.869 4.0  0.2 0.4 0.020833333
'7'  5  3 1999 3720.0   3.2  7.9 0.813 2.2  0.4 0.5 0.041666667
'7'  6  3 1999 2650.0   3.8  6.5 0.798 4.0  4.0 0.3 0.125000000
'7'  7  3 1999 2110.0   2.8  4.8 0.728 5.3  1.5 0.3 0.137500000
'7'  8  3 1999 2420.0   3.7  6.2 0.823 3.4  2.6 0.3 0.295833333
'7'  9  3 1999 1200.0   4.0  5.0 0.817 2.4  1.5 0.1 0.133333333
'7' 10  3 1999 3990.0  -1.2  7.2 0.678 1.5  0.6 0.5 0.016666667
'7' 11  3 1999 12980.0  -3.4  7.8 0.551 3.4  0.0 1.5 0.000000000
'7' 12  3 1999 12270.0   3.2 14.6 0.789 4.5  0.0 1.7 0.000000000
'7' 13  3 1999 10960.0   6.5 16.5 1.073 2.7  0.0 1.6 0.000000000
'7' 14  3 1999 10610.0   1.6 13.2 0.841 1.7  0.0 1.4 0.000000000
'7' 15  3 1999 10960.0  -0.2 12.4 0.713 1.5  0.0 1.4 0.000000000
'7' 16  3 1999 12380.0  -0.8 12.2 0.648 2.1  0.0 1.6 0.000000000
'7' 17  3 1999 5970.0   4.6 10.9 0.864 1.7  1.8 0.8 0.125000000
'7' 18  3 1999 5920.0   2.8 12.4 0.876 2.4  7.1 0.8 0.125000000
'7' 19  3 1999 6660.0   2.5 10.5 0.771 3.5  0.8 0.9 0.012500000
'7' 20  3 1999 5880.0   2.6  8.9 0.743 3.1  0.3 0.8 0.054166667
'7' 21  3 1999 1910.0   5.5  7.6 0.901 4.8  7.6 0.3 0.229166667
'7' 22  3 1999 5410.0   4.0  7.2 0.777 4.4  4.4 0.7 0.166666667
'7' 23  3 1999 2140.0   4.4  9.1 0.932 4.2  5.6 0.3 0.208333333
'7' 24  3 1999 4540.0   3.8 10.6 0.828 4.6  0.0 0.6 0.000000000
'7' 25  3 1999 13030.0   3.9 16.2 0.876 3.6  0.5 1.9 0.012500000
'7' 26  3 1999 9860.0   7.1 13.7 1.056 3.9  6.2 1.5 0.187500000
'7' 27  3 1999 13120.0   1.6 12.7 0.767 2.3  0.0 1.8 0.000000000
'7' 28  3 1999 13950.0   2.1 12.2 0.796 2.1  0.0 1.8 0.000000000
'7' 29  3 1999 16440.0   2.1 15.4 0.677 3.8  0.0 2.4 0.000000000
'7' 30  3 1999 7540.0   9.2 16.6 1.153 2.8  2.7 1.2 0.091666667
'7' 31  3 1999 17900.0   6.9 19.3 1.103 2.4  0.0 2.8 0.000000000
'7'  1  4 1999 16630.0   7.0 19.2 0.871 4.9  0.0 2.7 0.000000000
'7'  2  4 1999 16930.0   8.7 20.8 0.988 3.8  0.0 2.7 0.000000000
'7'  3  4 1999 5720.0   7.4 15.2 1.226 2.2 10.4 0.9 0.383333333
'7'  4  4 1999 5360.0   6.6 11.9 1.101 2.6  0.0 0.8 0.000000000
'7'  5  4 1999 3370.0   7.0 15.0 1.212 3.8  1.3 0.5 0.050000000
'7'  6  4 1999 4750.0  10.5 14.7 1.314 5.8  0.9 0.7 0.020833333
'7'  7  4 1999 8780.0   7.2 12.2 1.043 4.1  4.0 1.3 0.058333333
'7'  8  4 1999 6140.0   2.6 10.6 0.813 2.6  0.0 0.8 0.000000000
'7'  9  4 1999 5810.0   2.7 13.7 0.937 3.1  0.1 0.8 0.020833333
'7' 10  4 1999 4260.0   9.0 12.6 1.183 4.8  1.4 0.6 0.062500000
'7' 11  4 1999 14310.0   6.7 11.8 0.885 4.5  0.0 2.0 0.000000000
'7' 12  4 1999 8480.0   6.3 12.3 0.985 5.3  8.8 1.2 0.370833333
'7' 13  4 1999 12160.0   0.6 10.1 0.699 4.7  9.4 1.6 0.220833333
'7' 14  4 1999 14560.0   0.4  8.7 0.646 2.6  4.5 1.8 0.108333333
'7' 15  4 1999 11270.0  -1.1  9.3 0.655 2.5  0.5 1.4 0.050000000
'7' 16  4 1999 15630.0   0.4 11.2 0.709 2.3  0.0 2.0 0.000000000
'7' 17  4 1999 8980.0  -1.3  9.4 0.665 2.0  3.7 1.1 0.075000000
'7' 18  4 1999 12170.0   0.5 10.8 0.689 2.2  0.4 1.6 0.012500000
'7' 19  4 1999 13530.0  -0.6 10.4 0.631 1.3  0.0 1.7 0.000000000
'7' 20  4 1999 17450.0  -0.4 14.1 0.633 5.3  1.7 2.5 0.108333333
'7' 21  4 1999 16480.0   9.3 17.9 1.223 4.6 10.2 2.6 0.208333333
'7' 22  4 1999 10430.0   7.4 14.6 1.107 4.8  3.8 1.6 0.095833333
'7' 23  4 1999 19650.0   4.8 17.2 0.909 2.9  0.0 3.0 0.000000000
'7' 24  4 1999 10530.0   9.2 14.7 1.126 3.7  0.0 1.6 0.000000000
'7' 25  4 1999 21760.0   6.9 17.9 0.992 3.0  0.0 3.4 0.000000000
'7' 26  4 1999 19850.0  10.8 20.8 1.205 5.0  0.0 3.3 0.000000000
'7' 27  4 1999 21470.0   9.3 18.6 1.121 5.9  0.0 3.4 0.000000000
'7' 28  4 1999 23090.0   8.2 18.4 1.078 4.5  0.0 3.6 0.000000000
'7' 29  4 1999 22090.0   6.0 16.4 0.885 4.6  0.0 3.3 0.000000000
'7' 30  4 1999 25410.0   3.4 19.1 0.761 2.6  0.0 3.9 0.000000000
'7'  1  5 1999 15510.0   7.1 17.3 1.055 2.7  0.0 2.3 0.000000000
'7'  2  5 1999 22320.0   7.3 18.7 0.902 2.5  0.0 3.5 0.000000000
'7'  3  5 1999 24520.0   5.3 18.9 0.835 3.6  0.0 3.9 0.000000000
'7'  4  5 1999 18980.0   6.3 19.1 0.707 5.9  0.0 3.0 0.000000000
'7'  5  5 1999 7350.0   9.8 16.3 1.041 5.5  6.5 1.1 0.337500000
'7'  6  5 1999 3660.0  10.2 14.1 1.376 3.1  4.9 0.6 0.225000000
'7'  7  5 1999 18880.0  10.4 20.6 1.378 3.2  3.2 3.1 0.079166667
'7'  8  5 1999 18840.0  12.2 18.1 1.300 5.0  0.0 3.1 0.000000000
'7'  9  5 1999 22150.0  10.6 21.3 1.292 3.0  0.0 3.7 0.000000000
'7' 10  5 1999 11130.0  10.6 19.4 1.322 3.3  4.3 1.8 0.066666667
'7' 11  5 1999 13960.0  11.2 18.0 1.408 3.5  1.7 2.3 0.083333333
'7' 12  5 1999 14260.0  10.8 17.3 1.268 4.2  0.8 2.3 0.025000000
'7' 13  5 1999 11620.0   7.5 16.8 1.103 3.8  1.8 1.8 0.050000000
'7' 14  5 1999 16100.0   7.0 17.8 1.169 2.8  2.2 2.5 0.041666667
'7' 15  5 1999 21860.0   7.5 14.0 0.881 3.8  0.5 3.3 0.050000000
'7' 16  5 1999 18000.0   3.1 15.0 0.781 2.4  0.0 2.6 0.000000000
'7' 17  5 1999 22650.0   8.0 17.7 0.800 6.4  0.0 3.6 0.000000000
'7' 18  5 1999 26950.0  10.5 22.3 0.777 7.6  0.0 4.6 0.000000000
'7' 19  5 1999 23610.0  12.4 23.0 1.124 3.2  0.0 4.1 0.000000000
'7' 20  5 1999 15930.0  10.5 20.1 1.435 2.7  2.0 2.7 0.141666667
'7' 21  5 1999 23510.0  10.8 21.2 1.283 4.0  1.6 3.9 0.029166667
'7' 22  5 1999 19050.0   9.4 14.8 0.999 3.6  1.9 2.9 0.083333333
'7' 23  5 1999 12590.0   9.7 18.2 1.238 4.7  0.0 2.0 0.000000000
'7' 24  5 1999 8410.0  12.0 17.0 1.351 4.5  0.0 1.4 0.000000000
'7' 25  5 1999 22570.0   6.1 17.7 0.926 2.9  0.0 3.6 0.000000000
'7' 26  5 1999 26110.0   4.6 20.2 0.887 2.5  0.0 4.2 0.000000000
'7' 27  5 1999 27810.0   7.2 27.1 0.839 3.0  0.0 5.0 0.000000000
'7' 28  5 1999 20110.0  11.6 22.3 1.342 3.4  0.0 3.6 0.000000000
'7' 29  5 1999 24250.0   9.1 28.1 1.312 3.0  5.0 4.4 0.070833333
'7' 30  5 1999 10840.0  11.1 19.7 1.527 3.9  5.8 1.8 0.108333333
'7' 31  5 1999 24460.0  10.1 18.5 1.205 2.4  2.8 3.9 0.083333333
'7'  1  6 1999 21320.0   7.9 21.6 1.131 2.5  0.0 3.6 0.000000000
'7'  2  6 1999 13850.0  11.4 25.3 1.522 4.4  6.1 2.4 0.070833333
'7'  3  6 1999 18500.0  12.2 21.7 1.415 5.4  1.4 3.1 0.075000000
'7'  4  6 1999 10760.0  11.3 18.0 1.349 5.3  5.8 1.7 0.087500000
'7'  5  6 1999 11480.0  10.2 15.9 1.283 3.4 13.9 1.8 0.362500000
'7'  6  6 1999 17220.0   7.8 17.3 1.130 5.0  5.3 2.7 0.079166667
'7'  7  6 1999 13920.0   8.1 19.4 1.300 3.0 13.7 2.2 0.137500000
'7'  8  6 1999 18240.0   9.8 16.9 1.190 4.5  0.4 2.9 0.016666667
'7'  9  6 1999 20720.0   8.0 18.2 1.064 3.8  0.3 3.3 0.020833333
'7' 10  6 1999 19480.0   7.5 18.7 1.065 2.6  0.0 3.1 0.000000000
'7' 11  6 1999 12630.0   9.5 17.1 1.211 2.6  0.4 2.0 0.075000000
'7' 12  6 1999 12630.0   8.3 17.5 1.118 1.5  0.0 2.0 0.000000000
'7' 13  6 1999 16270.0   8.6 21.7 1.188 3.1  0.0 2.8 0.000000000
'7' 14  6 1999 24100.0  11.6 23.9 1.385 3.0  0.0 4.2 0.000000000
'7' 15  6 1999 26630.0  10.4 22.9 1.217 2.9  0.0 4.6 0.000000000
'7' 16  6 1999 23780.0  11.7 24.5 1.369 1.9  0.0 4.2 0.000000000
'7' 17  6 1999 21710.0  10.8 24.2 1.397 3.1  0.0 3.7 0.000000000
'7' 18  6 1999 22410.0   6.6 18.7 0.940 3.1  0.0 3.6 0.000000000
'7' 19  6 1999 29240.0   4.7 23.1 0.853 2.1  0.0 4.9 0.000000000
'7' 20  6 1999 7370.0  10.3 16.5 1.248 4.1  2.6 1.2 0.137500000
'7' 21  6 1999 18550.0   7.3 16.8 1.040 2.9  0.7 2.9 0.045833333
'7' 22  6 1999 19770.0   6.0 18.0 1.004 2.0  2.0 3.1 0.029166667
'7' 23  6 1999 14110.0   5.1 18.8 0.951 1.6  0.1 2.3 0.012500000
'7' 24  6 1999 25420.0   8.2 20.0 1.069 2.3  0.9 4.1 0.066666667
'7' 25  6 1999 29990.0   6.4 19.9 0.884 3.2  0.0 4.9 0.000000000
'7' 26  6 1999 28590.0   7.8 23.7 0.933 2.7  0.0 5.0 0.000000000
'7' 27  6 1999 13380.0  13.8 23.3 1.689 3.9 11.7 2.4 0.070833333
'7' 28  6 1999 18170.0  11.0 19.0 1.299 4.7  1.9 3.0 0.095833333
'7' 29  6 1999 6960.0  14.8 21.1 1.832 4.1 17.4 1.2 0.170833333
'7' 30  6 1999 14240.0  10.6 21.9 1.480 2.7  0.2 2.4 0.029166667
'7'  1  7 1999 11460.0  12.1 18.3 1.453 3.5  1.1 1.9 0.045833333
'7'  2  7 1999 12430.0  14.2 23.2 1.796 2.3  0.0 2.2 0.000000000
'7'  3  7 1999 22250.0  14.0 27.2 1.729 4.3  1.0 4.1 0.012500000
'7'  4  7 1999 14360.0  12.9 24.1 1.632 2.4  8.7 2.6 0.108333333
'7'  5  7 1999 4720.0  15.5 19.3 1.913 1.9 13.8 0.8 0.233333333
'7'  6  7 1999 21010.0  13.2 22.0 1.620 2.0  0.0 3.7 0.000000000
'7'  7  7 1999 16000.0  11.4 23.4 1.580 1.8  0.4 2.8 0.008333333
'7'  8  7 1999 19510.0  14.8 23.0 1.622 2.8  0.0 3.5 0.000000000
'7'  9  7 1999 27950.0  12.4 24.9 1.384 3.3  0.0 5.1 0.000000000
'7' 10  7 1999 27180.0  14.0 27.1 1.416 3.5  0.0 5.1 0.000000000
'7' 11  7 1999 26910.0  17.9 28.6 1.750 4.0  0.0 5.2 0.000000000
'7' 12  7 1999 20990.0  17.4 28.1 1.906 3.0  0.0 4.0 0.000000000
'7' 13  7 1999 18140.0  16.0 24.4 1.984 2.5  0.0 3.3 0.000000000
'7' 14  7 1999 19200.0  13.2 20.0 1.381 3.9  2.8 3.3 0.062500000
'7' 15  7 1999 19500.0  11.1 21.0 1.260 3.2  0.0 3.3 0.000000000
'7' 16  7 1999 21610.0   9.5 22.8 1.215 3.0  0.0 3.7 0.000000000
'7' 17  7 1999 17910.0  12.2 24.3 1.569 2.8  0.0 3.2 0.000000000
'7' 18  7 1999 24090.0  12.1 29.2 1.529 2.0  0.0 4.5 0.000000000
'7' 19  7 1999 18170.0  15.1 29.5 1.770 2.9  0.0 3.4 0.000000000
'7' 20  7 1999 14570.0  16.5 25.5 1.764 5.2  1.2 2.7 0.020833333
'7' 21  7 1999 12400.0  14.4 22.0 1.479 5.6  2.0 2.1 0.087500000
'7' 22  7 1999 7980.0  12.4 17.6 1.427 4.1  7.0 1.3 0.212500000
'7' 23  7 1999 13870.0  12.8 19.3 1.300 2.8  0.0 2.3 0.000000000
'7' 24  7 1999 24160.0  14.7 26.0 1.631 2.3  0.0 4.4 0.000000000
'7' 25  7 1999 20870.0  13.1 28.0 1.639 2.9  0.0 3.8 0.000000000
'7' 26  7 1999 20910.0  12.6 21.2 1.257 4.3  0.0 3.6 0.000000000
'7' 27  7 1999 27080.0   8.5 21.3 1.019 4.7  0.0 4.6 0.000000000
'7' 28  7 1999 27280.0  11.3 25.8 1.222 5.0  0.0 4.9 0.000000000
'7' 29  7 1999 26480.0  12.2 28.0 1.136 3.4  0.0 5.0 0.000000000
'7' 30  7 1999 24710.0  14.3 29.6 1.170 3.1  0.0 4.7 0.000000000
'7' 31  7 1999 22700.0  14.6 30.6 1.278 2.5  0.0 4.3 0.000000000
'7'  1  8 1999 22700.0  13.2 31.4 1.187 2.1  0.0 4.3 0.000000000
'7'  2  8 1999 24820.0  14.2 31.4 1.054 2.9  0.0 4.8 0.000000000
'7'  3  8 1999 17050.0  15.9 29.0 1.445 2.7  0.0 3.2 0.000000000
'7'  4  8 1999 19380.0  13.9 28.2 1.706 1.5  0.0 3.6 0.000000000
'7'  5  8 1999 13550.0  14.2 24.7 1.683 3.1  3.4 2.5 0.058333333
'7'  6  8 1999 23260.0  11.7 28.1 1.394 2.3  0.0 4.3 0.000000000
'7'  7  8 1999 1600.0  15.3 19.3 1.840 2.1 25.3 0.3 0.416666667
'7'  8  8 1999 7480.0  15.1 21.4 1.970 2.0  1.7 1.3 0.070833333
'7'  9  8 1999 16100.0  14.4 24.1 1.740 3.0  0.1 2.9 0.020833333
'7' 10  8 1999 7910.0  15.1 21.8 1.823 2.3 15.6 1.4 0.308333333
'7' 11  8 1999 11850.0   9.5 19.4 1.105 2.1  0.0 2.0 0.000000000
'7' 12  8 1999 15350.0   8.5 19.6 1.165 1.5  0.0 2.5 0.000000000
'7' 13  8 1999 17840.0   9.3 22.1 1.204 1.9  0.0 3.0 0.000000000
'7' 14  8 1999 6860.0  12.6 19.3 1.555 3.6 19.9 1.2 0.283333333
'7' 15  8 1999 15070.0  12.1 19.9 1.353 4.0  0.0 2.5 0.000000000
'7' 16  8 1999 11580.0  11.1 19.2 1.377 2.0  7.8 1.9 0.104166667
'7' 17  8 1999 9700.0  10.4 18.2 1.290 2.6  1.2 1.6 0.037500000
'7' 18  8 1999 13110.0  13.8 22.2 1.629 4.5  5.7 2.2 0.120833333
'7' 19  8 1999 9370.0  13.6 19.2 1.631 5.6 29.6 1.6 0.270833333
'7' 20  8 1999 12010.0  11.3 19.8 1.441 3.5  4.8 2.0 0.087500000
'7' 21  8 1999 12420.0   7.6 18.9 1.159 2.0  0.4 2.0 0.020833333
'7' 22  8 1999 12350.0   6.0 17.9 1.054 1.6  0.0 1.9 0.000000000
'7' 23  8 1999 20070.0   6.9 20.1 1.021 3.0  0.0 3.3 0.000000000
'7' 24  8 1999 15690.0   9.8 22.0 1.197 3.5  0.0 2.7 0.000000000
'7' 25  8 1999 14490.0  17.7 27.4 1.720 3.7  0.0 2.8 0.000000000
'7' 26  8 1999 13840.0  16.3 25.4 1.935 3.7  5.6 2.5 0.033333333
'7' 27  8 1999 11290.0  13.4 21.2 1.604 2.7  0.0 2.0 0.000000000
'7' 28  8 1999 18410.0   9.9 22.6 1.368 1.6  0.0 3.2 0.000000000
'7' 29  8 1999 16790.0   9.1 24.1 1.336 1.0  0.0 2.9 0.000000000
'7' 30  8 1999 13910.0  10.5 23.7 1.436 2.3  0.0 2.4 0.000000000
'7' 31  8 1999 9860.0  10.6 21.3 1.445 2.0  0.0 1.7 0.000000000
'7'  1  9 1999 3780.0  12.7 20.1 1.628 1.0  0.0 0.7 0.000000000
'7'  2  9 1999 14090.0  11.2 24.0 1.528 1.8  0.0 2.5 0.000000000
'7'  3  9 1999 19370.0  10.2 25.2 1.202 3.2  0.0 3.4 0.000000000
'7'  4  9 1999 13230.0  12.2 25.6 1.568 2.0  0.0 2.3 0.000000000
'7'  5  9 1999 18250.0  11.8 27.0 1.396 2.1  0.0 3.3 0.000000000
'7'  6  9 1999 15110.0  11.7 25.9 1.618 2.0  0.0 2.7 0.0
'7'  7  9 1999 9200.0  13.2 23.2 1.742 3.2  0.0 1.6 0.000000000
'7'  8  9 1999 14250.0  12.1 24.9 1.619 2.7  0.0 2.5 0.000000000
'7'  9  9 1999 11670.0  12.7 24.5 1.650 2.6  0.0 2.1 0.000000000
'7' 10  9 1999 11980.0  15.2 25.3 1.935 2.1  0.0 2.1 0.000000000
'7' 11  9 1999 16840.0  16.1 29.3 1.668 3.2  0.0 3.2 0.000000000
'7' 12  9 1999 14820.0  14.4 27.0 1.798 2.1  0.0 2.7 0.000000000
'7' 13  9 1999 13770.0  14.1 25.4 1.894 2.6  0.0 2.5 0.000000000
'7' 14  9 1999 3650.0  17.0 20.4 1.929 1.9  0.0 0.6 0.000000000
'7' 15  9 1999 4500.0  13.3 22.0 1.840 1.8 14.6 0.8 0.220833333
'7' 16  9 1999 13360.0  11.4 21.1 1.332 3.8  0.0 2.3 0.000000000
'7' 17  9 1999 7940.0  10.0 20.1 1.356 2.6  0.0 1.3 0.000000000
'7' 18  9 1999 14120.0   8.7 20.6 1.276 3.3  0.0 2.3 0.000000000
'7' 19  9 1999 10290.0  12.0 22.9 1.438 4.0  0.0 1.8 0.000000000
'7' 20  9 1999 6030.0  14.7 20.9 1.657 3.2  0.4 1.1 0.062500000
'7' 21  9 1999 8150.0  12.7 18.9 1.476 4.1  0.8 1.4 0.020833333
'7' 22  9 1999 5860.0  14.2 22.0 1.828 2.7 10.8 1.0 0.054166667
'7' 23  9 1999 10460.0  15.6 22.7 1.792 4.3  5.6 1.9 0.066666667
'7' 24  9 1999 10250.0  13.9 22.6 1.690 4.1 10.3 1.8 0.112500000
'7' 25  9 1999 10760.0  12.6 21.3 1.574 3.3  0.0 1.8 0.000000000
'7' 26  9 1999 8050.0  12.3 19.1 1.512 4.6  1.7 1.3 0.041666667
'7' 27  9 1999 3600.0  11.6 16.8 1.467 4.8  4.5 0.6 0.154166667
'7' 28  9 1999 5270.0  13.1 17.7 1.522 4.6  0.5 0.9 0.020833333
'7' 29  9 1999 7020.0  13.8 19.2 1.625 5.1  9.1 1.2 0.175000000
'7' 30  9 1999 5210.0  12.2 18.6 1.573 3.7 16.7 0.9 0.175000000
'7'  1 10 1999 6500.0  11.4 16.1 1.227 6.2  1.3 1.0 0.033333333
'7'  2 10 1999 2500.0   9.1 16.8 1.254 6.0  7.4 0.4 0.095833333
'7'  3 10 1999 5910.0   8.5 13.7 1.157 4.8 41.4 0.9 0.175000000
'7'  4 10 1999 6210.0   7.2 14.4 1.167 2.6 21.6 0.9 0.266666667
'7'  5 10 1999 9080.0   5.3 14.5 1.007 2.3  2.6 1.3 0.033333333
'7'  6 10 1999 5960.0   7.0 14.5 1.098 1.9  0.0 0.9 0.000000000
'7'  7 10 1999 3680.0   4.4 14.3 0.962 4.2  2.4 0.5 0.045833333
'7'  8 10 1999 2000.0  10.1 15.2 1.398 3.5  8.7 0.3 0.200000000
'7'  9 10 1999 3420.0  13.5 16.2 1.548 3.5  1.3 0.6 0.025000000
'7' 10 10 1999 2810.0  13.3 17.1 1.577 4.0  4.2 0.5 0.212500000
'7' 11 10 1999 6690.0   6.1 16.3 1.049 2.7  1.0 1.0 0.037500000
'7' 12 10 1999 9870.0   4.5 15.9 0.965 1.6  0.0 1.4 0.000000000
'7' 13 10 1999 9850.0   3.7 15.3 0.951 1.1  0.0 1.4 0.000000000
'7' 14 10 1999 3530.0   3.4 15.6 0.986 1.4  0.0 0.5 0.000000000
'7' 15 10 1999 3410.0   6.5 13.5 1.025 1.9  0.0 0.5 0.000000000
'7' 16 10 1999 10630.0   4.1 14.5 0.865 2.9  0.0 1.5 0.000000000
'7' 17 10 1999 10670.0   2.2 11.9 0.719 4.6  0.0 1.4 0.000000000
'7' 18 10 1999 10490.0   2.1 11.0 0.701 5.4  0.0 1.4 0.000000000
'7' 19 10 1999 9970.0   2.3 10.2 0.667 6.2  0.0 1.3 0.000000000
'7' 20 10 1999 9460.0   2.1 10.5 0.602 7.1  0.0 1.2 0.000000000
'7' 21 10 1999 2340.0   2.9  9.0 0.700 5.8  2.1 0.3 0.050000000
'7' 22 10 1999 1720.0   8.4 12.7 1.121 4.3  4.7 0.3 0.125000000
'7' 23 10 1999 7900.0   8.9 17.8 1.258 4.1  5.0 1.3 0.029166667
'7' 24 10 1999 3680.0   9.8 15.0 1.205 5.5  0.9 0.6 0.033333333
'7' 25 10 1999 3010.0  10.9 14.4 1.294 4.8  1.5 0.5 0.045833333
'7' 26 10 1999 4080.0  10.6 15.4 1.345 4.0  0.3 0.6 0.012500000
'7' 27 10 1999 4020.0   8.8 14.8 1.246 4.0  0.0 0.6 0.000000000
'7' 28 10 1999 3270.0   8.4 15.3 1.269 2.5  0.0 0.5 0.000000000
'7' 29 10 1999 3010.0   7.9 11.9 1.184 2.6  0.0 0.4 0.000000000
'7' 30 10 1999 5490.0  10.5 18.6 1.340 4.5  7.6 0.9 0.054166667
'7' 31 10 1999 6000.0   9.5 15.0 1.176 5.5  0.0 0.9 0.000000000
'7'  1 11 1999 3080.0   8.9 17.1 1.180 5.7  1.2 0.5 0.037500000
'7'  2 11 1999 3180.0   2.8 14.8 0.890 3.3  0.1 0.5 0.012500000
'7'  3 11 1999 5410.0   1.6 13.7 0.849 2.4  0.0 0.8 0.000000000
'7'  4 11 1999 5590.0   1.8 12.8 0.795 2.3  0.0 0.8 0.000000000
'7'  5 11 1999 4920.0   2.8 11.3 0.815 5.1  1.5 0.7 0.079166667
'7'  6 11 1999 1270.0   7.1 10.2 1.003 7.0 15.8 0.2 0.645833333
'7'  7 11 1999 2300.0   5.8 12.9 1.048 3.1  5.5 0.3 0.150000000
'7'  8 11 1999 1520.0   6.0 11.3 1.069 1.5  2.2 0.2 0.137500000
'7'  9 11 1999 3150.0   5.9 12.2 1.045 3.1  0.7 0.5 0.054166667
'7' 10 11 1999 5490.0   5.4 11.6 0.899 4.6  0.0 0.8 0.000000000
'7' 11 11 1999 5220.0   1.8  9.6 0.765 4.0  0.0 0.7 0.000000000
'7' 12 11 1999 5640.0   0.0  8.3 0.690 2.3  0.0 0.7 0.000000000
'7' 13 11 1999 4190.0  -3.8  9.2 0.621 1.3  0.8 0.5 0.037500000
'7' 14 11 1999 2490.0   1.5 10.7 0.784 3.3  1.2 0.3 0.070833333
'7' 15 11 1999 5930.0  -4.1  6.1 0.512 1.3  0.0 0.6 0.000000000
'7' 16 11 1999 2630.0  -3.8  3.8 0.539 2.8  2.4 0.3 0.133333333
'7' 17 11 1999 3030.0   1.4  7.1 0.745 3.0  9.9 0.4 0.200000000
'7' 18 11 1999 2570.0  -0.2  6.0 0.689 2.4 19.4 0.3 0.279166667
'7' 19 11 1999 3300.0   0.9  4.2 0.641 4.3  3.2 0.4 0.062500000
'7' 20 11 1999 2740.0  -1.2  4.0 0.584 3.5  3.2 0.3 0.087500000
'7' 21 11 1999 2860.0  -1.1  4.8 0.613 1.5  0.5 0.3 0.112500000
'7' 22 11 1999 1110.0   2.0  8.3 0.781 3.6  3.2 0.1 0.200000000
'7' 23 11 1999 3030.0   4.1 10.8 0.914 2.5  0.4 0.4 0.025000000
'7' 24 11 1999 510.0   7.0 10.1 1.063 3.9  0.0 0.1 0.000000000
'7' 25 11 1999 360.0   7.7 10.1 1.080 5.2  4.4 0.1 0.150000000
'7' 26 11 1999 2400.0   5.0 10.6 0.902 5.6  0.0 0.3 0.000000000
'7' 27 11 1999 2380.0   5.0 10.4 0.939 4.2  4.5 0.3 0.125000000
'7' 28 11 1999 2110.0   6.3 11.2 0.912 5.7  0.0 0.3 0.000000000
'7' 29 11 1999 2030.0   7.0 10.3 0.936 3.8  0.0 0.3 0.000000000
'7' 30 11 1999 3110.0   6.5 11.2 0.953 6.2  0.0 0.4 0.000000000
'7'  1 12 1999 2890.0   7.5 11.7 0.911 6.0  0.5 0.4 0.033333333
'7'  2 12 1999 3040.0   5.5  8.8 0.734 5.9  0.0 0.4 0.000000000
'7'  3 12 1999 180.0   5.5  9.9 0.799 8.9  3.7 0.0 0.108333333
'7'  4 12 1999 2920.0   0.8  7.3 0.611 4.4  2.1 0.4 0.108333333
'7'  5 12 1999 3400.0  -0.9  7.9 0.640 2.7  0.7 0.4 0.045833333
'7'  6 12 1999 220.0   3.2 10.4 0.869 8.2  1.2 0.0 0.145833333
'7'  7 12 1999 950.0   6.7 10.3 0.980 7.1  9.1 0.1 0.312500000
'7'  8 12 1999 1040.0   4.6 10.6 0.867 6.5  1.7 0.1 0.083333333
'7'  9 12 1999 2570.0   5.4  9.5 0.838 7.6  1.9 0.4 0.083333333
'7' 10 12 1999 1740.0   4.3  9.3 0.885 5.0  5.1 0.2 0.204166667
'7' 11 12 1999 240.0   4.4 11.6 0.944 7.2 18.5 0.0 0.325000000
'7' 12 12 1999 580.0   4.9 10.8 0.935 5.1 10.5 0.1 0.308333333
'7' 13 12 1999 2840.0   4.3  8.1 0.808 5.6 15.1 0.4 0.304166667
'7' 14 12 1999 1550.0   1.0  4.4 0.684 3.2  5.7 0.2 0.162500000
'7' 15 12 1999 2570.0  -1.8  2.7 0.566 2.8  3.9 0.3 0.137500000
'7' 16 12 1999 1800.0  -4.1  5.2 0.562 2.8  0.3 0.2 0.029166667
'7' 17 12 1999 180.0   3.8  7.5 0.832 6.9  9.1 0.0 0.362500000
'7' 18 12 1999 2210.0  -0.3  6.0 0.598 2.1  0.0 0.3 0.000000000
'7' 19 12 1999 2740.0  -3.0  3.9 0.555 2.3  1.9 0.3 0.091666667
'7' 20 12 1999 2340.0  -3.1  4.9 0.561 2.0  0.0 0.3 0.000000000
'7' 21 12 1999 1050.0  -1.5  2.1 0.581 3.1  0.0 0.1 0.000000000
'7' 22 12 1999 2450.0  -2.2  2.8 0.484 5.9  2.5 0.3 0.150000000
'7' 23 12 1999 2630.0   2.8  8.5 0.795 5.9  3.0 0.3 0.091666667
'7' 24 12 1999 150.0   4.5  9.9 0.897 8.5 16.8 0.0 0.362500000
'7' 25 12 1999 2520.0   4.5 10.5 0.790 8.8  2.8 0.3 0.087500000
'7' 26 12 1999 1620.0   3.1  7.5 0.756 5.3 16.0 0.2 0.325000000
'7' 27 12 1999 2430.0  -0.2  7.2 0.688 3.2 12.0 0.3 0.166666667
'7' 28 12 1999 2030.0  -0.9  5.9 0.687 1.8  1.1 0.2 0.020833333
'7' 29 12 1999 1330.0   0.5  6.2 0.691 3.1  1.1 0.2 0.050000000
'7' 30 12 1999 1440.0   1.4  4.0 0.702 3.8  2.7 0.2 0.170833333
'7' 31 12 1999 370.0   3.2  4.7 0.785 2.4  0.0 0.0 0.000000000
