station DD MM YYYY RAD Tmin Tmax HUM WIND RAIN ETref WET
'7'  1  1 1994 2180.0   1.1  5.5 0.680  3.6  0.4 0.3 0.029166667
'7'  2  1 1994 460.0   0.2  8.1 0.725  6.2 14.4 0.1 0.479166667
'7'  3  1 1994 770.0   3.7  8.9 0.863  5.7  9.1 0.1 0.154166667
'7'  4  1 1994 2350.0   4.8  8.4 0.812  7.2  3.5 0.3 0.195833333
'7'  5  1 1994 340.0   3.8  8.7 0.834  6.2  9.1 0.0 0.308333333
'7'  6  1 1994 1540.0   4.0  8.1 0.845  5.1  5.4 0.2 0.250000000
'7'  7  1 1994 2420.0   2.5  6.1 0.708  5.1  0.0 0.3 0.000000000
'7'  8  1 1994 1110.0   1.0  4.3 0.682  3.6  0.0 0.1 0.000000000
'7'  9  1 1994 3350.0  -0.2  4.1 0.611  4.6  0.0 0.4 0.000000000
'7' 10  1 1994 1640.0   2.6  6.1 0.711  5.1  0.0 0.2 0.000000000
'7' 11  1 1994 1110.0   3.0  6.4 0.805  3.6  1.2 0.1 0.041666667
'7' 12  1 1994 490.0   5.7 12.2 1.047  7.2  6.8 0.1 0.466666667
'7' 13  1 1994 2610.0   7.7 12.2 0.955  9.3  2.0 0.4 0.091666667
'7' 14  1 1994 2410.0   5.3  8.2 0.794  7.2  3.4 0.3 0.066666667
'7' 15  1 1994 1920.0   3.9  6.8 0.800  3.6  0.0 0.2 0.000000000
'7' 16  1 1994 2900.0  -2.5  5.1 0.580  2.6  0.0 0.3 0.000000000
'7' 17  1 1994 5300.0  -4.3  4.1 0.518  1.5  0.0 0.5 0.000000000
'7' 18  1 1994 1730.0  -0.1  4.0 0.612  6.7  0.0 0.2 0.000000000
'7' 19  1 1994 380.0  -0.6  3.2 0.638  4.6  3.6 0.0 0.508333333
'7' 20  1 1994 4350.0  -2.0  5.9 0.619  4.1  0.0 0.5 0.000000000
'7' 21  1 1994 630.0   4.4  6.3 0.856  5.7  0.0 0.1 0.000000000
'7' 22  1 1994 530.0   5.2  8.9 0.977  4.1  2.3 0.1 0.400000000
'7' 23  1 1994 920.0   4.3 10.4 0.852  7.2 15.2 0.1 0.362500000
'7' 24  1 1994 2810.0   1.4  6.5 0.677  3.6  0.0 0.3 0.000000000
'7' 25  1 1994 1530.0   4.9 11.6 0.986  7.2  5.7 0.2 0.237500000
'7' 26  1 1994 3330.0   4.1  7.3 0.719  7.2  2.1 0.4 0.170833333
'7' 27  1 1994 950.0   4.2 10.9 0.849 10.3  5.9 0.1 0.195833333
'7' 28  1 1994 3270.0   0.9  6.0 0.530  8.2  0.7 0.4 0.100000000
'7' 29  1 1994 1170.0   2.1  8.3 0.741  5.1  0.9 0.1 0.175000000
'7' 30  1 1994 3820.0   5.0  9.8 0.822  7.2  1.3 0.5 0.120833333
'7' 31  1 1994 3640.0   3.9  7.7 0.731  4.1  0.0 0.5 0.000000000
'7'  1  2 1994 1420.0   3.7  7.2 0.714  6.2  2.4 0.2 0.108333333
'7'  2  2 1994 4820.0  -1.1  6.9 0.554  3.6  0.0 0.6 0.000000000
'7'  3  2 1994 2820.0  -1.0  4.9 0.611  6.2  2.8 0.3 0.254166667
'7'  4  2 1994 840.0   4.2  7.3 0.886  3.1  0.0 0.1 0.000000000
'7'  5  2 1994 2270.0   2.3  5.8 0.729  2.6  0.0 0.3 0.000000000
'7'  6  2 1994 2610.0   1.7  7.6 0.773  2.1  0.0 0.3 0.000000000
'7'  7  2 1994 2430.0   0.8  6.4 0.727  3.1  2.2 0.3 0.191666667
'7'  8  2 1994 4630.0   0.2  8.6 0.734  2.1  0.4 0.6 0.058333333
'7'  9  2 1994 2450.0   0.5  8.2 0.713  4.6  1.1 0.3 0.112500000
'7' 10  2 1994 3090.0   3.1  7.7 0.752  4.1  3.2 0.4 0.162500000
'7' 11  2 1994 1530.0  -0.4  4.3 0.609  2.6  0.0 0.2 0.000000000
'7' 12  2 1994 4380.0  -1.2  3.0 0.541  4.6  0.0 0.5 0.000000000
'7' 13  2 1994 5570.0  -7.3 -0.1 0.286  7.7  0.0 0.5 0.000000000
'7' 14  2 1994 7520.0  -7.9 -1.0 0.199 10.3  0.0 0.7 0.000000000
'7' 15  2 1994 5070.0  -4.3  2.5 0.232  7.7  0.0 0.5 0.000000000
'7' 16  2 1994 7270.0  -4.8  5.4 0.319  3.6  0.0 0.8 0.000000000
'7' 17  2 1994 8880.0  -8.1  4.6 0.277  2.6  0.0 0.9 0.000000000
'7' 18  2 1994 8520.0  -6.4  4.4 0.297  3.6  0.0 0.8 0.000000000
'7' 19  2 1994 8960.0  -7.1  4.0 0.259  3.1  0.0 0.9 0.000000000
'7' 20  2 1994 8340.0  -8.6 -0.2 0.309  3.6  0.0 0.7 0.000000000
'7' 21  2 1994 4540.0 -10.1 -2.3 0.322  2.6  0.0 0.4 0.000000000
'7' 22  2 1994 1750.0  -7.5 -1.3 0.398  2.6  0.5 0.2 0.125000000
'7' 23  2 1994 5100.0  -2.3  2.3 0.469  4.6  0.3 0.5 0.054166667
'7' 24  2 1994 2730.0  -0.9  0.7 0.569  2.6  3.9 0.3 0.383333333
'7' 25  2 1994 6390.0  -1.1  3.6 0.560  2.1  0.0 0.7 0.000000000
'7' 26  2 1994 6410.0   1.6 11.3 0.789  4.1  0.0 0.9 0.000000000
'7' 27  2 1994 3960.0   3.9 11.3 0.927  2.6  4.1 0.5 0.270833333
'7' 28  2 1994 5110.0   5.1 11.2 1.027  2.6  8.1 0.7 0.312500000
'7'  1  3 1994 2120.0   5.1  8.2 0.924  3.6  0.6 0.3 0.020833333
'7'  2  3 1994 1030.0   3.7  7.3 0.833  4.6  5.5 0.1 0.237500000
'7'  3  3 1994 4170.0   2.9  9.0 0.791  5.1  7.2 0.5 0.091666667
'7'  4  3 1994 9760.0   1.9 10.1 0.689  4.1  0.0 1.3 0.000000000
'7'  5  3 1994 7510.0   1.8 12.7 0.718  5.1  0.8 1.0 0.091666667
'7'  6  3 1994 8120.0   3.1 10.0 0.753  5.1  0.0 1.1 0.000000000
'7'  7  3 1994 2800.0   7.1 12.1 1.048  6.2  0.7 0.4 0.116666667
'7'  8  3 1994 2370.0   8.9 12.3 1.206  7.2  0.0 0.3 0.000000000
'7'  9  3 1994 1420.0   6.9  9.7 1.035  5.7  0.3 0.2 0.029166667
'7' 10  3 1994 12630.0   0.8 10.2 0.682  3.6  0.0 1.7 0.000000000
'7' 11  3 1994 12520.0  -1.1 10.7 0.596  3.1  0.0 1.6 0.000000000
'7' 12  3 1994 10360.0   3.9  9.6 0.742  5.1  0.4 1.4 0.062500000
'7' 13  3 1994 3490.0   5.9 10.8 0.812  9.3  4.2 0.5 0.237500000
'7' 14  3 1994 6290.0   5.6 12.1 0.863  7.7  0.4 0.9 0.016666667
'7' 15  3 1994 1740.0   4.7 10.2 0.973  2.6 13.4 0.2 0.658333333
'7' 16  3 1994 9140.0   3.2  8.7 0.667  6.7  0.4 1.2 0.037500000
'7' 17  3 1994 3790.0   2.9  6.8 0.590  7.2  0.4 0.5 0.083333333
'7' 18  3 1994 5490.0   3.1  8.9 0.796  5.1 15.7 0.7 0.358333333
'7' 19  3 1994 9460.0   1.7  9.2 0.668  6.2  5.3 1.2 0.245833333
'7' 20  3 1994 11390.0   1.8  7.4 0.615  4.6  0.0 1.4 0.000000000
'7' 21  3 1994 12420.0  -1.6  8.1 0.542  2.6  0.0 1.5 0.000000000
'7' 22  3 1994 3620.0  -2.3  8.6 0.642  4.6  2.4 0.4 0.200000000
'7' 23  3 1994 1340.0   8.5 12.8 1.154 10.3  0.1 0.2 0.037500000
'7' 24  3 1994 12590.0   7.9 11.2 0.829  7.2  1.6 1.8 0.083333333
'7' 25  3 1994 1480.0   5.0 10.8 0.980  7.2 17.5 0.2 0.550000000
'7' 26  3 1994 10930.0   0.8  9.0 0.646  5.1  0.6 1.4 0.058333333
'7' 27  3 1994 17310.0  -1.5  8.8 0.539  3.1  0.0 2.2 0.000000000
'7' 28  3 1994 3350.0   4.5 12.8 0.870  5.7  0.7 0.5 0.145833333
'7' 29  3 1994 9230.0   8.8 13.9 1.045  6.2  0.0 1.4 0.000000000
'7' 30  3 1994 14460.0   7.7 18.9 1.079  5.1  0.0 2.3 0.000000000
'7' 31  3 1994 10180.0   7.7 16.6 0.932  8.2  4.0 1.5 0.241666667
'7'  1  4 1994 6330.0   4.6 11.8 0.852  9.8 14.1 0.9 0.437500000
'7'  2  4 1994 12620.0   1.4  9.1 0.666  4.1  3.5 1.6 0.129166667
'7'  3  4 1994 12540.0   1.5  9.7 0.661  4.6  0.9 1.6 0.087500000
'7'  4  4 1994 5700.0   1.7 11.2 0.809  6.7 26.9 0.7 0.758333333
'7'  5  4 1994 7290.0   1.5  7.0 0.714  5.1  1.3 0.9 0.137500000
'7'  6  4 1994 12290.0  -0.3 10.0 0.676  3.1  1.1 1.6 0.087500000
'7'  7  4 1994 10400.0  -0.8  9.5 0.660  3.1  1.9 1.3 0.245833333
'7'  8  4 1994 7810.0   4.7  9.7 0.860  4.6  6.5 1.0 0.245833333
'7'  9  4 1994 10480.0  -0.4  8.4 0.664  4.1  5.4 1.3 0.158333333
'7' 10  4 1994 9520.0  -0.7  9.3 0.668  3.1  1.5 1.2 0.087500000
'7' 11  4 1994 17240.0   5.8 13.3 0.863  6.2  0.0 2.5 0.000000000
'7' 12  4 1994 11810.0   4.4 12.8 0.823  4.6  0.0 1.7 0.000000000
'7' 13  4 1994 14350.0   5.2 11.0 0.761  7.7  0.0 2.0 0.000000000
'7' 14  4 1994 18370.0   4.1  9.8 0.733  4.6  6.0 2.4 0.291666667
'7' 15  4 1994 5530.0   4.0  8.4 0.796  3.1  7.0 0.7 0.216666667
'7' 16  4 1994 20160.0   3.2 13.3 0.788  5.7  0.0 2.8 0.000000000
'7' 17  4 1994 9570.0   4.7  8.7 0.738  6.2  0.0 1.3 0.000000000
'7' 18  4 1994 15440.0  -0.3 10.5 0.569  3.6  0.0 2.0 0.000000000
'7' 19  4 1994 9620.0  -1.7  9.6 0.580  1.5  0.0 1.2 0.000000000
'7' 20  4 1994 12960.0   0.3 14.5 0.662  2.1  0.0 1.7 0.000000000
'7' 21  4 1994 8710.0   1.7 13.8 0.721  3.1  0.0 1.2 0.000000000
'7' 22  4 1994 16900.0   0.8 17.9 0.660  3.1  0.0 2.5 0.000000000
'7' 23  4 1994 19160.0   6.7 22.6 0.969  4.6  0.0 3.1 0.000000000
'7' 24  4 1994 10940.0   6.2 20.5 1.144  2.6  2.6 1.7 0.095833333
'7' 25  4 1994 12630.0   4.4 14.6 0.857  3.1  1.0 1.9 0.083333333
'7' 26  4 1994 4700.0   5.6 14.3 1.039  4.1  3.8 0.7 0.087500000
'7' 27  4 1994 4630.0  10.2 14.8 1.346  3.6  1.6 0.7 0.070833333
'7' 28  4 1994 7800.0   7.5 18.3 1.250  3.6  0.0 1.2 0.000000000
'7' 29  4 1994 18460.0   6.5 21.5 1.125  2.1  0.0 3.0 0.000000000
'7' 30  4 1994 18610.0   6.6 19.1 1.069  3.6  0.0 2.9 0.000000000
'7'  1  5 1994 19540.0   5.7 11.3 0.718  4.1  0.0 2.7 0.000000000
'7'  2  5 1994 24750.0   1.3 14.4 0.591  3.1  0.0 3.5 0.000000000
'7'  3  5 1994 23310.0   5.0 20.3 0.728  5.7  0.0 3.7 0.000000000
'7'  4  5 1994 14450.0   7.8 15.6 0.968  4.6  0.9 2.2 0.066666667
'7'  5  5 1994 16350.0   7.6 14.6 0.949  4.1  0.3 2.5 0.112500000
'7'  6  5 1994 4170.0   8.7 13.5 1.277  2.6  8.3 0.6 0.645833333
'7'  7  5 1994 13060.0  12.2 20.0 1.450  3.6  0.0 2.2 0.000000000
'7'  8  5 1994 3430.0   8.3 16.7 1.237  3.1  1.5 0.5 0.287500000
'7'  9  5 1994 9710.0   6.4 12.9 0.958  3.1  0.0 1.4 0.000000000
'7' 10  5 1994 11530.0   6.3 13.9 0.990  2.1  0.0 1.7 0.000000000
'7' 11  5 1994 21470.0   6.7 21.4 1.006  4.6  0.0 3.5 0.000000000
'7' 12  5 1994 21720.0  12.1 23.3 0.983  5.1  0.0 3.8 0.000000000
'7' 13  5 1994 23900.0  10.6 21.8 1.013  5.7  0.0 4.1 0.000000000
'7' 14  5 1994 19270.0  11.2 24.3 1.333  4.6  0.6 3.3 0.212500000
'7' 15  5 1994 20160.0   8.5 18.7 1.202  4.1  3.2 3.3 0.166666667
'7' 16  5 1994 12950.0   7.7 18.2 1.273  2.6  0.6 2.0 0.070833333
'7' 17  5 1994 8380.0   9.5 17.0 1.281  3.6  4.9 1.3 0.137500000
'7' 18  5 1994 18800.0   6.9 16.8 1.087  3.1  0.0 2.9 0.000000000
'7' 19  5 1994 14410.0   7.6 16.2 1.093  2.6  0.0 2.2 0.000000000
'7' 20  5 1994 11420.0   7.0 18.6 1.229  2.1  8.7 1.8 0.316666667
'7' 21  5 1994 11610.0  11.8 17.6 1.444  3.6  6.1 1.9 0.183333333
'7' 22  5 1994 11930.0   9.8 17.8 1.338  4.6  3.7 1.9 0.087500000
'7' 23  5 1994 11910.0   7.8 15.6 1.180  2.6  0.0 1.8 0.000000000
'7' 24  5 1994 14030.0   8.7 17.0 1.210  2.1  0.2 2.2 0.033333333
'7' 25  5 1994 5350.0   9.1 13.9 1.218  2.6  3.6 0.8 0.233333333
'7' 26  5 1994 6930.0   8.4 15.4 1.137  2.6  0.3 1.0 0.070833333
'7' 27  5 1994 12930.0   8.4 13.4 0.938  3.1  0.3 1.9 0.037500000
'7' 28  5 1994 9400.0   7.7 12.7 1.066  2.6  7.8 1.4 0.254166667
'7' 29  5 1994 13390.0   4.1 13.8 0.820  2.6  0.0 1.9 0.000000000
'7' 30  5 1994 21890.0   2.1 14.3 0.723  2.6  0.0 3.1 0.000000000
'7' 31  5 1994 25690.0   2.5 18.7 0.754  3.1  0.0 4.0 0.000000000
'7'  1  6 1994 27020.0   5.4 24.6 0.807  3.1  0.0 4.7 0.000000000
'7'  2  6 1994 4900.0  11.6 19.2 1.473  4.1  5.5 0.8 0.283333333
'7'  3  6 1994 12350.0  10.5 17.5 1.290  5.7  5.7 2.0 0.162500000
'7'  4  6 1994 7970.0   9.5 14.2 1.288  4.6 17.7 1.2 0.804166667
'7'  5  6 1994 23920.0   8.2 14.2 0.989  4.6  0.2 3.6 0.041666667
'7'  6  6 1994 6420.0   8.4 14.9 1.296  3.6  2.3 1.0 0.237500000
'7'  7  6 1994 2640.0  11.1 14.9 1.441  4.1  0.1 0.4 0.054166667
'7'  8  6 1994 6860.0   6.9 16.3 1.192  2.6  5.5 1.0 0.129166667
'7'  9  6 1994 13850.0   4.5 14.4 0.935  3.6  4.4 2.1 0.183333333
'7' 10  6 1994 19660.0   8.0 14.9 1.051  4.6  2.4 3.0 0.150000000
'7' 11  6 1994 18210.0   7.3 16.1 1.037  3.1  1.2 2.8 0.050000000
'7' 12  6 1994 24040.0   7.6 18.5 1.135  3.1  0.0 3.8 0.000000000
'7' 13  6 1994 21940.0   5.8 19.1 1.042  2.6  0.0 3.5 0.000000000
'7' 14  6 1994 27890.0   6.6 21.7 1.092  3.1  0.0 4.6 0.000000000
'7' 15  6 1994 22050.0   6.6 18.4 1.015  3.6  0.0 3.5 0.000000000
'7' 16  6 1994 5710.0  11.4 15.1 1.329  3.1  3.2 0.9 0.270833333
'7' 17  6 1994 9630.0  10.2 16.5 1.288  2.1  0.0 1.5 0.000000000
'7' 18  6 1994 16760.0  12.6 19.7 1.356  4.6  0.0 2.8 0.000000000
'7' 19  6 1994 13070.0  12.7 18.4 1.405  3.6  0.0 2.2 0.000000000
'7' 20  6 1994 6500.0  14.3 18.3 1.580  2.6  0.5 1.1 0.062500000
'7' 21  6 1994 11620.0  14.0 19.1 1.466  6.7  0.3 2.0 0.058333333
'7' 22  6 1994 12490.0   9.2 19.6 1.264  5.1  0.1 2.1 0.037500000
'7' 23  6 1994 28520.0   7.2 19.3 0.923  2.6  0.0 4.6 0.000000000
'7' 24  6 1994 26560.0   9.2 25.9 0.967  5.1  0.0 4.8 0.000000000
'7' 25  6 1994 13270.0  14.4 24.7 1.719  3.1  1.6 2.4 0.054166667
'7' 26  6 1994 18460.0  13.9 24.0 1.659  2.6  0.0 3.3 0.000000000
'7' 27  6 1994 21070.0  13.4 24.2 1.610  2.6  0.0 3.7 0.000000000
'7' 28  6 1994 25440.0  14.3 29.7 1.665  2.1  0.0 4.8 0.000000000
'7' 29  6 1994 23460.0  11.3 24.2 1.466  3.1  0.0 4.2 0.000000000
'7' 30  6 1994 21820.0  10.0 23.0 1.180  2.6  0.0 3.8 0.000000000
'7'  1  7 1994 27870.0  11.5 26.2 1.203  4.1  0.0 5.1 0.000000000
'7'  2  7 1994 22010.0  15.2 30.1 1.550  3.1  0.0 4.2 0.000000000
'7'  3  7 1994 23740.0  17.5 29.1 2.112  2.1  0.0 4.5 0.000000000
'7'  4  7 1994 17150.0  18.0 26.8 2.057  3.1  0.0 3.2 0.000000000
'7'  5  7 1994 14580.0  10.6 20.7 1.292  3.6  0.0 2.5 0.000000000
'7'  6  7 1994 19180.0   9.6 21.9 1.233  2.1  0.0 3.3 0.000000000
'7'  7  7 1994 10190.0  10.0 18.6 1.359  2.6 11.0 1.7 0.216666667
'7'  8  7 1994 13440.0  10.2 21.4 1.355  2.1  0.0 2.3 0.000000000
'7'  9  7 1994 17370.0  13.2 23.2 1.524  1.5  0.0 3.1 0.000000000
'7' 10  7 1994 25740.0  10.8 25.5 1.354  2.1  0.0 4.6 0.000000000
'7' 11  7 1994 26650.0  14.8 29.3 1.454  2.6  0.0 5.1 0.000000000
'7' 12  7 1994 27270.0  17.9 31.8 1.514  3.6  0.0 5.4 0.000000000
'7' 13  7 1994 24450.0  19.0 30.5 1.813  3.1  0.0 4.8 0.000000000
'7' 14  7 1994 21800.0  15.5 24.4 1.878  3.1  9.0 4.0 0.129166667
'7' 15  7 1994 23340.0  13.5 26.0 1.569  2.1  0.0 4.2 0.000000000
'7' 16  7 1994 18350.0  15.1 24.7 1.726  3.1  0.0 3.3 0.000000000
'7' 17  7 1994 24350.0  14.3 24.9 1.526  4.6  0.0 4.4 0.000000000
'7' 18  7 1994 28100.0  12.4 24.7 1.260  4.6  0.0 5.0 0.000000000
'7' 19  7 1994 23460.0  14.9 26.8 1.351  4.1  0.0 4.3 0.000000000
'7' 20  7 1994 24660.0  14.7 27.4 1.262  3.1  0.0 4.6 0.000000000
'7' 21  7 1994 25340.0  14.3 29.4 1.423  2.1  0.0 4.8 0.000000000
'7' 22  7 1994 21500.0  17.3 29.5 1.870  2.6  0.0 4.1 0.000000000
'7' 23  7 1994 22800.0  18.1 30.7 1.950  4.1  0.0 4.4 0.000000000
'7' 24  7 1994 23590.0  17.7 34.1 1.528  2.6  0.0 4.8 0.000000000
'7' 25  7 1994 18360.0  18.7 29.0 1.963  3.1  0.2 3.5 0.054166667
'7' 26  7 1994 21210.0  16.9 29.6 1.763  2.6  0.0 4.1 0.000000000
'7' 27  7 1994 20700.0  19.0 30.9 1.886  2.1  0.0 4.0 0.000000000
'7' 28  7 1994 14920.0  18.0 27.1 2.123  4.1  0.1 2.8 0.029166667
'7' 29  7 1994 18560.0  16.3 25.6 1.730  2.6  0.0 3.4 0.000000000
'7' 30  7 1994 20760.0  15.6 31.0 1.729  2.6  0.0 4.0 0.000000000
'7' 31  7 1994 21110.0  15.8 31.6 1.840  3.1  6.8 4.1 0.075000000
'7'  1  8 1994 7320.0  14.5 22.7 1.984  1.5 21.4 1.3 0.133333333
'7'  2  8 1994 21240.0  12.6 25.6 1.516  2.1  0.0 3.9 0.000000000
'7'  3  8 1994 24030.0  15.2 29.9 1.545  2.1  0.0 4.6 0.000000000
'7'  4  8 1994 21940.0  17.8 33.9 1.884  2.6  0.0 4.4 0.000000000
'7'  5  8 1994 12620.0  17.3 25.7 2.077  2.1  0.0 2.4 0.000000000
'7'  6  8 1994 21320.0  17.1 25.6 1.860  3.1  0.0 3.9 0.000000000
'7'  7  8 1994 16810.0  15.0 23.9 1.581  4.1  0.0 3.0 0.000000000
'7'  8  8 1994 19860.0  12.0 22.6 1.355  3.1  0.0 3.5 0.000000000
'7'  9  8 1994 21000.0  11.0 23.1 1.273  3.6  0.0 3.7 0.000000000
'7' 10  8 1994 13910.0  15.0 25.1 1.756  3.6  1.6 2.5 0.054166667
'7' 11  8 1994 20080.0  16.2 24.2 1.900  3.6  3.8 3.7 0.104166667
'7' 12  8 1994 4700.0  14.3 17.8 1.631  5.1  3.3 0.8 0.345833333
'7' 13  8 1994 19860.0  11.2 18.8 1.105  4.1  0.0 3.3 0.000000000
'7' 14  8 1994 14170.0   7.7 18.5 0.986  3.1  0.0 2.3 0.000000000
'7' 15  8 1994 13380.0   5.6 19.2 1.007  2.1  0.0 2.1 0.000000000
'7' 16  8 1994 21780.0   8.0 22.8 1.115  2.6  0.0 3.7 0.000000000
'7' 17  8 1994 7350.0  10.9 19.1 1.461  4.6 17.3 1.2 0.220833333
'7' 18  8 1994 15650.0  12.1 18.8 1.369  5.1 11.7 2.6 0.183333333
'7' 19  8 1994 7410.0  13.7 19.2 1.656  4.1  0.0 1.3 0.000000000
'7' 20  8 1994 10760.0  10.5 20.0 1.383  2.1  0.0 1.8 0.000000000
'7' 21  8 1994 17840.0  10.3 22.4 1.354  1.5  0.0 3.0 0.000000000
'7' 22  8 1994 13990.0  12.8 23.3 1.482  3.6  0.0 2.5 0.000000000
'7' 23  8 1994 5590.0  15.8 22.7 1.958  2.6  0.0 1.0 0.000000000
'7' 24  8 1994 12370.0  13.9 21.4 1.664  3.1  2.7 2.2 0.129166667
'7' 25  8 1994 13020.0  12.3 21.5 1.506  2.6  0.1 2.2 0.020833333
'7' 26  8 1994 8830.0  12.6 20.3 1.647  3.1  1.0 1.5 0.050000000
'7' 27  8 1994 7490.0  12.5 21.3 1.715  4.1  1.9 1.3 0.116666667
'7' 28  8 1994 17970.0  12.2 19.0 1.260  5.7  0.0 3.0 0.000000000
'7' 29  8 1994 13250.0  11.9 19.5 1.347  4.1  3.6 2.2 0.129166667
'7' 30  8 1994 13230.0  11.4 20.5 1.488  2.6  2.4 2.2 0.150000000
'7' 31  8 1994 14270.0  10.5 21.8 1.316  3.1  1.2 2.5 0.120833333
'7'  1  9 1994 5310.0  14.7 18.8 1.682  4.6  1.6 0.9 0.045833333
'7'  2  9 1994 9690.0  13.5 18.9 1.558  4.1  1.5 1.6 0.191666667
'7'  3  9 1994 5060.0   9.7 18.5 1.446  3.6  9.0 0.8 0.216666667
'7'  4  9 1994 5690.0   9.9 19.4 1.504  4.1  2.7 1.0 0.208333333
'7'  5  9 1994 12320.0   9.1 18.5 1.259  4.1  6.1 2.0 0.212500000
'7'  6  9 1994 8510.0   9.1 17.9 1.272  2.1  0.5 1.3 0.054166667
'7'  7  9 1994 4370.0   8.7 17.5 1.397  2.6  0.2 0.7 0.025000000
'7'  8  9 1994 8130.0  10.2 19.3 1.504  3.6  4.5 1.3 0.079166667
'7'  9  9 1994 6950.0   9.5 17.2 1.332  5.7  1.9 1.1 0.116666667
'7' 10  9 1994 12350.0   9.3 17.1 1.245  6.2  8.0 1.9 0.191666667
'7' 11  9 1994 7100.0   9.5 15.2 1.337  3.6  7.1 1.1 0.183333333
'7' 12  9 1994 8540.0  12.6 21.1 1.604  5.7 13.8 1.4 0.200000000
'7' 13  9 1994 12970.0  11.1 18.9 1.400  4.1  0.0 2.1 0.000000000
'7' 14  9 1994 2040.0  10.5 14.4 1.360  3.1 24.2 0.3 0.404166667
'7' 15  9 1994 2880.0  11.0 14.1 1.417  5.1 18.1 0.4 0.525000000
'7' 16  9 1994 6890.0   9.6 14.5 1.249  4.6 15.0 1.1 0.545833333
'7' 17  9 1994 4400.0   9.5 13.6 1.281  4.1 14.7 0.7 0.508333333
'7' 18  9 1994 12970.0  10.7 17.1 1.365  3.1  3.1 2.1 0.054166667
'7' 19  9 1994 7010.0  10.3 16.2 1.387  2.1  3.2 1.1 0.050000000
'7' 20  9 1994 1710.0   9.9 12.1 1.244  4.6 16.9 0.3 0.620833333
'7' 21  9 1994 13040.0   9.7 17.8 1.332  4.1  0.0 2.1 0.000000000
'7' 22  9 1994 13460.0   8.5 18.1 1.230  3.1  0.0 2.1 0.000000000
'7' 23  9 1994 13060.0   7.2 19.7 1.141  3.6  0.0 2.1 0.000000000
'7' 24  9 1994 8330.0   9.9 20.2 1.417  2.1 17.0 1.4 0.116666667
'7' 25  9 1994 11610.0   9.0 20.7 1.453  1.5  0.0 1.9 0.000000000
'7' 26  9 1994 6730.0  11.2 18.6 1.560  1.0  0.0 1.1 0.000000000
'7' 27  9 1994 7320.0  10.9 16.4 1.382  3.1  0.0 1.2 0.000000000
'7' 28  9 1994 10300.0   8.8 17.9 1.255  2.6  0.0 1.6 0.000000000
'7' 29  9 1994 3690.0  12.5 15.8 1.380  3.1  0.0 0.6 0.000000000
'7' 30  9 1994 5090.0  10.9 16.6 1.297  2.1  0.0 0.8 0.000000000
'7'  1 10 1994 4290.0  10.9 15.1 1.379  2.1  3.2 0.7 0.291666667
'7'  2 10 1994 6250.0  10.9 17.2 1.458  3.1  2.4 1.0 0.116666667
'7'  3 10 1994 2870.0   4.2 14.8 1.085  4.1 26.4 0.4 0.537500000
'7'  4 10 1994 9170.0   3.8  9.7 0.895  3.1 10.0 1.2 0.412500000
'7'  5 10 1994 8210.0   4.8 11.8 0.955  2.6  2.6 1.1 0.120833333
'7'  6 10 1994 4300.0   5.3 12.6 1.007  2.6  0.0 0.6 0.000000000
'7'  7 10 1994 8700.0   3.6 13.5 0.911  2.6  0.0 1.2 0.000000000
'7'  8 10 1994 8310.0   1.8 13.9 0.852  1.5  0.4 1.1 0.037500000
'7'  9 10 1994 9410.0   4.3 15.6 1.007  1.0  0.0 1.3 0.000000000
'7' 10 10 1994 8610.0   3.1 15.6 0.950  2.6  0.0 1.2 0.000000000
'7' 11 10 1994 9810.0   4.0 16.9 1.041  2.1  0.0 1.4 0.000000000
'7' 12 10 1994 8490.0   2.0 14.2 0.954  2.1  0.0 1.2 0.000000000
'7' 13 10 1994 9300.0   7.5 16.0 1.202  2.6  0.0 1.4 0.000000000
'7' 14 10 1994 10180.0   3.7 18.7 1.024  1.5  0.0 1.5 0.000000000
'7' 15 10 1994 8640.0   3.1 17.6 1.018  1.5  0.0 1.2 0.000000000
'7' 16 10 1994 6810.0   8.0 12.8 0.983  4.1  0.0 1.0 0.000000000
'7' 17 10 1994 9810.0   1.3 10.3 0.656  3.1  0.0 1.3 0.000000000
'7' 18 10 1994 9990.0  -0.2 10.9 0.552  5.1  0.0 1.3 0.000000000
'7' 19 10 1994 7560.0   2.8 12.0 0.653  5.1  0.0 1.0 0.000000000
'7' 20 10 1994 7450.0   3.1 11.3 0.710  5.1  0.0 1.0 0.000000000
'7' 21 10 1994 5470.0   5.8 13.1 0.950  3.1  0.0 0.8 0.000000000
'7' 22 10 1994 1870.0   8.5 15.0 1.251  5.7  6.4 0.3 0.162500000
'7' 23 10 1994 5110.0   9.4 16.8 1.299  5.1  4.6 0.8 0.079166667
'7' 24 10 1994 4760.0   8.1 13.8 1.193  3.6  1.0 0.7 0.029166667
'7' 25 10 1994 2610.0   7.7 12.5 1.158  5.1  6.5 0.4 0.237500000
'7' 26 10 1994 1710.0   5.9 11.2 1.072  4.6 21.7 0.2 0.345833333
'7' 27 10 1994 2730.0   5.7 10.5 0.979  5.1  1.7 0.4 0.087500000
'7' 28 10 1994 4430.0   5.1 11.1 0.982  4.1  3.4 0.6 0.075000000
'7' 29 10 1994 1550.0   4.8 11.8 0.987  5.7  6.3 0.2 0.233333333
'7' 30 10 1994 850.0  10.3 15.4 1.417  6.7 24.4 0.1 0.754166667
'7' 31 10 1994 1550.0  11.6 15.0 1.381  8.2 12.0 0.2 0.537500000
'7'  1 11 1994 6460.0   4.4 13.3 0.843  5.1  0.0 1.0 0.000000000
'7'  2 11 1994 6490.0   1.6 11.8 0.816  2.6  0.0 0.9 0.000000000
'7'  3 11 1994 6100.0   6.8 15.7 0.967  5.7  0.0 0.9 0.000000000
'7'  4 11 1994 5580.0  11.0 17.7 1.147  5.1  0.0 0.9 0.000000000
'7'  5 11 1994 4140.0  10.5 17.5 1.259  3.1  0.0 0.7 0.000000000
'7'  6 11 1994 4010.0  10.2 14.9 1.292  2.6  0.0 0.6 0.000000000
'7'  7 11 1994 1540.0  10.2 12.4 1.296  2.1  1.8 0.2 0.116666667
'7'  8 11 1994 2610.0   8.5 11.6 1.188  2.6  0.0 0.4 0.000000000
'7'  9 11 1994 2620.0   6.9 11.5 1.080  4.1  0.8 0.4 0.058333333
'7' 10 11 1994 1130.0   9.7 11.8 1.262  1.5  8.4 0.2 0.358333333
'7' 11 11 1994 980.0   9.8 11.7 1.276  1.5  2.7 0.1 0.200000000
'7' 12 11 1994 1610.0   7.3 11.6 1.158  2.6  0.7 0.2 0.141666667
'7' 13 11 1994 1860.0   9.2 13.5 1.249  5.1  2.9 0.3 0.183333333
'7' 14 11 1994 310.0  12.8 14.8 1.465  8.7 10.8 0.1 0.362500000
'7' 15 11 1994 3530.0  10.7 14.2 1.133  6.7  0.9 0.6 0.008333333
'7' 16 11 1994 2960.0   6.1 11.5 0.901  4.6  0.0 0.4 0.000000000
'7' 17 11 1994 3360.0   6.4 11.5 0.946  5.1  2.9 0.5 0.191666667
'7' 18 11 1994 1900.0   7.0 12.3 1.096  3.6  2.1 0.3 0.179166667
'7' 19 11 1994 390.0   6.6 14.5 1.202  4.6  1.2 0.1 0.050000000
'7' 20 11 1994 860.0   9.1 14.7 1.244  6.7  2.8 0.1 0.129166667
'7' 21 11 1994 1880.0   6.5 11.6 1.111  1.5  0.0 0.3 0.000000000
'7' 22 11 1994 2640.0   5.0 11.3 1.036  2.1  0.0 0.4 0.000000000
'7' 23 11 1994 1200.0   6.7 12.6 1.150  3.1  0.0 0.2 0.000000000
'7' 24 11 1994 1270.0   3.0 11.9 0.933  3.6  1.3 0.2 0.070833333
'7' 25 11 1994 3180.0   2.1 11.3 0.882  2.1  0.0 0.4 0.000000000
'7' 26 11 1994 560.0   9.4 12.3 1.280  2.6  2.5 0.1 0.083333333
'7' 27 11 1994 670.0   9.4 10.7 1.219  1.0  0.2 0.1 0.016666667
'7' 28 11 1994 1850.0   1.9 12.6 0.928  1.0  0.0 0.3 0.000000000
'7' 29 11 1994 1640.0   2.5  8.0 0.826  2.6  0.0 0.2 0.000000000
'7' 30 11 1994 720.0   4.1  6.0 0.812  4.6  0.0 0.1 0.000000000
'7'  1 12 1994 2610.0   1.0  6.4 0.742  2.6  0.0 0.3 0.000000000
'7'  2 12 1994 2540.0  -0.2  4.7 0.664  2.6  0.0 0.3 0.000000000
'7'  3 12 1994 2980.0   2.2 12.4 0.880  5.1  2.7 0.4 0.108333333
'7'  4 12 1994 1290.0   6.5 12.8 1.053  6.2  1.5 0.2 0.066666667
'7'  5 12 1994 2120.0   7.7 10.9 0.966  6.2  1.3 0.3 0.050000000
'7'  6 12 1994 2460.0   4.7 10.2 0.801  5.7  0.0 0.3 0.000000000
'7'  7 12 1994 1020.0   3.9  9.7 0.832  6.7  2.7 0.1 0.133333333
'7'  8 12 1994 190.0   5.8 10.4 0.970  7.7 15.2 0.0 0.483333333
'7'  9 12 1994 3080.0  -1.0  9.5 0.692  2.6  3.7 0.4 0.091666667
'7' 10 12 1994 610.0  -1.3 13.7 0.771  5.7  2.9 0.1 0.104166667
'7' 11 12 1994 2010.0  11.4 14.0 1.258  8.2  0.0 0.3 0.000000000
'7' 12 12 1994 1020.0  11.1 13.7 1.234  7.7  0.0 0.2 0.000000000
'7' 13 12 1994 2000.0   5.8 13.5 1.017  4.6 19.0 0.3 0.258333333
'7' 14 12 1994 2310.0  -0.9  7.8 0.698  2.1  1.0 0.3 0.025000000
'7' 15 12 1994 950.0  -2.7  1.6 0.579  2.6  0.0 0.1 0.000000000
'7' 16 12 1994 1870.0  -0.7  9.0 0.725  3.1  0.8 0.2 0.033333333
'7' 17 12 1994 570.0  -0.7  6.1 0.711  4.6  0.4 0.1 0.025000000
'7' 18 12 1994 1400.0   5.1  6.7 0.835  5.7  4.5 0.2 0.179166667
'7' 19 12 1994 2680.0   2.7  7.0 0.776  4.6  1.2 0.3 0.041666667
'7' 20 12 1994 2150.0  -0.4  6.4 0.675  3.1  0.2 0.3 0.012500000
'7' 21 12 1994 2760.0  -1.9  6.2 0.654  1.5  1.2 0.3 0.037500000
'7' 22 12 1994 2630.0  -3.7  4.7 0.602  2.1  0.0 0.3 0.000000000
'7' 23 12 1994 640.0  -3.9  0.0 0.503  2.6  0.0 0.1 0.000000000
'7' 24 12 1994 3840.0  -6.7 -0.1 0.427  1.5  0.0 0.3 0.000000000
'7' 25 12 1994 460.0  -5.6 -0.5 0.464  4.6  2.2 0.0 0.079166667
'7' 26 12 1994 360.0  -0.5  5.3 0.702  6.2  6.5 0.0 0.262500000
'7' 27 12 1994 200.0   5.3 11.3 1.038  7.2 30.0 0.0 0.895833333
'7' 28 12 1994 300.0  10.8 14.0 1.331  7.7  8.1 0.0 0.466666667
'7' 29 12 1994 670.0   7.3 13.4 1.081  9.3  9.6 0.1 0.416666667
'7' 30 12 1994 1490.0   5.7  8.1 0.853  9.3  6.9 0.2 0.316666667
'7' 31 12 1994 1500.0   1.4  7.5 0.704  5.7  3.6 0.2 0.154166667
