station DD MM YYYY RAD Tmin Tmax HUM WIND RAIN ETref WET
'7'  1  1 1998 2190.0   2.0  7.9 0.773 4.9  1.5 0.3 0.041666667
'7'  2  1 1998 690.0   5.8  9.7 0.951 6.8 11.2 0.1 0.300000000
'7'  3  1 1998 250.0   5.8 11.4 0.920 8.5 15.1 0.0 0.291666667
'7'  4  1 1998 1270.0   4.8  8.6 0.807 8.8  2.0 0.2 0.145833333
'7'  5  1 1998 500.0   3.8  7.9 0.769 8.4 11.9 0.1 0.300000000
'7'  6  1 1998 3020.0   5.3  8.7 0.835 5.5  1.3 0.4 0.058333333
'7'  7  1 1998 1610.0   6.0 11.1 0.942 7.0  6.4 0.2 0.187500000
'7'  8  1 1998 930.0   6.9 11.6 0.967 8.3  3.7 0.1 0.120833333
'7'  9  1 1998 1540.0   6.9 12.3 1.045 5.8  0.0 0.2 0.000000000
'7' 10  1 1998 3680.0   4.2 10.8 0.867 3.3  0.0 0.5 0.000000000
'7' 11  1 1998 3820.0   1.4 10.0 0.741 3.2  0.0 0.5 0.000000000
'7' 12  1 1998 2490.0   4.2 10.2 0.883 3.1  0.0 0.3 0.000000000
'7' 13  1 1998 2730.0   3.9  9.6 0.849 4.1  0.0 0.4 0.000000000
'7' 14  1 1998 310.0   4.8 10.5 0.882 6.8  8.7 0.0 0.200000000
'7' 15  1 1998 610.0   4.0  9.5 0.888 6.2  3.7 0.1 0.095833333
'7' 16  1 1998 1190.0   5.2  8.2 0.917 4.1  0.8 0.2 0.037500000
'7' 17  1 1998 2310.0   3.3  8.1 0.794 5.3  1.1 0.3 0.066666667
'7' 18  1 1998 560.0   3.8  6.3 0.759 7.0 11.0 0.1 0.316666667
'7' 19  1 1998 1350.0   1.8  7.5 0.741 6.3  4.5 0.2 0.258333333
'7' 20  1 1998 790.0  -0.5  4.9 0.596 5.8  2.2 0.1 0.166666667
'7' 21  1 1998 4300.0  -4.2  2.2 0.430 2.1  0.0 0.5 0.000000000
'7' 22  1 1998 4000.0  -5.7  1.2 0.425 2.5  0.0 0.4 0.000000000
'7' 23  1 1998 520.0  -3.1  1.3 0.536 2.8  0.0 0.1 0.000000000
'7' 24  1 1998 2870.0   0.8  4.8 0.628 5.2  0.2 0.3 0.033333333
'7' 25  1 1998 4220.0  -1.9  3.5 0.482 5.5  0.0 0.5 0.000000000
'7' 26  1 1998 6080.0  -5.0  3.0 0.450 2.8  0.0 0.6 0.000000000
'7' 27  1 1998 5890.0  -6.6  4.0 0.445 1.0  0.0 0.6 0.000000000
'7' 28  1 1998 910.0   0.4  4.6 0.672 1.9  0.3 0.1 0.087500000
'7' 29  1 1998 3870.0   1.6  6.2 0.780 1.7  0.6 0.5 0.079166667
'7' 30  1 1998 1580.0   1.6  7.0 0.790 2.7  0.6 0.2 0.058333333
'7' 31  1 1998 6360.0  -4.8  4.7 0.365 4.7  0.3 0.7 0.050000000
'7'  1  2 1998 5120.0  -9.1 -1.6 0.271 2.8  0.0 0.4 0.000000000
'7'  2  2 1998 2670.0 -10.2  4.1 0.389 2.8  3.4 0.3 0.108333333
'7'  3  2 1998 5730.0  -1.8  5.8 0.596 2.2  0.0 0.6 0.000000000
'7'  4  2 1998 6400.0  -0.7  5.3 0.626 4.1  0.0 0.7 0.000000000
'7'  5  2 1998 5070.0  -0.5  8.1 0.717 3.3  0.0 0.6 0.000000000
'7'  6  2 1998 1530.0   4.2  7.2 0.765 3.6  0.0 0.2 0.000000000
'7'  7  2 1998 2860.0   1.3  7.1 0.693 4.5  2.6 0.3 0.120833333
'7'  8  2 1998 4480.0  -0.7  7.0 0.691 4.0  0.0 0.5 0.000000000
'7'  9  2 1998 6980.0   2.3 10.5 0.681 4.7  0.0 0.9 0.000000000
'7' 10  2 1998 5340.0   2.4  9.9 0.774 3.9  0.0 0.7 0.000000000
'7' 11  2 1998 5210.0   5.9 10.6 0.904 6.0  0.0 0.7 0.000000000
'7' 12  2 1998 4500.0   7.9 12.6 1.072 5.9  0.0 0.7 0.000000000
'7' 13  2 1998 5220.0   7.7 16.2 1.151 3.3  0.0 0.8 0.000000000
'7' 14  2 1998 7300.0   3.5 15.2 0.929 3.0  0.0 1.1 0.000000000
'7' 15  2 1998 5680.0   6.6 15.1 0.958 3.7  0.0 0.8 0.000000000
'7' 16  2 1998 5270.0   7.1 12.5 0.976 6.9  0.0 0.8 0.0
'7' 17  2 1998 3610.0   3.6  8.6 0.769 3.0  0.0 0.5 0.0
'7' 18  2 1998 8370.0   0.7 11.8 0.738 2.7  0.0 1.1 0.000000000
'7' 19  2 1998 6080.0   3.8 11.8 0.894 3.8  0.0 0.8 0.000000000
'7' 20  2 1998 7920.0   8.5 14.3 1.096 4.3  0.0 1.2 0.000000000
'7' 21  2 1998 2080.0   7.0 12.1 1.043 4.4  1.5 0.3 0.141666667
'7' 22  2 1998 3110.0   3.8  9.2 0.883 2.8  3.6 0.4 0.041666667
'7' 23  2 1998 7110.0   1.2 10.4 0.802 3.9  1.2 0.9 0.129166667
'7' 24  2 1998 4180.0   8.2 12.3 1.112 2.8  0.0 0.6 0.000000000
'7' 25  2 1998 3290.0   3.5 10.9 0.902 1.3  0.0 0.5 0.000000000
'7' 26  2 1998 1210.0   6.7  9.1 0.966 4.4  0.0 0.2 0.000000000
'7' 27  2 1998 1840.0   7.0  9.8 0.878 8.0  0.0 0.3 0.000000000
'7' 28  2 1998 7420.0   0.6  8.6 0.626 6.1  5.7 0.9 0.237500000
'7'  1  3 1998 4540.0   0.5  7.1 0.701 4.3  0.5 0.5 0.029166667
'7'  2  3 1998 7610.0   3.6 11.2 0.853 6.5  2.9 1.1 0.208333333
'7'  3  3 1998 710.0   7.6 13.9 1.185 9.1 13.9 0.1 0.625000000
'7'  4  3 1998 1580.0   5.3 14.8 0.967 7.8  5.5 0.2 0.187500000
'7'  5  3 1998 5490.0   3.8  7.9 0.769 6.7 13.3 0.7 0.345833333
'7'  6  3 1998 1170.0   4.7 10.4 0.999 4.6 29.6 0.2 0.816666667
'7'  7  3 1998 3490.0   7.5 12.0 1.073 7.5 14.8 0.5 0.425000000
'7'  8  3 1998 4080.0  -1.5  8.3 0.606 4.5  2.4 0.5 0.100000000
'7'  9  3 1998 11440.0  -2.5  8.6 0.573 2.4  0.1 1.3 0.012500000
'7' 10  3 1998 11640.0   0.7  8.5 0.562 5.0  0.0 1.5 0.000000000
'7' 11  3 1998 1980.0   0.5  5.8 0.699 5.6 10.5 0.2 0.487500000
'7' 12  3 1998 9110.0  -1.6  7.2 0.588 3.4  0.2 1.1 0.016666667
'7' 13  3 1998 2880.0  -1.9  8.8 0.680 3.3  0.7 0.4 0.075000000
'7' 14  3 1998 4050.0   6.6  9.9 1.008 3.8  0.7 0.6 0.066666667
'7' 15  3 1998 5110.0   6.5 11.9 1.051 3.2  0.0 0.7 0.000000000
'7' 16  3 1998 4250.0   7.9 11.3 1.057 2.6  0.0 0.6 0.000000000
'7' 17  3 1998 7310.0   8.2 12.3 1.063 3.1  0.0 1.1 0.000000000
'7' 18  3 1998 7600.0   3.2 11.9 0.832 3.7  0.0 1.1 0.000000000
'7' 19  3 1998 13080.0   1.5 10.7 0.730 3.0  0.0 1.7 0.000000000
'7' 20  3 1998 4240.0   3.6  9.8 0.890 3.4  0.9 0.6 0.137500000
'7' 21  3 1998 11570.0   2.3 10.2 0.740 2.2  0.0 1.5 0.000000000
'7' 22  3 1998 4590.0   3.5  9.4 0.839 3.5  1.8 0.6 0.054166667
'7' 23  3 1998 7430.0   0.5  6.7 0.585 5.0  0.3 0.9 0.020833333
'7' 24  3 1998 15050.0  -2.5  8.9 0.457 2.6  0.0 1.8 0.000000000
'7' 25  3 1998 15130.0   0.7 12.1 0.486 3.4  0.0 2.0 0.000000000
'7' 26  3 1998 5460.0   2.0  9.8 0.669 5.4  5.0 0.7 0.300000000
'7' 27  3 1998 2320.0   8.5 11.8 1.208 4.0  0.9 0.3 0.050000000
'7' 28  3 1998 5940.0  10.4 14.4 1.298 3.2  0.0 0.9 0.000000000
'7' 29  3 1998 9440.0  10.1 18.8 1.198 2.7  0.0 1.5 0.000000000
'7' 30  3 1998 11280.0  12.6 19.3 1.325 3.9  0.0 1.9 0.000000000
'7' 31  3 1998 7910.0   7.3 15.9 1.124 2.5  0.0 1.2 0.000000000
'7'  1  4 1998 4570.0   6.8 12.6 1.108 1.7  1.1 0.7 0.033333333
'7'  2  4 1998 6260.0   9.1 14.8 1.289 2.4  4.9 1.0 0.229166667
'7'  3  4 1998 3520.0   7.2 13.8 1.088 5.3  9.8 0.5 0.233333333
'7'  4  4 1998 6010.0   7.8 13.7 1.062 6.4  2.5 0.9 0.150000000
'7'  5  4 1998 9690.0   7.4 13.3 1.021 5.3  1.3 1.4 0.050000000
'7'  6  4 1998 11280.0   5.4 14.3 0.995 4.2  0.6 1.6 0.020833333
'7'  7  4 1998 8730.0   2.2 12.8 0.878 2.4  7.7 1.2 0.254166667
'7'  8  4 1998 9120.0   4.0 11.8 0.912 2.0  1.6 1.3 0.033333333
'7'  9  4 1998 12420.0   3.0 13.0 0.886 2.7  2.9 1.7 0.087500000
'7' 10  4 1998 7510.0   4.3 11.7 0.953 2.2  2.6 1.0 0.070833333
'7' 11  4 1998 11870.0   2.7 11.1 0.827 3.1  0.6 1.6 0.020833333
'7' 12  4 1998 16300.0   3.3  9.6 0.696 4.0  0.2 2.1 0.029166667
'7' 13  4 1998 6800.0   0.3  6.3 0.695 4.4 15.1 0.8 0.375000000
'7' 14  4 1998 11120.0   0.5  8.4 0.660 4.8  0.2 1.4 0.029166667
'7' 15  4 1998 3540.0   2.4  8.6 0.810 4.5 13.6 0.5 0.483333333
'7' 16  4 1998 13230.0   1.7 10.4 0.732 4.5  3.1 1.7 0.058333333
'7' 17  4 1998 11250.0   3.7 13.5 0.789 3.3  0.7 1.6 0.137500000
'7' 18  4 1998 9400.0   7.1 12.3 0.994 1.9  0.1 1.4 0.016666667
'7' 19  4 1998 6880.0   6.8 13.3 0.996 1.9  0.1 1.0 0.033333333
'7' 20  4 1998 4740.0   7.3 13.7 1.077 4.0  6.2 0.7 0.129166667
'7' 21  4 1998 16900.0   5.6 15.7 0.952 3.0  0.0 2.5 0.000000000
'7' 22  4 1998 20180.0   8.5 20.5 1.019 4.2  0.0 3.3 0.000000000
'7' 23  4 1998 19150.0   9.8 21.7 1.190 3.9  0.8 3.1 0.070833333
'7' 24  4 1998 8470.0  10.5 14.9 1.249 5.3  2.4 1.3 0.129166667
'7' 25  4 1998 4970.0   9.4 14.7 1.301 4.0 14.5 0.8 0.337500000
'7' 26  4 1998 11060.0   8.6 14.6 1.110 2.8  0.1 1.7 0.008333333
'7' 27  4 1998 8580.0   7.2 14.8 1.128 1.9  6.9 1.3 0.212500000
'7' 28  4 1998 14790.0   7.4 15.8 1.074 1.8  1.2 2.2 0.008333333
'7' 29  4 1998 14590.0   4.3 16.9 0.940 2.9  0.0 2.2 0.000000000
'7' 30  4 1998 6200.0   9.8 15.4 1.275 2.4  0.0 1.0 0.000000000
'7'  1  5 1998 6110.0   8.9 14.3 1.275 2.6  0.0 0.9 0.000000000
'7'  2  5 1998 5290.0   7.4 12.3 1.126 4.0  0.0 0.8 0.000000000
'7'  3  5 1998 9870.0   7.5 13.0 0.993 4.3  0.0 1.4 0.000000000
'7'  4  5 1998 20070.0   6.3 13.0 0.863 3.3  0.0 2.9 0.000000000
'7'  5  5 1998 10530.0   7.0 14.2 1.028 3.4  0.5 1.6 0.116666667
'7'  6  5 1998 6080.0   9.6 13.8 1.225 6.3 10.5 0.9 0.283333333
'7'  7  5 1998 8530.0  10.0 15.6 1.146 5.7  0.0 1.3 0.000000000
'7'  8  5 1998 23530.0   7.5 23.2 1.034 3.5  0.0 4.0 0.000000000
'7'  9  5 1998 22060.0  11.6 26.5 1.411 3.1  0.0 3.9 0.000000000
'7' 10  5 1998 23840.0  10.4 28.1 1.270 2.3  0.0 4.4 0.000000000
'7' 11  5 1998 22580.0  14.7 30.3 1.399 2.7  0.0 4.3 0.000000000
'7' 12  5 1998 21540.0  15.0 32.0 1.456 2.4  0.0 4.2 0.000000000
'7' 13  5 1998 24060.0  16.7 28.9 1.648 5.2  0.0 4.6 0.000000000
'7' 14  5 1998 26140.0  13.9 25.5 1.111 4.8  0.0 4.7 0.000000000
'7' 15  5 1998 27110.0  11.7 25.2 0.905 4.4  0.0 4.8 0.000000000
'7' 16  5 1998 27150.0  10.8 21.7 0.916 4.5  0.0 4.6 0.000000000
'7' 17  5 1998 27130.0   8.8 22.2 0.939 3.6  0.0 4.6 0.000000000
'7' 18  5 1998 22140.0   8.9 24.0 1.122 2.7  0.0 3.8 0.000000000
'7' 19  5 1998 26350.0   9.9 21.6 1.127 3.3  0.0 4.4 0.000000000
'7' 20  5 1998 16280.0   9.6 19.0 1.224 2.6  0.0 2.6 0.000000000
'7' 21  5 1998 12740.0   8.6 16.0 1.025 3.2  0.0 2.0 0.000000000
'7' 22  5 1998 11330.0   6.1 13.1 0.800 3.3  0.0 1.7 0.000000000
'7' 23  5 1998 11020.0   2.9 15.9 0.914 2.2  0.1 1.6 0.020833333
'7' 24  5 1998 6770.0   9.8 15.3 1.300 2.5  1.4 1.0 0.204166667
'7' 25  5 1998 14240.0  10.0 18.3 1.349 2.7  0.1 2.3 0.016666667
'7' 26  5 1998 5770.0  10.1 15.2 1.384 1.9  8.7 0.9 0.304166667
'7' 27  5 1998 13280.0   8.8 18.1 1.349 1.6  1.9 2.1 0.116666667
'7' 28  5 1998 19120.0   9.0 21.5 1.396 2.4  2.0 3.2 0.083333333
'7' 29  5 1998 11010.0  12.7 20.0 1.588 1.9  8.8 1.9 0.208333333
'7' 30  5 1998 14740.0  10.1 20.0 1.310 2.0  0.0 2.4 0.000000000
'7' 31  5 1998 11630.0  10.4 20.1 1.347 2.5  0.0 1.9 0.000000000
'7'  1  6 1998 19820.0  11.0 21.6 1.236 2.6  0.0 3.4 0.000000000
'7'  2  6 1998 14730.0  13.3 22.1 1.534 4.0  1.4 2.5 0.062500000
'7'  3  6 1998 15910.0  12.6 20.3 1.502 4.5  1.9 2.7 0.087500000
'7'  4  6 1998 11270.0  10.1 17.3 1.232 3.5  0.0 1.8 0.000000000
'7'  5  6 1998 10500.0   7.8 16.4 1.175 3.9  3.3 1.7 0.133333333
'7'  6  6 1998 13050.0  14.5 26.3 2.050 2.5 28.9 2.3 0.145833333
'7'  7  6 1998 12210.0  13.1 19.6 1.562 3.6  6.4 2.1 0.245833333
'7'  8  6 1998 15190.0  13.3 18.9 1.385 5.4  0.1 2.6 0.037500000
'7'  9  6 1998 3540.0  14.5 18.0 1.744 4.9  7.0 0.6 0.429166667
'7' 10  6 1998 20360.0   9.5 19.1 1.252 4.6  5.0 3.3 0.100000000
'7' 11  6 1998 14680.0   9.5 18.2 1.379 2.6 24.7 2.3 0.237500000
'7' 12  6 1998 15970.0   5.3 14.3 0.956 3.9 10.9 2.4 0.366666667
'7' 13  6 1998 20470.0   3.7 17.4 0.808 3.4  0.0 3.2 0.000000000
'7' 14  6 1998 9930.0  11.1 16.4 1.424 3.7  5.6 1.6 0.316666667
'7' 15  6 1998 16050.0   9.7 19.4 1.412 2.2  7.0 2.6 0.091666667
'7' 16  6 1998 13200.0   9.7 17.4 1.275 3.5  0.5 2.1 0.025000000
'7' 17  6 1998 19880.0  11.3 18.0 1.154 3.8  0.7 3.2 0.054166667
'7' 18  6 1998 5650.0  12.1 15.8 1.486 3.5 10.4 0.9 0.383333333
'7' 19  6 1998 12320.0  13.9 22.7 1.775 2.7  0.2 2.2 0.029166667
'7' 20  6 1998 25260.0  12.6 28.0 1.537 2.0  0.0 4.7 0.000000000
'7' 21  6 1998 24960.0  16.8 29.7 1.968 3.6  0.3 4.7 0.041666667
'7' 22  6 1998 22860.0  13.8 20.1 1.398 4.3  0.0 3.9 0.000000000
'7' 23  6 1998 8030.0  13.7 18.8 1.657 4.2  2.5 1.3 0.145833333
'7' 24  6 1998 13090.0  15.9 22.8 1.883 2.9  0.0 2.3 0.000000000
'7' 25  6 1998 13950.0  12.3 23.9 1.525 4.5  4.1 2.5 0.104166667
'7' 26  6 1998 20180.0   8.9 22.4 1.252 2.3  0.0 3.4 0.000000000
'7' 27  6 1998 12780.0  13.0 21.7 1.558 4.0 18.0 2.2 0.154166667
'7' 28  6 1998 17920.0  12.4 19.9 1.423 4.9  4.6 3.0 0.087500000
'7' 29  6 1998 9920.0  13.0 19.0 1.497 4.3  0.1 1.7 0.004166667
'7' 30  6 1998 8170.0  12.8 18.4 1.532 3.3  4.4 1.3 0.220833333
'7'  1  7 1998 18990.0  11.4 19.1 1.324 3.6  0.0 3.2 0.000000000
'7'  2  7 1998 11530.0  11.9 18.5 1.399 2.3  0.7 1.9 0.083333333
'7'  3  7 1998 11690.0  12.6 17.0 1.266 2.7  0.0 1.9 0.000000000
'7'  4  7 1998 13230.0  12.4 19.6 1.466 3.2  0.0 2.2 0.000000000
'7'  5  7 1998 8730.0  14.5 18.8 1.632 4.0  0.8 1.5 0.054166667
'7'  6  7 1998 15880.0   9.9 20.5 1.313 3.2  0.1 2.7 0.041666667
'7'  7  7 1998 17450.0  10.2 17.1 1.170 3.6  2.3 2.8 0.058333333
'7'  8  7 1998 16870.0  10.9 18.0 1.263 3.8  1.0 2.8 0.062500000
'7'  9  7 1998 4710.0  14.9 17.3 1.660 3.6  1.1 0.8 0.125000000
'7' 10  7 1998 8540.0  11.9 19.6 1.540 2.7  0.0 1.4 0.000000000
'7' 11  7 1998 18770.0  13.8 19.4 1.430 5.1  0.7 3.2 0.062500000
'7' 12  7 1998 4810.0  13.4 18.4 1.728 5.8 14.0 0.8 0.629166667
'7' 13  7 1998 17920.0  10.4 18.7 1.162 4.8  1.2 3.0 0.016666667
'7' 14  7 1998 7320.0  11.7 16.0 1.300 4.6  2.4 1.2 0.075000000
'7' 15  7 1998 11330.0  12.1 18.8 1.489 3.8  9.0 1.9 0.195833333
'7' 16  7 1998 10620.0   9.1 19.1 1.352 2.8  0.7 1.7 0.058333333
'7' 17  7 1998 12060.0   7.6 19.6 1.275 3.8  1.9 2.0 0.041666667
'7' 18  7 1998 13610.0  12.9 19.8 1.485 4.8  0.0 2.3 0.000000000
'7' 19  7 1998 22700.0  11.7 22.8 1.435 2.8  0.0 3.9 0.000000000
'7' 20  7 1998 23060.0  12.9 30.5 1.621 2.7  0.1 4.4 0.008333333
'7' 21  7 1998 12750.0  13.6 23.4 1.638 4.4  1.6 2.3 0.058333333
'7' 22  7 1998 22470.0  12.0 23.5 1.399 3.3  0.0 3.9 0.000000000
'7' 23  7 1998 15400.0  16.0 22.8 1.692 4.0  1.7 2.8 0.033333333
'7' 24  7 1998 18930.0  10.5 21.0 1.362 2.3  0.0 3.2 0.000000000
'7' 25  7 1998 22990.0   9.3 21.2 1.168 2.1  0.0 3.8 0.000000000
'7' 26  7 1998 20560.0   8.9 23.0 1.120 1.5  0.0 3.5 0.000000000
'7' 27  7 1998 16070.0  11.8 25.1 1.429 1.9  0.0 2.8 0.000000000
'7' 28  7 1998 11840.0  13.1 20.4 1.592 2.9  1.6 2.0 0.012500000
'7' 29  7 1998 5700.0  13.9 19.1 1.738 4.1  4.8 1.0 0.141666667
'7' 30  7 1998 13470.0  12.8 20.0 1.595 4.7 11.2 2.3 0.245833333
'7' 31  7 1998 15810.0  11.7 20.4 1.538 4.0  6.0 2.7 0.116666667
'7'  1  8 1998 13360.0  10.6 20.4 1.468 2.0  0.0 2.2 0.000000000
'7'  2  8 1998 18190.0  11.7 20.0 1.369 2.7  0.0 3.1 0.000000000
'7'  3  8 1998 20170.0   9.3 23.0 1.274 3.8  0.2 3.5 0.004166667
'7'  4  8 1998 18190.0  14.5 19.7 1.537 4.1  8.8 3.1 0.220833333
'7'  5  8 1998 13170.0  10.9 19.9 1.404 3.1  0.0 2.2 0.000000000
'7'  6  8 1998 24090.0   9.8 24.4 1.250 3.2  0.0 4.2 0.000000000
'7'  7  8 1998 17390.0  13.0 25.0 1.689 1.7  0.0 3.2 0.000000000
'7'  8  8 1998 23970.0  12.2 27.9 1.568 2.3  0.0 4.4 0.000000000
'7'  9  8 1998 22660.0  14.1 24.2 1.554 3.3  0.0 4.0 0.000000000
'7' 10  8 1998 23480.0  12.5 30.9 1.511 2.4  0.0 4.4 0.000000000
'7' 11  8 1998 21140.0  15.9 30.2 2.010 2.1  0.0 4.0 0.000000000
'7' 12  8 1998 20320.0  14.1 27.8 1.778 2.6  0.0 3.7 0.000000000
'7' 13  8 1998 18610.0  11.1 20.0 1.199 3.7  0.0 3.2 0.000000000
'7' 14  8 1998 11070.0  13.6 23.7 1.709 2.8  0.0 2.0 0.000000000
'7' 15  8 1998 12790.0   9.4 23.0 1.429 2.6  0.0 2.2 0.000000000
'7' 16  8 1998 17410.0   7.0 22.8 1.163 1.6  0.0 2.9 0.000000000
'7' 17  8 1998 17820.0  11.3 23.2 1.439 3.2  0.0 3.1 0.000000000
'7' 18  8 1998 16430.0  10.4 23.1 1.431 2.4  1.0 2.9 0.050000000
'7' 19  8 1998 19200.0   7.5 21.2 1.146 1.2  0.0 3.2 0.000000000
'7' 20  8 1998 15870.0   9.1 23.2 1.315 4.5  0.0 2.7 0.000000000
'7' 21  8 1998 8590.0  13.3 19.2 1.576 5.7 12.8 1.4 0.291666667
'7' 22  8 1998 13510.0  10.6 18.7 1.349 3.8  9.0 2.2 0.095833333
'7' 23  8 1998 8280.0   9.8 17.7 1.320 4.0 14.9 1.3 0.270833333
'7' 24  8 1998 9150.0  11.9 16.8 1.339 4.3 10.6 1.5 0.175000000
'7' 25  8 1998 11480.0  10.2 18.1 1.214 2.9  0.0 1.9 0.000000000
'7' 26  8 1998 4780.0   9.1 14.1 1.252 3.1 14.4 0.7 0.329166667
'7' 27  8 1998 13070.0   8.4 16.2 1.200 2.8  3.0 2.0 0.112500000
'7' 28  8 1998 7350.0   9.6 15.6 1.143 2.6  0.0 1.1 0.000000000
'7' 29  8 1998 11980.0   9.3 17.7 1.218 1.7  0.0 1.9 0.000000000
'7' 30  8 1998 7690.0   8.8 18.9 1.403 2.0  1.4 1.2 0.200000000
'7' 31  8 1998 10880.0   7.1 18.4 1.203 2.3  0.0 1.7 0.000000000
'7'  1  9 1998 7680.0  11.7 19.7 1.411 4.3  7.9 1.3 0.129166667
'7'  2  9 1998 7160.0  13.8 19.9 1.749 2.8  7.9 1.2 0.145833333
'7'  3  9 1998 3400.0  15.7 20.5 1.990 3.5 24.2 0.6 0.245833333
'7'  4  9 1998 10190.0  14.6 21.0 1.814 2.2  3.0 1.8 0.125000000
'7'  5  9 1998 9020.0  13.8 20.9 1.753 3.4  6.0 1.5 0.187500000
'7'  6  9 1998 9000.0  12.6 20.7 1.663 2.4  0.0 1.5 0.000000000
'7'  7  9 1998 9450.0  14.5 22.1 1.834 3.0  3.1 1.6 0.141666667
'7'  8  9 1998 7630.0  14.2 20.1 1.766 4.3  4.3 1.3 0.137500000
'7'  9  9 1998 5270.0  14.6 21.5 1.876 5.3 13.3 0.9 0.183333333
'7' 10  9 1998 12020.0  13.8 21.8 1.653 6.1  0.1 2.1 0.004166667
'7' 11  9 1998 12190.0  12.2 18.9 1.481 4.1  4.0 2.0 0.125000000
'7' 12  9 1998 7840.0   7.9 15.8 1.191 2.0  7.0 1.2 0.212500000
'7' 13  9 1998 2680.0   4.8 10.9 1.006 3.2 15.3 0.4 0.304166667
'7' 14  9 1998 2630.0   2.7 13.1 0.975 4.5 56.9 0.4 0.691666667
'7' 15  9 1998 9180.0  11.4 16.4 1.362 4.9  3.2 1.5 0.175000000
'7' 16  9 1998 8600.0  11.0 15.9 1.247 5.3 12.3 1.4 0.216666667
'7' 17  9 1998 5040.0  11.2 15.7 1.342 4.4  5.1 0.8 0.154166667
'7' 18  9 1998 10420.0   6.1 19.2 1.152 2.1  0.0 1.7 0.000000000
'7' 19  9 1998 9880.0  13.3 22.2 1.790 2.1  4.1 1.7 0.083333333
'7' 20  9 1998 9540.0  12.4 20.6 1.663 2.5  0.0 1.6 0.000000000
'7' 21  9 1998 14380.0   9.8 20.2 1.363 2.7  0.0 2.4 0.000000000
'7' 22  9 1998 14410.0  10.0 18.5 1.356 4.0  0.0 2.3 0.000000000
'7' 23  9 1998 14030.0   7.7 19.5 1.279 3.2  0.0 2.2 0.000000000
'7' 24  9 1998 13420.0   9.5 20.2 1.376 3.3  0.0 2.2 0.000000000
'7' 25  9 1998 11490.0  13.9 22.5 1.646 2.8  0.0 2.0 0.000000000
'7' 26  9 1998 11150.0  12.6 22.2 1.606 3.3  0.2 1.9 0.016666667
'7' 27  9 1998 11530.0  12.2 20.6 1.578 2.3  0.2 1.9 0.025000000
'7' 28  9 1998 8140.0  10.4 19.9 1.537 1.6  0.0 1.3 0.000000000
'7' 29  9 1998 6650.0  10.2 18.3 1.502 2.0  3.4 1.1 0.045833333
'7' 30  9 1998 3690.0  12.4 15.5 1.522 4.3  2.2 0.6 0.158333333
'7'  1 10 1998 2400.0   9.1 14.1 1.305 4.1  0.0 0.4 0.000000000
'7'  2 10 1998 3630.0   4.6  9.1 0.822 4.5  0.0 0.5 0.000000000
'7'  3 10 1998 1120.0   3.7  6.1 0.803 1.9  0.1 0.1 0.012500000
'7'  4 10 1998 3920.0   5.6  8.9 0.962 2.5  4.0 0.5 0.241666667
'7'  5 10 1998 1970.0   6.1  9.0 0.983 4.2  1.6 0.3 0.158333333
'7'  6 10 1998 6090.0   7.0 11.1 0.946 5.7  2.1 0.8 0.050000000
'7'  7 10 1998 1460.0   6.8  8.8 1.024 2.3  6.7 0.2 0.187500000
'7'  8 10 1998 1290.0   6.5  9.5 1.056 2.6 15.6 0.2 0.425000000
'7'  9 10 1998 6710.0   2.6 11.4 0.924 3.0  2.5 0.9 0.091666667
'7' 10 10 1998 4650.0   9.4 15.2 1.304 4.3  6.3 0.7 0.208333333
'7' 11 10 1998 1960.0   8.8 13.9 1.230 4.0  5.9 0.3 0.250000000
'7' 12 10 1998 4950.0   8.9 13.2 1.094 4.6  4.0 0.7 0.100000000
'7' 13 10 1998 5150.0   6.0 13.8 1.104 4.5  1.5 0.8 0.220833333
'7' 14 10 1998 1000.0   8.6 16.5 1.373 5.0  4.5 0.2 0.429166667
'7' 15 10 1998 7420.0   7.7 15.1 1.148 2.8  0.0 1.1 0.000000000
'7' 16 10 1998 6460.0   8.2 15.4 1.194 4.1  0.0 1.0 0.000000000
'7' 17 10 1998 2280.0   9.8 15.6 1.267 6.1  8.5 0.4 0.191666667
'7' 18 10 1998 6190.0   1.1 11.4 0.790 2.1  1.4 0.8 0.033333333
'7' 19 10 1998 7330.0  -1.1 12.5 0.731 2.9  1.3 0.9 0.029166667
'7' 20 10 1998 6560.0   5.1 11.5 0.917 2.6  2.9 0.9 0.120833333
'7' 21 10 1998 1070.0   8.9 15.0 1.258 6.5  2.2 0.2 0.179166667
'7' 22 10 1998 2280.0  14.2 17.2 1.633 5.8  0.1 0.4 0.029166667
'7' 23 10 1998 770.0   9.7 16.1 1.322 6.4  6.1 0.1 0.329166667
'7' 24 10 1998 2950.0   8.7 13.0 1.208 6.2 16.7 0.4 0.287500000
'7' 25 10 1998 3710.0   8.7 12.6 0.979 7.5  7.3 0.6 0.254166667
'7' 26 10 1998 3040.0   4.7 10.1 0.869 4.1  3.7 0.4 0.145833333
'7' 27 10 1998 1090.0   4.3 14.9 1.048 8.3 11.7 0.2 0.579166667
'7' 28 10 1998 2700.0  11.0 15.5 1.189 8.5 10.7 0.4 0.350000000
'7' 29 10 1998 4480.0   7.8 11.9 0.914 6.2  2.6 0.7 0.129166667
'7' 30 10 1998 2270.0   3.8  9.3 0.838 3.7  9.9 0.3 0.312500000
'7' 31 10 1998 1650.0   5.2  8.4 0.923 4.2  9.9 0.2 0.529166667
'7'  1 11 1998 6000.0   4.8 10.7 0.939 4.0 15.4 0.8 0.291666667
'7'  2 11 1998 3120.0   4.1  8.8 0.884 3.8  8.4 0.4 0.258333333
'7'  3 11 1998 1920.0   6.0  8.9 0.966 5.9 29.1 0.3 0.595833333
'7'  4 11 1998 3130.0   2.9  8.8 0.859 2.6 10.5 0.4 0.229166667
'7'  5 11 1998 3320.0   3.1 10.4 0.856 6.1  8.8 0.4 0.379166667
'7'  6 11 1998 4670.0   1.3 11.7 0.758 3.7  0.5 0.6 0.016666667
'7'  7 11 1998 3300.0  -0.1 10.4 0.803 2.3  0.0 0.4 0.000000000
'7'  8 11 1998 1000.0   3.1 11.6 0.950 4.9  7.7 0.1 0.225000000
'7'  9 11 1998 1660.0   9.8 15.4 1.361 4.5  7.2 0.3 0.341666667
'7' 10 11 1998 1740.0   4.2 11.3 0.939 3.5  2.4 0.2 0.120833333
'7' 11 11 1998 5310.0   2.2 11.4 0.832 2.0  1.9 0.7 0.058333333
'7' 12 11 1998 3560.0   2.1  7.0 0.749 3.5  0.0 0.4 0.000000000
'7' 13 11 1998 1360.0   5.6  8.5 0.950 4.0 10.9 0.2 0.400000000
'7' 14 11 1998 1130.0   5.2  6.7 0.912 1.8  6.2 0.1 0.433333333
'7' 15 11 1998 3070.0   4.3  8.6 0.915 1.3  5.5 0.4 0.195833333
'7' 16 11 1998 5380.0   0.4  7.1 0.705 2.8  0.0 0.6 0.000000000
'7' 17 11 1998 3710.0  -1.8  7.2 0.666 1.1  0.0 0.4 0.000000000
'7' 18 11 1998 1520.0  -2.5  4.7 0.618 1.9  6.5 0.2 0.229166667
'7' 19 11 1998 2960.0  -4.5  3.3 0.526 1.8  0.0 0.3 0.000000000
'7' 20 11 1998 6150.0  -6.2  2.4 0.463 1.4  0.0 0.6 0.000000000
'7' 21 11 1998 6750.0  -5.5  1.8 0.456 2.5  0.0 0.7 0.000000000
'7' 22 11 1998 5400.0  -8.1 -1.2 0.338 3.1  0.0 0.5 0.000000000
'7' 23 11 1998 5550.0  -8.5 -0.5 0.370 1.5  0.0 0.5 0.000000000
'7' 24 11 1998 3390.0  -7.8 -0.7 0.364 2.5  0.0 0.3 0.000000000
'7' 25 11 1998 1290.0  -0.9  1.6 0.543 2.4  0.1 0.1 0.016666667
'7' 26 11 1998 790.0   0.0  7.1 0.746 3.5  7.7 0.1 0.187500000
'7' 27 11 1998 1850.0   3.0  8.6 0.840 2.0  0.7 0.2 0.037500000
'7' 28 11 1998 2110.0   1.5  5.3 0.757 4.0  1.9 0.3 0.129166667
'7' 29 11 1998 480.0   1.1  3.3 0.699 3.1  5.6 0.1 0.262500000
'7' 30 11 1998 300.0  -0.6  2.0 0.582 3.6  0.0 0.0 0.000000000
'7'  1 12 1998 2150.0  -2.2  1.3 0.516 4.3  0.0 0.2 0.000000000
'7'  2 12 1998 1170.0  -3.5 -1.2 0.420 4.2  0.0 0.1 0.000000000
'7'  3 12 1998 810.0  -2.3 -0.7 0.475 2.1  0.0 0.1 0.000000000
'7'  4 12 1998 2730.0  -1.2  6.2 0.669 2.8  5.2 0.3 0.154166667
'7'  5 12 1998 3040.0  -0.8  4.7 0.606 3.2  2.8 0.3 0.187500000
'7'  6 12 1998 3430.0  -1.7  5.5 0.540 3.2  1.3 0.4 0.045833333
'7'  7 12 1998 1820.0  -5.4  4.1 0.529 1.6  1.1 0.2 0.025000000
'7'  8 12 1998 1250.0  -5.6  1.2 0.502 3.4  1.9 0.1 0.083333333
'7'  9 12 1998 500.0   1.2  3.7 0.726 3.2  7.7 0.1 0.345833333
'7' 10 12 1998 700.0   2.7  4.0 0.776 3.0  0.0 0.1 0.000000000
'7' 11 12 1998 240.0   2.0  7.8 0.839 3.7  1.1 0.0 0.116666667
'7' 12 12 1998 280.0   6.1 13.3 1.154 4.8 13.0 0.0 0.366666667
'7' 13 12 1998 2690.0   7.1 12.9 0.962 7.1  0.0 0.4 0.000000000
'7' 14 12 1998 1280.0   7.8 12.6 1.166 6.0  3.5 0.2 0.104166667
'7' 15 12 1998 320.0   7.0 11.8 1.140 5.2 13.6 0.0 0.420833333
'7' 16 12 1998 2790.0   5.3  9.7 0.983 3.7  0.0 0.4 0.000000000
'7' 17 12 1998 2980.0   3.3  8.2 0.796 3.8  0.0 0.4 0.000000000
'7' 18 12 1998 330.0   5.0  7.8 0.928 5.0  1.7 0.0 0.066666667
'7' 19 12 1998 1220.0   4.3  8.3 0.860 5.6 10.8 0.2 0.283333333
'7' 20 12 1998 3500.0  -1.0  6.0 0.650 2.3  0.2 0.4 0.012500000
'7' 21 12 1998 2800.0  -1.4  5.3 0.640 2.4  0.0 0.3 0.000000000
'7' 22 12 1998 1440.0   1.3  6.8 0.744 3.6  0.4 0.2 0.037500000
'7' 23 12 1998 1290.0   3.8  6.1 0.736 5.0  0.0 0.2 0.000000000
'7' 24 12 1998 2770.0   1.0  6.9 0.712 4.0  3.5 0.3 0.141666667
'7' 25 12 1998 180.0   4.5 10.0 0.970 7.5  8.7 0.0 0.508333333
'7' 26 12 1998 1800.0   5.6 11.5 0.926 8.0  6.0 0.3 0.216666667
'7' 27 12 1998 890.0   5.9 11.7 0.932 7.0  5.1 0.1 0.216666667
'7' 28 12 1998 560.0   4.1 10.0 0.875 5.0  4.3 0.1 0.183333333
'7' 29 12 1998 2630.0   1.7  6.4 0.724 4.5  0.0 0.3 0.000000000
'7' 30 12 1998 3230.0   4.5 10.3 0.846 4.5  0.0 0.4 0.000000000
'7' 31 12 1998 1830.0   3.7 10.6 0.775 4.7  0.0 0.2 0.000000000
