* Source of data    : SEQ_F1_S1 - Piracicaba - SP
* File content      : Input weather file for Swap 3.2 (www.swap.alterra.nl)
* File generated by : R-Script 
* File generated at : 03-Jan-2022
station,DD,MM,YYYY,Rad,Tmin,Tmax,Rain,Wind,Hum,etref
'SEQ_F1_S1', 1, 1,2016,23000.0,20.9,31.4,11.2,0.51,3.54,4.73
'SEQ_F1_S1', 2, 1,2016,23760.0,21.6,31.9, 8.5,0.63,3.61,4.91
'SEQ_F1_S1', 3, 1,2016,16560.0,21.9,28.0, 2.4,0.90,3.20,3.29
'SEQ_F1_S1', 4, 1,2016,19190.0,19.8,30.2, 0.0,0.85,3.08,3.88
'SEQ_F1_S1', 5, 1,2016,30000.0,18.4,29.9, 0.0,0.69,2.78,5.75
'SEQ_F1_S1', 6, 1,2016,30000.0,18.3,30.2, 0.0,0.75,2.69,5.77
'SEQ_F1_S1', 7, 1,2016,30000.0,18.7,30.7, 0.0,0.73,2.61,5.84
'SEQ_F1_S1', 8, 1,2016,23340.0,19.0,31.0, 0.0,1.02,3.06,4.62
'SEQ_F1_S1', 9, 1,2016,12980.0,19.6,28.8,28.2,0.69,3.13,2.66
'SEQ_F1_S1',10, 1,2016,14460.0,22.0,28.1,14.9,1.20,3.22,2.85
'SEQ_F1_S1',11, 1,2016, 8370.0,21.2,25.4,27.4,0.84,2.88,1.79
'SEQ_F1_S1',12, 1,2016, 5270.0,22.0,24.6,55.9,1.56,2.86,1.20
'SEQ_F1_S1',13, 1,2016,18310.0,22.2,31.7, 2.2,1.10,3.67,3.72
'SEQ_F1_S1',14, 1,2016,18920.0,21.9,31.1,43.5,1.18,3.58,3.78
'SEQ_F1_S1',15, 1,2016, 7900.0,21.4,26.8,26.0,0.72,3.04,1.75
'SEQ_F1_S1',16, 1,2016,26190.0,19.1,28.9, 0.0,1.90,2.77,4.85
'SEQ_F1_S1',17, 1,2016,30000.0,17.1,30.5, 0.0,1.41,2.66,5.63
'SEQ_F1_S1',18, 1,2016,20210.0,20.4,28.5, 0.0,1.51,2.79,4.00
'SEQ_F1_S1',19, 1,2016,20950.0,19.1,27.2, 0.0,2.01,2.60,3.92
'SEQ_F1_S1',20, 1,2016,26900.0,18.0,27.4, 0.0,2.27,2.53,4.74
'SEQ_F1_S1',21, 1,2016,30000.0,17.7,27.9, 0.0,2.54,2.30,5.50
'SEQ_F1_S1',22, 1,2016,30000.0,15.5,28.0, 0.0,2.27,2.29,5.26
'SEQ_F1_S1',23, 1,2016,30000.0,16.3,28.7, 0.5,1.16,2.57,5.38
'SEQ_F1_S1',24, 1,2016,20850.0,17.7,29.1, 0.0,0.64,2.85,4.04
'SEQ_F1_S1',25, 1,2016,29220.0,18.0,30.7, 0.0,0.84,2.88,5.59
'SEQ_F1_S1',26, 1,2016,30000.0,19.3,31.2, 0.0,0.93,2.98,5.84
'SEQ_F1_S1',27, 1,2016,14820.0,20.4,31.2,10.6,0.66,3.48,3.09
'SEQ_F1_S1',28, 1,2016,27030.0,20.9,32.6, 0.0,1.15,3.48,5.40
'SEQ_F1_S1',29, 1,2016,13660.0,21.4,29.0,13.2,0.46,3.28,2.87
'SEQ_F1_S1',30, 1,2016,20050.0,22.0,31.2, 0.3,0.76,3.53,4.12
'SEQ_F1_S1',31, 1,2016,30000.0,20.3,32.2, 0.0,0.90,2.85,6.03
'SEQ_F1_S1', 1, 2,2016,29090.0,18.9,31.6, 0.0,0.69,2.79,5.73
'SEQ_F1_S1', 2, 2,2016,28900.0,19.6,32.0, 0.0,0.80,2.90,5.76
'SEQ_F1_S1', 3, 2,2016,30000.0,19.5,32.0, 0.0,0.97,2.93,5.94
'SEQ_F1_S1', 4, 2,2016,26440.0,20.4,29.7, 0.6,0.99,2.95,5.12
'SEQ_F1_S1', 5, 2,2016,23340.0,19.6,31.4, 0.0,0.85,3.26,4.62
'SEQ_F1_S1', 6, 2,2016,22280.0,19.4,28.7, 9.8,1.03,3.08,4.15
'SEQ_F1_S1', 7, 2,2016,30000.0,20.1,33.7,13.2,0.59,3.60,6.15
'SEQ_F1_S1', 8, 2,2016,28280.0,21.2,33.8, 3.6,0.56,3.83,5.90
'SEQ_F1_S1', 9, 2,2016,23530.0,20.8,33.8, 0.1,0.61,3.59,4.94
'SEQ_F1_S1',10, 2,2016,24000.0,21.6,33.6, 0.0,0.78,3.52,5.04
'SEQ_F1_S1',11, 2,2016,21490.0,21.0,31.1, 1.0,1.45,3.34,4.19
'SEQ_F1_S1',12, 2,2016,26920.0,19.4,30.0, 0.0,1.30,2.81,5.15
'SEQ_F1_S1',13, 2,2016,27570.0,17.0,30.3, 0.0,0.77,2.73,5.18
'SEQ_F1_S1',14, 2,2016,25620.0,19.4,32.0, 0.0,0.74,3.20,5.09
'SEQ_F1_S1',15, 2,2016,21890.0,20.1,30.9,23.0,1.29,3.28,4.22
'SEQ_F1_S1',16, 2,2016,20330.0,21.0,29.7, 0.3,0.87,3.23,4.00
'SEQ_F1_S1',17, 2,2016,19400.0,21.2,32.2, 0.0,0.81,3.56,3.99
'SEQ_F1_S1',18, 2,2016,26120.0,20.7,31.2,35.9,0.79,3.40,5.13
'SEQ_F1_S1',19, 2,2016,24110.0,21.3,33.1, 9.6,0.86,3.76,4.90
'SEQ_F1_S1',20, 2,2016,22290.0,21.4,33.7, 0.4,0.91,3.77,4.60
'SEQ_F1_S1',21, 2,2016,11500.0,20.9,27.8,27.3,0.52,3.11,2.39
'SEQ_F1_S1',22, 2,2016,11250.0,20.6,26.8, 0.4,0.48,2.98,2.33
'SEQ_F1_S1',23, 2,2016,13840.0,21.3,27.6, 0.2,0.54,3.11,2.80
'SEQ_F1_S1',24, 2,2016,16790.0,21.0,30.3, 4.0,0.44,3.41,3.45
'SEQ_F1_S1',25, 2,2016,22050.0,20.4,32.5, 3.5,0.47,3.48,4.53
'SEQ_F1_S1',26, 2,2016,23960.0,20.9,32.7,13.4,0.63,3.68,4.87
'SEQ_F1_S1',27, 2,2016,16530.0,21.6,31.6,16.1,0.28,3.62,3.52
'SEQ_F1_S1',28, 2,2016,18070.0,21.3,30.2, 4.1,0.86,3.42,3.57
'SEQ_F1_S1',29, 2,2016,11740.0,20.2,25.7, 3.7,1.05,2.84,2.25
'SEQ_F1_S1', 1, 3,2016, 8130.0,18.9,22.8,11.0,0.28,2.48,1.72
'SEQ_F1_S1', 2, 3,2016,14040.0,18.9,29.0, 0.0,0.34,3.09,2.84
'SEQ_F1_S1', 3, 3,2016,11590.0,20.2,27.4, 2.3,1.05,3.01,2.26
'SEQ_F1_S1', 4, 3,2016,19020.0,18.6,26.4, 0.4,2.56,2.29,3.74
'SEQ_F1_S1', 5, 3,2016,21440.0,17.3,27.1, 8.2,1.69,2.28,4.00
'SEQ_F1_S1', 6, 3,2016,19310.0,17.4,27.2, 0.2,1.56,2.46,3.55
'SEQ_F1_S1', 7, 3,2016,17510.0,17.3,28.3, 0.0,1.25,2.39,3.47
'SEQ_F1_S1', 8, 3,2016,21150.0,17.7,29.3, 0.0,0.92,2.39,4.10
'SEQ_F1_S1', 9, 3,2016,21030.0,19.0,28.8, 2.6,1.08,2.25,4.20
'SEQ_F1_S1',10, 3,2016,14920.0,19.7,26.0,35.3,2.69,2.60,2.76
'SEQ_F1_S1',11, 3,2016,15590.0,19.5,26.0, 9.8,2.75,2.54,2.93
'SEQ_F1_S1',12, 3,2016,21190.0,17.6,26.1, 0.0,2.78,2.03,4.22
'SEQ_F1_S1',13, 3,2016,17810.0,17.2,24.5, 0.0,4.58,2.07,3.47
'SEQ_F1_S1',14, 3,2016,19480.0,17.4,28.7, 0.0,1.72,2.26,3.96
'SEQ_F1_S1',15, 3,2016,15130.0,18.4,27.4,33.0,1.25,2.49,3.00
'SEQ_F1_S1',16, 3,2016,13290.0,17.8,25.7, 1.6,0.69,2.38,2.58
'SEQ_F1_S1',17, 3,2016,20730.0,18.4,26.9, 0.0,0.78,2.21,3.85
'SEQ_F1_S1',18, 3,2016,24510.0,16.8,28.3, 0.0,1.50,2.10,4.58
'SEQ_F1_S1',19, 3,2016,26290.0,17.4,28.0, 0.0,2.00,1.99,5.01
'SEQ_F1_S1',20, 3,2016,24090.0,16.4,27.6, 0.0,1.30,2.06,4.38
'SEQ_F1_S1',21, 3,2016,19980.0,16.7,29.3, 0.0,1.20,2.24,3.91
'SEQ_F1_S1',22, 3,2016, 9910.0,18.5,27.6,10.2,0.83,2.62,2.11
'SEQ_F1_S1',23, 3,2016,17180.0,17.4,28.0, 7.6,1.03,2.51,3.23
'SEQ_F1_S1',24, 3,2016,19450.0,17.3,25.8, 0.0,1.43,2.23,3.49
'SEQ_F1_S1',25, 3,2016,12310.0,18.3,25.3, 7.4,1.25,2.47,2.32
'SEQ_F1_S1',26, 3,2016,17050.0,17.6,25.8, 0.0,1.66,2.32,3.10
'SEQ_F1_S1',27, 3,2016,18900.0,18.6,27.3, 0.6,1.09,2.57,3.44
'SEQ_F1_S1',28, 3,2016,21420.0,18.2,27.3, 0.0,1.53,2.37,3.88
'SEQ_F1_S1',29, 3,2016,21280.0,17.8,28.6, 0.0,1.08,2.38,3.94
'SEQ_F1_S1',30, 3,2016,20010.0,18.5,28.3, 0.0,1.29,2.33,3.83
'SEQ_F1_S1',31, 3,2016,23160.0,18.4,29.3, 0.0,1.36,2.26,4.41
'SEQ_F1_S1', 1, 4,2016,21860.0,17.8,28.1, 0.0,1.62,2.16,4.16
'SEQ_F1_S1', 2, 4,2016,22430.0,17.2,28.1, 0.0,1.09,2.13,4.08
'SEQ_F1_S1', 3, 4,2016,23840.0,17.1,29.0, 0.0,1.66,2.03,4.57
'SEQ_F1_S1', 4, 4,2016,22950.0,17.8,28.6, 0.0,2.35,2.06,4.62
'SEQ_F1_S1', 5, 4,2016,22910.0,17.7,28.1, 0.0,1.76,2.07,4.35
'SEQ_F1_S1', 6, 4,2016,22840.0,16.0,28.1, 0.0,1.27,2.02,4.11
'SEQ_F1_S1', 7, 4,2016,23140.0,16.0,28.6, 0.0,0.99,1.92,4.14
'SEQ_F1_S1', 8, 4,2016,22970.0,16.0,28.9, 0.0,1.24,2.00,4.20
'SEQ_F1_S1', 9, 4,2016,21960.0,17.3,29.8, 0.0,1.28,2.03,4.24
'SEQ_F1_S1',10, 4,2016,21940.0,17.5,29.9, 0.0,1.95,2.08,4.48
'SEQ_F1_S1',11, 4,2016,16300.0,19.0,28.6, 0.2,1.45,2.16,3.47
'SEQ_F1_S1',12, 4,2016,19090.0,18.6,29.0, 0.2,1.66,2.11,3.94
'SEQ_F1_S1',13, 4,2016,18720.0,18.9,28.6, 0.0,1.30,2.06,3.76
'SEQ_F1_S1',14, 4,2016,16140.0,17.8,29.4, 0.0,1.09,2.11,3.33
'SEQ_F1_S1',15, 4,2016,16970.0,18.5,29.4, 0.0,1.06,2.04,3.48
'SEQ_F1_S1',16, 4,2016,19650.0,17.3,29.5, 0.0,1.22,1.98,3.85
'SEQ_F1_S1',17, 4,2016,20680.0,16.1,28.8, 0.0,1.45,1.91,3.95
'SEQ_F1_S1',18, 4,2016,20670.0,16.0,29.3, 0.0,1.38,1.99,3.91
'SEQ_F1_S1',19, 4,2016,20000.0,16.4,28.6, 0.0,1.43,1.96,3.81
'SEQ_F1_S1',20, 4,2016,19730.0,16.7,29.1, 0.0,1.12,1.96,3.70
'SEQ_F1_S1',21, 4,2016,18420.0,16.3,29.1, 0.0,1.30,1.92,3.62
'SEQ_F1_S1',22, 4,2016,19040.0,15.6,29.4, 0.0,1.55,1.91,3.80
'SEQ_F1_S1',23, 4,2016,18970.0,17.0,29.2, 0.0,1.29,2.02,3.65
'SEQ_F1_S1',24, 4,2016,18430.0,15.6,29.3, 0.0,1.31,1.89,3.60
'SEQ_F1_S1',25, 4,2016,16450.0,16.4,29.8, 0.0,1.59,1.79,3.69
'SEQ_F1_S1',26, 4,2016, 8350.0,17.1,24.5, 3.2,1.74,2.11,1.90
'SEQ_F1_S1',27, 4,2016, 7890.0,12.9,18.8, 2.0,2.42,1.50,1.76
'SEQ_F1_S1',28, 4,2016,17720.0, 9.8,20.3, 0.0,1.40,1.40,2.54
'SEQ_F1_S1',29, 4,2016, 9030.0,11.4,18.6, 0.0,1.13,1.44,1.63
'SEQ_F1_S1',30, 4,2016,13750.0,10.7,21.1, 0.0,1.15,1.48,2.20
'SEQ_F1_S1', 1, 5,2016,18510.0,10.0,21.6, 0.0,1.31,1.25,2.86
'SEQ_F1_S1', 2, 5,2016,20130.0, 7.1,23.5, 0.0,1.25,1.14,3.09
'SEQ_F1_S1', 3, 5,2016,16130.0, 7.9,24.9, 0.0,1.33,1.44,2.73
'SEQ_F1_S1', 4, 5,2016,17430.0,10.7,24.8, 0.0,1.20,1.60,2.79
'SEQ_F1_S1', 5, 5,2016,16850.0,12.3,25.0, 0.0,1.07,1.64,2.76
'SEQ_F1_S1', 6, 5,2016,16370.0,11.2,25.4, 0.0,1.08,1.58,2.73
'SEQ_F1_S1', 7, 5,2016, 7850.0,14.6,23.8, 0.0,0.87,1.72,1.75
'SEQ_F1_S1', 8, 5,2016,12020.0,15.4,23.5, 0.0,1.35,1.85,2.21
'SEQ_F1_S1', 9, 5,2016,13490.0,14.2,26.0, 0.0,1.13,1.96,2.39
'SEQ_F1_S1',10, 5,2016, 5990.0,15.3,21.0, 2.5,1.33,1.83,1.37
'SEQ_F1_S1',11, 5,2016,11610.0,12.6,22.8, 0.0,1.11,1.77,1.94
'SEQ_F1_S1',12, 5,2016,13050.0,15.0,23.1, 0.0,1.72,1.76,2.38
'SEQ_F1_S1',13, 5,2016,14880.0,13.8,23.7, 0.0,2.40,1.63,2.85
'SEQ_F1_S1',14, 5,2016,16210.0,14.2,24.2, 0.0,2.23,1.60,3.05
'SEQ_F1_S1',15, 5,2016,16790.0,11.9,26.8, 0.0,1.31,1.80,2.79
'SEQ_F1_S1',16, 5,2016,10050.0,17.1,26.8,10.9,2.02,2.14,2.33
'SEQ_F1_S1',17, 5,2016,12790.0,14.8,22.9, 0.0,1.50,1.77,2.23
'SEQ_F1_S1',18, 5,2016, 4230.0,12.5,18.3, 2.2,1.10,1.67,0.93
'SEQ_F1_S1',19, 5,2016, 3980.0,14.4,18.5,20.2,1.41,1.72,1.00
'SEQ_F1_S1',20, 5,2016,16330.0,13.5,25.6, 0.0,1.65,1.93,2.63
'SEQ_F1_S1',21, 5,2016, 5080.0,15.6,20.6,18.8,1.14,1.99,1.04
'SEQ_F1_S1',22, 5,2016,13060.0,14.5,25.2, 3.2,0.79,2.15,2.06
'SEQ_F1_S1',23, 5,2016,  160.0,11.3,18.6, 0.0,2.07,1.30,1.29
'SEQ_F1_S1',24, 5,2016,13900.0, 8.7,19.9, 0.0,2.97,1.28,2.35
'SEQ_F1_S1',25, 5,2016,16040.0,10.5,22.4, 0.0,1.43,1.46,2.39
'SEQ_F1_S1',26, 5,2016,16120.0,11.8,23.6, 0.0,0.93,1.67,2.32
'SEQ_F1_S1',27, 5,2016,12740.0,13.3,23.4, 0.0,1.46,1.75,2.12
'SEQ_F1_S1',28, 5,2016,15380.0,13.1,24.1, 0.0,1.71,1.76,2.46
'SEQ_F1_S1',29, 5,2016, 5610.0,12.1,17.8, 1.0,0.94,1.60,1.03
'SEQ_F1_S1',30, 5,2016, 2830.0,11.6,16.3,31.3,1.19,1.58,0.68
'SEQ_F1_S1',31, 5,2016,10950.0,14.7,23.1, 4.0,1.24,1.96,1.78
'SEQ_F1_S1', 1, 6,2016,11840.0,15.3,23.7,23.0,0.89,2.08,1.85
'SEQ_F1_S1', 2, 6,2016,13530.0,15.6,22.8,30.9,1.43,1.96,2.06
'SEQ_F1_S1', 3, 6,2016, 6430.0,15.7,19.6,22.5,1.30,1.92,1.14
'SEQ_F1_S1', 4, 6,2016, 5330.0,16.3,20.4, 6.0,1.12,2.04,1.03
'SEQ_F1_S1', 5, 6,2016, 5040.0,17.2,21.3,29.6,1.21,2.17,1.01
'SEQ_F1_S1', 6, 6,2016, 4800.0,17.5,23.7,42.2,1.76,2.23,1.20
'SEQ_F1_S1', 7, 6,2016, 4850.0,12.3,17.9, 7.1,0.84,1.66,0.92
'SEQ_F1_S1', 8, 6,2016, 3420.0,10.6,17.6, 0.2,0.34,1.40,0.86
'SEQ_F1_S1', 9, 6,2016,10940.0, 7.4,17.9, 0.2,0.80,1.23,1.48
'SEQ_F1_S1',10, 6,2016,12950.0, 9.1,16.6, 0.0,0.54,1.23,1.57
'SEQ_F1_S1',11, 6,2016,14750.0, 6.1,17.6, 0.0,0.64,1.01,1.73
'SEQ_F1_S1',12, 6,2016,14410.0, 5.1,16.7, 0.1,0.58,0.98,1.62
'SEQ_F1_S1',13, 6,2016,11270.0, 4.0,19.1, 0.0,0.58,0.81,1.60
'SEQ_F1_S1',14, 6,2016,10610.0, 5.4,21.1, 0.0,0.45,1.24,1.48
'SEQ_F1_S1',15, 6,2016,15300.0, 7.8,23.1, 0.0,0.57,1.50,1.95
'SEQ_F1_S1',16, 6,2016,15460.0,13.1,22.7, 0.0,0.55,1.61,2.08
'SEQ_F1_S1',17, 6,2016,16330.0,10.3,24.6, 0.0,1.41,1.62,2.40
'SEQ_F1_S1',18, 6,2016,11180.0,10.5,24.6, 0.0,1.48,1.65,1.62
'SEQ_F1_S1',19, 6,2016, 3410.0,10.1,22.2, 0.0,1.07,1.66,1.78
'SEQ_F1_S1',20, 6,2016, 2140.0, 9.8,21.0, 0.0,1.74,1.55,1.90
'SEQ_F1_S1',21, 6,2016, 2660.0,11.1,20.1, 0.0,2.38,1.43,2.01
'SEQ_F1_S1',22, 6,2016, 8770.0,10.5,22.2, 0.0,1.32,1.60,1.74
'SEQ_F1_S1',23, 6,2016,17420.0,10.8,23.1, 0.0,1.31,1.61,1.63
'SEQ_F1_S1',24, 6,2016,17620.0,10.2,23.4, 0.0,1.51,1.57,1.66
'SEQ_F1_S1',25, 6,2016,16160.0,10.2,22.1, 0.0,1.22,1.56,1.69
'SEQ_F1_S1',26, 6,2016,17770.0,10.2,22.1, 0.0,1.06,1.52,1.92
'SEQ_F1_S1',27, 6,2016,17490.0, 8.2,22.3, 0.0,0.96,1.39,2.06
'SEQ_F1_S1',28, 6,2016,14900.0, 8.2,22.3, 0.0,1.33,1.38,1.96
'SEQ_F1_S1',29, 6,2016,16320.0, 8.6,24.2, 0.0,1.28,1.48,1.74
'SEQ_F1_S1',30, 6,2016,16870.0,10.4,23.7, 0.0,1.17,1.52,1.44
'SEQ_F1_S1', 1, 7,2016,18030.0,11.9,24.4, 0.0,1.29,1.58,1.78
'SEQ_F1_S1', 2, 7,2016,17720.0,13.0,24.7, 0.0,1.39,1.56,1.86
'SEQ_F1_S1', 3, 7,2016,18100.0,11.2,25.4, 0.0,1.39,1.61,1.99
'SEQ_F1_S1', 4, 7,2016,17780.0,11.7,25.0, 0.0,1.35,1.57,1.89
'SEQ_F1_S1', 5, 7,2016,18120.0,10.5,25.4, 0.0,1.35,1.57,2.29
'SEQ_F1_S1', 6, 7,2016,18150.0,15.2,25.5, 0.0,2.46,1.59,1.50
'SEQ_F1_S1', 7, 7,2016, 9850.0, 9.0,20.6, 0.0,1.48,1.01,1.37
'SEQ_F1_S1', 8, 7,2016, 8950.0, 5.6,21.7, 0.0,1.37,1.08,1.62
'SEQ_F1_S1', 9, 7,2016,19080.0, 5.6,24.0, 0.0,1.05,1.34,1.98
'SEQ_F1_S1',10, 7,2016,18380.0, 8.3,27.3, 0.0,1.53,1.57,1.68
'SEQ_F1_S1',11, 7,2016,17470.0,12.6,27.9, 0.0,1.68,1.59,2.39
'SEQ_F1_S1',12, 7,2016, 6950.0,12.3,27.3, 0.0,1.77,1.49,2.61
'SEQ_F1_S1',13, 7,2016,20090.0,12.6,27.0, 0.0,1.40,1.61,2.31
'SEQ_F1_S1',14, 7,2016,18950.0,12.8,27.4, 0.0,1.64,1.47,2.23
'SEQ_F1_S1',15, 7,2016,19420.0,11.7,27.9, 0.0,1.76,1.40,2.13
'SEQ_F1_S1',16, 7,2016, 7010.0,14.1,22.0, 2.4,2.05,1.52,2.18
'SEQ_F1_S1',17, 7,2016,10870.0, 8.0,17.9, 0.0,1.48,0.97,2.03
'SEQ_F1_S1',18, 7,2016,17630.0, 4.0,19.1, 0.0,1.37,1.08,2.17
'SEQ_F1_S1',19, 7,2016,18630.0, 6.5,16.7, 0.0,1.09,1.14,2.39
'SEQ_F1_S1',20, 7,2016,18920.0, 6.5,19.6, 0.0,1.30,1.28,1.94
'SEQ_F1_S1',21, 7,2016,19880.0, 9.7,19.8, 0.0,1.26,1.32,2.05
'SEQ_F1_S1',22, 7,2016,18080.0, 7.7,20.3, 0.0,1.24,1.30,1.85
'SEQ_F1_S1',23, 7,2016,18140.0, 7.4,24.1, 0.0,0.96,1.56,1.34
'SEQ_F1_S1',24, 7,2016,16860.0,10.6,27.0, 0.0,1.56,1.61,1.18
'SEQ_F1_S1',25, 7,2016,16290.0,12.0,25.7, 0.0,1.49,1.52,1.26
'SEQ_F1_S1',26, 7,2016,17230.0,10.1,26.4, 0.0,1.83,1.39,1.98
'SEQ_F1_S1',27, 7,2016,18900.0,12.0,26.5, 0.0,2.16,1.47,2.32
'SEQ_F1_S1',28, 7,2016,17980.0,10.7,22.9, 0.0,1.98,1.15,2.68
'SEQ_F1_S1',29, 7,2016,19930.0,11.3,23.1, 0.0,1.71,1.52,2.76
'SEQ_F1_S1',30, 7,2016,17730.0,10.0,24.4, 0.0,1.29,1.53,2.79
'SEQ_F1_S1',31, 7,2016,16550.0,11.4,24.7, 0.0,0.99,1.48,2.87
'SEQ_F1_S1', 1, 8,2016,18290.0,11.0,25.2, 0.0,1.58,1.40,2.87
'SEQ_F1_S1', 2, 8,2016,20360.0,11.7,24.3, 0.0,1.82,1.56,3.09
'SEQ_F1_S1', 3, 8,2016,20670.0,11.0,24.7, 0.0,1.47,1.58,3.24
'SEQ_F1_S1', 4, 8,2016,20200.0,11.4,24.4, 0.0,1.24,1.57,2.68
'SEQ_F1_S1', 5, 8,2016,17600.0,15.7,23.7, 0.0,0.92,1.38,2.94
'SEQ_F1_S1', 6, 8,2016,21130.0,13.5,27.6, 0.0,1.49,1.41,2.99
'SEQ_F1_S1', 7, 8,2016,20770.0,12.4,27.2, 0.0,1.75,1.49,2.94
'SEQ_F1_S1', 8, 8,2016,20820.0,12.9,25.7, 0.0,1.44,1.68,2.93
'SEQ_F1_S1', 9, 8,2016,21130.0,13.4,23.1, 0.0,1.40,1.59,3.02
'SEQ_F1_S1',10, 8,2016,20890.0,11.9,19.1, 0.0,2.06,1.25,2.78
'SEQ_F1_S1',11, 8,2016,20370.0, 7.3,18.9, 0.0,2.45,1.13,3.11
'SEQ_F1_S1',12, 8,2016,22140.0, 9.0,22.1, 0.0,2.20,1.19,2.16
'SEQ_F1_S1',13, 8,2016,20400.0, 6.7,25.2, 0.0,1.03,1.28,1.61
'SEQ_F1_S1',14, 8,2016,20520.0, 9.7,28.4, 0.0,1.74,1.32,2.65
'SEQ_F1_S1',15, 8,2016,21880.0,12.3,29.2, 2.0,2.29,1.72,3.01
'SEQ_F1_S1',16, 8,2016,17310.0,13.4,23.4, 2.0,1.38,1.68,2.34
'SEQ_F1_S1',17, 8,2016,21840.0,12.5,27.8, 0.0,1.61,1.77,2.77
'SEQ_F1_S1',18, 8,2016,21400.0,15.2,28.5, 0.0,2.24,1.95,3.32
'SEQ_F1_S1',19, 8,2016,21460.0,13.0,29.3, 0.0,1.92,1.76,3.29
'SEQ_F1_S1',20, 8,2016,22120.0,14.4,20.6, 8.9,1.48,1.85,3.30
'SEQ_F1_S1',21, 8,2016,23370.0,10.1,19.8,15.0,2.62,1.53,3.25
'SEQ_F1_S1',22, 8,2016,21910.0, 9.4,17.6, 0.0,2.77,1.15,3.63
'SEQ_F1_S1',23, 8,2016,23950.0, 7.3,22.8, 0.0,1.62,1.34,3.30
'SEQ_F1_S1',24, 8,2016,23350.0, 8.5,24.4, 0.0,1.52,1.50,3.19
'SEQ_F1_S1',25, 8,2016,18340.0, 9.5,26.8, 0.0,1.17,1.64,3.00
'SEQ_F1_S1',26, 8,2016,22600.0,10.0,27.1, 0.0,1.37,1.49,1.75
'SEQ_F1_S1',27, 8,2016,19800.0,10.7,27.3, 0.0,1.28,1.34,2.84
'SEQ_F1_S1',28, 8,2016,19520.0,11.1,29.1, 0.0,1.59,1.43,3.46
'SEQ_F1_S1',29, 8,2016,23270.0,13.5,29.4, 0.0,1.49,1.48,3.84
'SEQ_F1_S1',30, 8,2016,22500.0,16.6,26.7, 0.0,2.23,1.72,4.05
'SEQ_F1_S1',31, 8,2016,24830.0,13.9,17.9,18.5,1.14,1.64,3.55
'SEQ_F1_S1', 1, 9,2016,23100.0,12.5,23.9, 0.0,1.62,1.62,3.88
'SEQ_F1_S1', 2, 9,2016,24300.0,11.4,27.1, 0.0,1.62,1.85,2.84
'SEQ_F1_S1', 3, 9,2016,23320.0,16.3,24.6, 0.0,1.68,1.91,2.18
'SEQ_F1_S1', 4, 9,2016,23250.0,15.6,19.9, 0.0,0.91,1.82,3.57
'SEQ_F1_S1', 5, 9,2016,22900.0,14.3,26.5, 0.0,1.25,1.90,3.46
'SEQ_F1_S1', 6, 9,2016,21820.0,15.3,20.4,16.8,1.66,1.83,3.26
'SEQ_F1_S1', 7, 9,2016,22240.0,13.7,20.9, 1.3,1.79,1.58,3.00
'SEQ_F1_S1', 8, 9,2016,23550.0, 9.7,23.1, 0.0,1.26,1.27,3.70
'SEQ_F1_S1', 9, 9,2016,21730.0,11.4,25.2, 0.0,1.77,1.58,3.64
'SEQ_F1_S1',10, 9,2016,21360.0,11.6,27.8, 0.0,1.44,1.85,3.40
'SEQ_F1_S1',11, 9,2016,17230.0,13.3,28.5, 0.0,1.08,1.82,3.56
'SEQ_F1_S1',12, 9,2016,21530.0,14.4,29.8, 0.0,1.33,1.72,3.98
'SEQ_F1_S1',13, 9,2016,20840.0,16.7,30.4, 0.0,2.19,1.30,4.29
'SEQ_F1_S1',14, 9,2016,23020.0,16.7,24.5, 0.0,1.73,1.33,4.33
'SEQ_F1_S1',15, 9,2016,23640.0,14.2,25.4, 0.0,1.66,1.14,4.21
'SEQ_F1_S1',16, 9,2016,23200.0,11.9,24.5, 0.0,2.09,1.49,3.31
'SEQ_F1_S1',17, 9,2016,23680.0,13.0,27.9, 0.0,1.27,1.80,3.39
'SEQ_F1_S1',18, 9,2016,23730.0,15.6,31.1, 1.8,1.91,2.18,3.63
'SEQ_F1_S1',19, 9,2016,19430.0,14.9,28.3, 0.0,1.67,1.99,3.59
'SEQ_F1_S1',20, 9,2016,10640.0,12.3,22.3, 0.0,2.67,1.47,4.64
'SEQ_F1_S1',21, 9,2016, 2660.0, 9.7,22.1, 0.0,3.93,1.22,4.09
'SEQ_F1_S1',22, 9,2016,24690.0,11.9,25.3, 0.0,2.32,1.34,4.24
'SEQ_F1_S1',23, 9,2016,27510.0,11.2,28.2, 0.0,1.57,1.71,3.72
'SEQ_F1_S1',24, 9,2016,15330.0,14.1,26.4, 0.0,2.26,1.65,3.57
'SEQ_F1_S1',25, 9,2016, 6320.0,12.4,21.8, 0.0,2.55,1.49,3.00
'SEQ_F1_S1',26, 9,2016, 9120.0,11.6,24.4, 0.0,2.26,1.41,3.84
'SEQ_F1_S1',27, 9,2016,27160.0, 9.7,26.1, 0.0,2.09,1.39,3.52
'SEQ_F1_S1',28, 9,2016,30000.0, 9.5,27.5, 0.0,1.55,1.50,3.29
'SEQ_F1_S1',29, 9,2016,29800.0,13.2,28.6, 0.0,1.82,1.62,3.24
'SEQ_F1_S1',30, 9,2016,28530.0,12.5,26.7, 0.0,2.41,1.57,3.54
'SEQ_F1_S1', 1,10,2016,27710.0,14.6,26.0, 0.0,3.04,1.65,3.63
'SEQ_F1_S1', 2,10,2016,26310.0,14.9,26.6, 0.0,2.92,1.62,3.19
'SEQ_F1_S1', 3,10,2016,27140.0,12.8,18.9,21.3,1.47,1.66,2.55
'SEQ_F1_S1', 4,10,2016,26000.0,15.3,22.9, 0.0,1.92,1.78,4.43
'SEQ_F1_S1', 5,10,2016,18960.0,14.2,24.0, 0.0,2.24,1.57,4.75
'SEQ_F1_S1', 6,10,2016,25550.0,13.3,24.6, 0.0,2.64,1.46,4.31
'SEQ_F1_S1', 7,10,2016,28550.0,11.7,22.8, 0.0,1.93,1.41,4.96
'SEQ_F1_S1', 8,10,2016,28700.0,11.6,25.4, 0.0,1.25,1.43,5.13
'SEQ_F1_S1', 9,10,2016,25830.0,13.5,27.0, 0.0,2.29,1.49,4.72
'SEQ_F1_S1',10,10,2016,26060.0,14.8,26.7, 0.0,2.69,1.70,4.84
'SEQ_F1_S1',11,10,2016, 5280.0,13.7,28.2, 0.0,1.75,1.92,3.42
'SEQ_F1_S1',12,10,2016,11900.0,15.3,29.8, 1.3,1.77,2.12,4.15
'SEQ_F1_S1',13,10,2016,16090.0,17.7,26.6,16.3,1.96,2.25,4.91
'SEQ_F1_S1',14,10,2016,25820.0,17.2,25.1, 3.6,1.60,2.28,5.00
'SEQ_F1_S1',15,10,2016,29860.0,17.5,27.6, 0.8,1.09,2.39,4.20
'SEQ_F1_S1',16,10,2016,20880.0,17.2,30.6, 0.0,1.11,2.16,4.72
'SEQ_F1_S1',17,10,2016,14510.0,19.0,32.5, 5.6,1.90,2.31,3.90
'SEQ_F1_S1',18,10,2016,29980.0,19.1,29.2, 1.3,1.14,2.45,5.52
'SEQ_F1_S1',19,10,2016,25460.0,18.8,32.7, 0.0,1.14,2.51,4.64
'SEQ_F1_S1',20,10,2016,23480.0,17.8,31.8, 6.6,2.04,2.50,4.66
'SEQ_F1_S1',21,10,2016,24470.0,17.5,25.7, 5.6,2.34,2.15,4.54
'SEQ_F1_S1',22,10,2016,29170.0,16.9,25.7, 0.0,3.24,1.92,4.82
'SEQ_F1_S1',23,10,2016, 8560.0,17.2,29.0, 0.0,1.97,2.11,4.33
'SEQ_F1_S1',24,10,2016,22910.0,17.7,28.3,12.9,1.32,2.33,3.83
