* Source of data    : SEQ_F1_S1 - Piracicaba - SP
* File content      : Input weather file for Swap 3.2 (www.swap.alterra.nl)
* File generated by : R-Script 
* File generated at : 03-Jan-2022
station,DD,MM,YYYY,Rad,Tmin,Tmax,Rain,Wind,Hum,etref
'SEQ_F1_S1', 1, 1,2015,30000.0,20.7,32.7, 0.3,1.30,2.22,6.44
'SEQ_F1_S1', 2, 1,2015,23700.0,20.1,31.5, 8.4,1.00,2.32,5.10
'SEQ_F1_S1', 3, 1,2015,30000.0,20.6,33.0,15.3,1.00,2.27,6.31
'SEQ_F1_S1', 4, 1,2015,16200.0,20.3,29.1, 0.0,0.70,2.37,3.56
'SEQ_F1_S1', 5, 1,2015,27800.0,20.3,31.8,10.9,0.80,2.28,5.73
'SEQ_F1_S1', 6, 1,2015,20100.0,20.1,30.5, 2.2,0.50,2.38,4.22
'SEQ_F1_S1', 7, 1,2015,30000.0,21.4,33.4, 0.0,1.10,2.12,6.48
'SEQ_F1_S1', 8, 1,2015,30000.0,20.1,31.8, 0.0,0.90,2.15,6.13
'SEQ_F1_S1', 9, 1,2015,28900.0,19.3,32.6, 0.5,1.10,2.12,6.09
'SEQ_F1_S1',10, 1,2015,30000.0,20.8,33.6, 0.7,0.60,1.97,6.12
'SEQ_F1_S1',11, 1,2015,29000.0,21.5,32.7, 1.1,1.20,2.08,6.32
'SEQ_F1_S1',12, 1,2015,30000.0,20.1,32.1, 0.3,1.40,1.98,6.45
'SEQ_F1_S1',13, 1,2015,30000.0,20.4,32.6, 1.5,0.50,1.93,5.95
'SEQ_F1_S1',14, 1,2015,26800.0,20.7,31.0, 0.0,1.00,2.15,5.62
'SEQ_F1_S1',15, 1,2015,30000.0,19.2,31.5, 0.0,1.10,2.10,6.13
'SEQ_F1_S1',16, 1,2015,30000.0,20.3,32.5, 0.0,0.90,1.95,6.21
'SEQ_F1_S1',17, 1,2015,29600.0,20.7,31.8, 0.0,0.80,2.00,6.04
'SEQ_F1_S1',18, 1,2015,30000.0,20.9,32.9, 0.0,0.90,1.79,6.28
'SEQ_F1_S1',19, 1,2015,30000.0,20.8,33.1, 0.0,1.40,1.74,6.70
'SEQ_F1_S1',20, 1,2015,30000.0,20.3,33.3, 0.0,0.80,1.75,6.19
'SEQ_F1_S1',21, 1,2015,20400.0,18.6,31.7,11.8,1.60,2.23,4.79
'SEQ_F1_S1',22, 1,2015,24300.0,19.6,27.3, 0.0,2.40,2.23,4.93
'SEQ_F1_S1',23, 1,2015,21000.0,18.5,26.2, 0.0,1.90,2.24,4.11
'SEQ_F1_S1',24, 1,2015,28400.0,17.6,28.6, 0.0,1.30,2.18,5.42
'SEQ_F1_S1',25, 1,2015,28800.0,16.9,28.6,16.0,1.30,2.18,5.43
'SEQ_F1_S1',26, 1,2015,25300.0,17.6,29.4, 9.8,1.10,2.34,4.94
'SEQ_F1_S1',27, 1,2015,26400.0,18.6,28.0, 0.0,0.70,2.28,5.02
'SEQ_F1_S1',28, 1,2015,17800.0,20.3,27.8, 0.0,0.70,2.36,3.71
'SEQ_F1_S1',29, 1,2015,21300.0,19.3,28.6,10.0,1.30,2.35,4.38
'SEQ_F1_S1',30, 1,2015,21500.0,20.2,29.5, 0.9,0.80,2.34,4.46
'SEQ_F1_S1',31, 1,2015,26800.0,19.2,30.8, 0.0,1.70,2.28,5.63
'SEQ_F1_S1', 1, 2,2015,30000.0,19.2,30.8, 0.0,1.40,2.24,6.05
'SEQ_F1_S1', 2, 2,2015,24600.0,18.8,29.2, 6.6,0.90,2.34,4.85
'SEQ_F1_S1', 3, 2,2015,30000.0,17.4,31.9, 0.2,0.50,2.18,5.76
'SEQ_F1_S1', 4, 2,2015,14400.0,18.7,26.5, 4.2,0.50,2.32,2.96
'SEQ_F1_S1', 5, 2,2015, 4600.0,18.3,23.3,19.4,0.70,2.23,1.30
'SEQ_F1_S1', 6, 2,2015,17100.0,18.2,27.4, 0.6,0.50,2.35,3.42
'SEQ_F1_S1', 7, 2,2015,29500.0,18.2,28.7, 0.0,0.60,2.27,5.50
'SEQ_F1_S1', 8, 2,2015,28600.0,17.7,29.4, 0.0,0.80,2.25,5.41
'SEQ_F1_S1', 9, 2,2015,22600.0,19.1,29.1, 0.0,0.70,2.34,4.49
'SEQ_F1_S1',10, 2,2015,14800.0,19.2,27.6,24.2,0.80,2.37,3.14
'SEQ_F1_S1',11, 2,2015,25300.0,19.9,30.2, 0.2,0.60,2.36,5.01
'SEQ_F1_S1',12, 2,2015,23200.0,20.7,32.3, 0.0,0.50,2.33,4.80
'SEQ_F1_S1',13, 2,2015,11200.0,20.6,27.1, 4.5,0.60,2.38,2.55
'SEQ_F1_S1',14, 2,2015,23800.0,19.2,32.2,11.6,0.60,2.39,4.86
'SEQ_F1_S1',15, 2,2015,18000.0,18.4,29.0,18.5,0.70,2.39,3.68
'SEQ_F1_S1',16, 2,2015,15800.0,19.2,27.4,16.9,0.30,2.37,3.19
'SEQ_F1_S1',17, 2,2015,16000.0,19.7,28.6,18.9,0.50,2.39,3.34
'SEQ_F1_S1',18, 2,2015,16100.0,19.4,27.6, 9.7,1.00,2.37,3.37
'SEQ_F1_S1',19, 2,2015,16600.0,21.1,28.0, 0.0,1.00,2.40,3.58
'SEQ_F1_S1',20, 2,2015,19600.0,21.2,30.1, 0.0,0.70,2.34,4.15
'SEQ_F1_S1',21, 2,2015,28400.0,19.6,33.0, 0.0,1.00,2.13,5.87
'SEQ_F1_S1',22, 2,2015,27100.0,19.5,30.7, 0.0,1.30,2.20,5.52
'SEQ_F1_S1',23, 2,2015,28300.0,18.9,31.1, 0.0,0.90,2.10,5.57
'SEQ_F1_S1',24, 2,2015,30000.0,19.7,32.0, 0.0,1.10,2.09,6.07
'SEQ_F1_S1',25, 2,2015,19400.0,18.5,29.3,33.6,0.70,2.39,3.89
'SEQ_F1_S1',26, 2,2015,30000.0,19.0,30.6, 1.1,0.70,2.28,5.72
'SEQ_F1_S1',27, 2,2015,26500.0,18.9,30.2, 1.7,1.10,2.33,5.19
'SEQ_F1_S1',28, 2,2015,21300.0,18.6,29.4, 2.2,1.50,2.37,4.35
'SEQ_F1_S1', 1, 3,2015,28300.0,18.3,27.9, 0.0,2.40,2.22,5.31
'SEQ_F1_S1', 2, 3,2015,30000.0,16.6,29.2, 0.0,1.40,2.16,5.57
'SEQ_F1_S1', 3, 3,2015,25400.0,17.5,29.4, 0.0,1.40,2.21,4.93
'SEQ_F1_S1', 4, 3,2015,25500.0,18.2,30.1, 0.0,1.10,2.20,5.00
'SEQ_F1_S1', 5, 3,2015,25000.0,18.6,29.3, 0.0,0.90,2.23,4.80
'SEQ_F1_S1', 6, 3,2015,16400.0,18.9,27.5, 0.0,1.20,2.35,3.37
'SEQ_F1_S1', 7, 3,2015,16100.0,18.5,27.9, 6.1,0.60,2.37,3.23
'SEQ_F1_S1', 8, 3,2015,10600.0,19.8,25.2, 1.4,0.40,2.33,2.26
'SEQ_F1_S1', 9, 3,2015, 9300.0,20.7,24.2,10.4,0.60,2.32,2.07
'SEQ_F1_S1',10, 3,2015,15700.0,20.0,26.6,13.4,0.60,2.36,3.14
'SEQ_F1_S1',11, 3,2015,21300.0,19.6,28.8, 1.7,0.90,2.39,4.18
'SEQ_F1_S1',12, 3,2015,14700.0,18.3,26.5, 0.1,0.50,2.33,2.89
'SEQ_F1_S1',13, 3,2015,17200.0,19.8,27.9, 0.0,0.60,2.39,3.42
'SEQ_F1_S1',14, 3,2015,10900.0,19.6,25.7, 5.3,0.30,2.33,2.28
'SEQ_F1_S1',15, 3,2015,15300.0,18.4,29.6,16.1,0.40,2.39,3.11
'SEQ_F1_S1',16, 3,2015,22200.0,19.1,31.1, 1.3,0.50,2.35,4.32
'SEQ_F1_S1',17, 3,2015,13700.0,19.5,27.5, 0.5,0.40,2.37,2.79
'SEQ_F1_S1',18, 3,2015,10400.0,18.8,26.0, 0.0,0.30,2.33,2.18
'SEQ_F1_S1',19, 3,2015, 9400.0,19.3,23.5, 5.5,0.30,2.27,1.96
'SEQ_F1_S1',20, 3,2015,12800.0,19.1,26.7, 7.1,0.30,2.35,2.57
'SEQ_F1_S1',21, 3,2015,13100.0,18.9,26.0,13.9,0.40,2.33,2.60
'SEQ_F1_S1',22, 3,2015,15900.0,18.2,27.2, 2.3,0.40,2.35,3.04
'SEQ_F1_S1',23, 3,2015,24800.0,17.6,29.0, 0.0,0.80,2.26,4.52
'SEQ_F1_S1',24, 3,2015,24100.0,16.9,29.1, 0.0,0.80,2.24,4.39
'SEQ_F1_S1',25, 3,2015,25400.0,17.4,29.6, 0.0,0.60,2.23,4.59
'SEQ_F1_S1',26, 3,2015,21400.0,16.3,29.2, 0.0,0.40,2.27,3.88
'SEQ_F1_S1',27, 3,2015,22100.0,18.7,30.0, 0.0,0.50,2.21,4.13
'SEQ_F1_S1',28, 3,2015,19600.0,18.4,29.1, 0.0,0.50,2.28,3.69
'SEQ_F1_S1',29, 3,2015,15500.0,19.6,27.5, 4.3,0.40,2.37,3.01
'SEQ_F1_S1',30, 3,2015, 8200.0,20.5,27.6, 6.2,0.30,2.39,1.89
'SEQ_F1_S1',31, 3,2015,20400.0,19.4,29.5, 0.0,1.00,2.32,4.00
'SEQ_F1_S1', 1, 4,2015,24800.0,17.3,28.9, 0.0,0.80,2.23,4.42
'SEQ_F1_S1', 2, 4,2015,25200.0,17.2,27.7, 0.0,1.40,2.16,4.45
'SEQ_F1_S1', 3, 4,2015,25100.0,14.4,26.8, 0.0,0.60,2.13,4.12
'SEQ_F1_S1', 4, 4,2015,18800.0,15.6,27.6, 0.1,0.50,2.29,3.32
'SEQ_F1_S1', 5, 4,2015,14100.0,18.0,25.1, 6.8,1.10,2.29,2.63
'SEQ_F1_S1', 6, 4,2015,20700.0,19.0,27.9, 0.0,1.60,2.32,3.92
'SEQ_F1_S1', 7, 4,2015,16500.0,15.8,23.2, 0.0,2.00,2.09,2.66
'SEQ_F1_S1', 8, 4,2015,22400.0,14.9,26.6, 0.0,0.90,2.15,3.71
'SEQ_F1_S1', 9, 4,2015,22200.0,14.6,26.6, 0.0,0.70,2.17,3.65
'SEQ_F1_S1',10, 4,2015,21200.0,15.4,26.7, 0.0,0.80,2.19,3.56
'SEQ_F1_S1',11, 4,2015,23400.0,15.1,26.8, 0.0,0.60,2.16,3.83
'SEQ_F1_S1',12, 4,2015,22900.0,14.7,26.4, 0.0,0.80,2.13,3.71
'SEQ_F1_S1',13, 4,2015,22400.0,14.3,26.7, 0.0,0.70,2.16,3.63
'SEQ_F1_S1',14, 4,2015,19200.0,15.4,27.2, 0.0,0.50,2.24,3.26
'SEQ_F1_S1',15, 4,2015,15000.0,17.3,26.1, 0.0,0.80,2.29,2.71
'SEQ_F1_S1',16, 4,2015,19600.0,17.1,27.4, 0.1,1.20,2.29,3.45
'SEQ_F1_S1',17, 4,2015,22500.0,16.0,27.3, 0.0,0.90,2.19,3.75
'SEQ_F1_S1',18, 4,2015,16700.0,17.0,28.2, 0.0,0.70,2.26,3.05
'SEQ_F1_S1',19, 4,2015,12500.0,18.3,28.4, 4.1,0.50,2.37,2.46
'SEQ_F1_S1',20, 4,2015,20700.0,19.2,30.7, 0.1,0.60,2.36,3.80
'SEQ_F1_S1',21, 4,2015,16600.0,20.2,30.2, 0.0,1.20,2.36,3.47
'SEQ_F1_S1',22, 4,2015,13200.0,19.4,26.8, 0.0,1.20,2.36,2.63
'SEQ_F1_S1',23, 4,2015,19200.0,17.9,27.8, 0.0,0.80,2.31,3.36
'SEQ_F1_S1',24, 4,2015,16800.0,16.7,26.9, 0.0,0.60,2.28,2.89
'SEQ_F1_S1',25, 4,2015,20700.0,14.9,24.9, 0.0,1.40,2.10,3.17
'SEQ_F1_S1',26, 4,2015,21000.0,13.5,24.5, 0.0,1.40,2.09,3.05
'SEQ_F1_S1',27, 4,2015,19300.0,13.3,25.6, 0.0,0.40,2.08,2.98
'SEQ_F1_S1',28, 4,2015,18300.0,13.9,26.4, 0.0,0.50,2.15,2.91
'SEQ_F1_S1',29, 4,2015,17600.0,14.1,24.3, 0.0,1.10,2.09,2.68
'SEQ_F1_S1',30, 4,2015,19400.0,14.1,23.3, 0.0,1.10,2.06,2.79
'SEQ_F1_S1', 1, 5,2015,20800.0,11.5,24.7, 0.0,0.50,2.05,3.00
'SEQ_F1_S1', 2, 5,2015,19100.0,11.9,26.1, 0.0,0.50,2.11,2.88
'SEQ_F1_S1', 3, 5,2015,16700.0,15.0,26.4, 0.0,1.00,2.17,2.75
'SEQ_F1_S1', 4, 5,2015, 8100.0,16.9,23.3,13.4,0.90,2.20,1.55
'SEQ_F1_S1', 5, 5,2015,18300.0,16.9,26.4, 0.0,1.40,2.26,3.03
'SEQ_F1_S1', 6, 5,2015,15900.0,14.7,24.8, 0.0,0.70,2.19,2.47
'SEQ_F1_S1', 7, 5,2015,18100.0,12.5,23.9, 0.2,1.00,2.07,2.54
'SEQ_F1_S1', 8, 5,2015,19900.0,14.8,22.0, 0.0,1.10,2.00,2.72
'SEQ_F1_S1', 9, 5,2015,20400.0,11.3,25.6, 0.0,0.50,2.07,2.94
'SEQ_F1_S1',10, 5,2015,13400.0,13.7,26.1,19.9,1.00,2.21,2.19
'SEQ_F1_S1',11, 5,2015, 8300.0,16.0,21.4, 0.0,0.80,2.10,1.43
'SEQ_F1_S1',12, 5,2015,15100.0,12.4,24.0, 0.2,0.50,2.09,2.22
'SEQ_F1_S1',13, 5,2015,10900.0,15.0,21.7, 0.0,1.20,2.06,1.67
'SEQ_F1_S1',14, 5,2015,18700.0,13.5,24.7, 0.0,0.70,2.10,2.68
'SEQ_F1_S1',15, 5,2015,11800.0,13.2,22.6, 0.0,0.40,2.04,1.81
'SEQ_F1_S1',16, 5,2015,18100.0,10.8,23.1, 0.0,0.50,1.97,2.43
'SEQ_F1_S1',17, 5,2015,15900.0,11.5,23.7, 0.1,0.50,2.04,2.23
'SEQ_F1_S1',18, 5,2015, 8400.0,14.6,22.3, 1.2,0.20,2.09,1.44
'SEQ_F1_S1',19, 5,2015,11700.0,16.5,24.2, 2.1,0.60,2.22,1.92
'SEQ_F1_S1',20, 5,2015,11300.0,15.5,22.8, 0.0,0.40,2.13,1.79
'SEQ_F1_S1',21, 5,2015,14700.0,15.6,25.4, 0.0,0.50,2.19,2.29
'SEQ_F1_S1',22, 5,2015,16800.0,14.4,25.5, 0.0,0.50,2.16,2.49
'SEQ_F1_S1',23, 5,2015,12100.0,14.1,23.3, 0.0,0.50,2.11,1.84
'SEQ_F1_S1',24, 5,2015,15200.0,12.9,26.0, 0.0,0.60,2.17,2.27
'SEQ_F1_S1',25, 5,2015,17000.0,13.8,28.0, 0.0,0.50,2.18,2.60
'SEQ_F1_S1',26, 5,2015,16200.0,16.8,27.3, 0.0,0.70,2.28,2.59
'SEQ_F1_S1',27, 5,2015,17200.0,15.7,26.8, 0.0,1.00,2.17,2.68
'SEQ_F1_S1',28, 5,2015, 2700.0,16.6,18.4, 5.7,0.20,2.00,0.75
'SEQ_F1_S1',29, 5,2015,14200.0,13.5,23.0, 8.7,0.70,2.08,1.98
'SEQ_F1_S1',30, 5,2015,14300.0,10.5,24.3, 4.1,0.40,2.06,1.98
'SEQ_F1_S1',31, 5,2015, 4100.0,13.4,19.6,23.8,0.20,1.91,0.88
'SEQ_F1_S1', 1, 6,2015, 7300.0,16.2,22.6, 0.3,0.80,2.15,1.31
'SEQ_F1_S1', 2, 6,2015, 6400.0,16.2,21.2, 0.0,0.60,2.09,1.16
'SEQ_F1_S1', 3, 6,2015,15400.0,14.1,25.8, 0.1,0.40,2.22,2.25
'SEQ_F1_S1', 4, 6,2015,17700.0,13.6,26.9, 0.1,0.50,2.22,2.55
'SEQ_F1_S1', 5, 6,2015,18100.0,13.5,26.1, 0.0,0.50,2.13,2.58
'SEQ_F1_S1', 6, 6,2015,17600.0,12.4,26.0, 0.0,0.80,2.12,2.44
'SEQ_F1_S1', 7, 6,2015,15500.0,14.2,26.5, 0.0,0.50,2.17,2.29
'SEQ_F1_S1', 8, 6,2015,16300.0,12.8,26.5, 0.0,0.40,2.12,2.32
'SEQ_F1_S1', 9, 6,2015,15800.0,12.8,26.4, 0.0,0.50,2.12,2.27
'SEQ_F1_S1',10, 6,2015,16800.0,13.3,26.3, 0.0,0.50,2.10,2.38
'SEQ_F1_S1',11, 6,2015,17100.0,12.2,26.1, 0.0,0.70,2.08,2.37
'SEQ_F1_S1',12, 6,2015,14700.0,13.8,25.0, 0.0,0.60,2.15,2.10
'SEQ_F1_S1',13, 6,2015,16400.0,12.9,26.5, 0.0,0.70,2.13,2.34
'SEQ_F1_S1',14, 6,2015,15700.0,13.8,26.7, 0.0,1.50,2.10,2.44
'SEQ_F1_S1',15, 6,2015, 2600.0,13.4,19.7, 1.4,0.40,1.92,0.70
'SEQ_F1_S1',16, 6,2015,12600.0,12.3,21.2, 0.0,0.30,1.97,1.69
'SEQ_F1_S1',17, 6,2015,14800.0,13.3,26.1, 0.0,0.40,2.18,2.13
'SEQ_F1_S1',18, 6,2015,14800.0,14.2,26.8, 0.0,1.50,2.18,2.31
'SEQ_F1_S1',19, 6,2015, 8100.0,13.5,19.2, 0.0,1.90,1.89,1.05
'SEQ_F1_S1',20, 6,2015,17100.0,12.7,22.3, 0.0,1.10,1.97,2.09
'SEQ_F1_S1',21, 6,2015,16800.0,11.3,23.8, 0.0,0.50,2.02,2.16
'SEQ_F1_S1',22, 6,2015,17000.0,12.0,24.5, 0.0,0.60,2.05,2.23
'SEQ_F1_S1',23, 6,2015,16100.0,12.1,24.2, 0.0,0.70,2.03,2.13
'SEQ_F1_S1',24, 6,2015, 7200.0,14.5,18.9, 0.0,1.70,1.91,1.01
'SEQ_F1_S1',25, 6,2015,16600.0,13.7,21.6, 0.0,1.70,1.96,1.99
'SEQ_F1_S1',26, 6,2015,17200.0,11.1,21.6, 0.0,0.90,1.90,2.01
'SEQ_F1_S1',27, 6,2015,17800.0, 8.8,21.9, 0.0,0.60,1.84,2.11
'SEQ_F1_S1',28, 6,2015,17000.0, 8.0,21.7, 0.0,0.60,1.81,1.95
'SEQ_F1_S1',29, 6,2015,17200.0, 8.8,23.4, 0.0,0.90,1.91,2.05
'SEQ_F1_S1',30, 6,2015,12900.0,11.9,23.2, 0.0,1.30,1.98,1.73
'SEQ_F1_S1', 1, 7,2015, 4900.0,14.4,19.7, 2.9,0.30,1.97,0.94
'SEQ_F1_S1', 2, 7,2015, 6200.0,15.6,20.6, 0.1,0.30,2.05,1.11
'SEQ_F1_S1', 3, 7,2015, 3800.0,15.6,18.7, 0.9,0.30,1.97,0.84
'SEQ_F1_S1', 4, 7,2015, 7300.0,13.5,22.1, 2.0,0.90,2.05,1.18
'SEQ_F1_S1', 5, 7,2015, 4700.0,12.5,16.2, 0.0,0.30,1.65,0.87
'SEQ_F1_S1', 6, 7,2015,14300.0,12.5,23.5, 0.0,0.40,2.05,1.97
'SEQ_F1_S1', 7, 7,2015, 3700.0,15.4,19.0, 6.7,0.20,1.98,0.84
'SEQ_F1_S1', 8, 7,2015, 2600.0,16.3,18.8, 7.3,0.50,2.00,0.72
'SEQ_F1_S1', 9, 7,2015, 9900.0,14.8,22.6, 0.0,0.70,2.10,1.53
'SEQ_F1_S1',10, 7,2015,15800.0,12.7,27.1, 0.1,0.60,2.20,2.32
'SEQ_F1_S1',11, 7,2015, 7900.0,15.7,21.5, 4.6,0.40,2.09,1.32
'SEQ_F1_S1',12, 7,2015,17200.0,14.2,29.3, 0.1,0.80,2.24,2.73
'SEQ_F1_S1',13, 7,2015,17600.0,16.7,29.4, 0.0,1.20,2.10,3.07
'SEQ_F1_S1',14, 7,2015,16300.0,15.4,28.5, 0.0,1.00,2.10,2.72
'SEQ_F1_S1',15, 7,2015,12800.0,14.8,26.6, 0.0,0.50,2.18,2.06
'SEQ_F1_S1',16, 7,2015,11000.0,15.1,24.9, 0.0,0.50,2.16,1.79
'SEQ_F1_S1',17, 7,2015,11300.0,13.8,24.1, 0.0,0.60,2.14,1.74
'SEQ_F1_S1',18, 7,2015,14900.0,11.7,25.0, 0.0,0.40,2.05,2.13
'SEQ_F1_S1',19, 7,2015,18200.0,11.6,25.3, 0.0,1.00,2.01,2.51
'SEQ_F1_S1',20, 7,2015,17900.0,11.1,25.4, 0.0,1.20,1.99,2.48
'SEQ_F1_S1',21, 7,2015, 8200.0,13.9,21.5, 0.0,0.80,1.97,1.35
'SEQ_F1_S1',22, 7,2015,16900.0,12.0,21.0, 0.0,1.20,1.92,2.03
'SEQ_F1_S1',23, 7,2015,15900.0,11.3,24.2, 0.0,0.40,2.05,2.22
'SEQ_F1_S1',24, 7,2015,15200.0,12.6,25.5, 1.5,0.80,2.11,2.25
'SEQ_F1_S1',25, 7,2015, 9500.0,14.8,23.3,13.1,0.40,2.13,1.58
'SEQ_F1_S1',26, 7,2015, 8800.0,14.0,21.8, 0.0,0.40,2.05,1.44
'SEQ_F1_S1',27, 7,2015,16700.0,11.4,23.9, 0.0,0.40,2.04,2.33
'SEQ_F1_S1',28, 7,2015,19600.0, 8.5,25.0, 0.0,0.50,1.96,2.65
'SEQ_F1_S1',29, 7,2015,19600.0,10.0,25.4, 0.0,0.60,1.97,2.72
'SEQ_F1_S1',30, 7,2015,19600.0, 8.8,25.4, 0.0,0.40,1.96,2.69
'SEQ_F1_S1',31, 7,2015,19400.0, 9.8,26.0, 0.0,0.60,2.01,2.71
'SEQ_F1_S1', 1, 8,2015,18800.0,11.7,25.7, 0.0,0.40,2.02,2.70
'SEQ_F1_S1', 2, 8,2015,19900.0, 9.9,25.8, 0.0,0.70,1.98,2.80
'SEQ_F1_S1', 3, 8,2015,20400.0,10.7,27.3, 0.0,0.80,2.01,3.06
'SEQ_F1_S1', 4, 8,2015,20200.0,11.8,26.9, 0.0,0.40,1.99,2.99
'SEQ_F1_S1', 5, 8,2015,18600.0,10.4,26.1, 0.0,0.60,1.97,2.71
'SEQ_F1_S1', 6, 8,2015,19400.0,12.2,26.7, 0.0,0.70,1.98,2.93
'SEQ_F1_S1', 7, 8,2015,19800.0,11.6,27.4, 0.0,0.70,1.99,3.01
'SEQ_F1_S1', 8, 8,2015,20200.0,11.2,26.8, 0.0,0.60,1.98,3.00
'SEQ_F1_S1', 9, 8,2015,19900.0,12.0,25.9, 0.0,0.70,1.98,2.95
'SEQ_F1_S1',10, 8,2015,20900.0,12.1,26.1, 0.0,0.80,2.02,3.11
'SEQ_F1_S1',11, 8,2015,21300.0,11.5,26.3, 0.0,0.70,1.97,3.19
'SEQ_F1_S1',12, 8,2015,20800.0,11.0,24.9, 0.0,0.70,1.94,2.97
'SEQ_F1_S1',13, 8,2015,21500.0,10.3,25.7, 0.0,0.70,1.95,3.13
'SEQ_F1_S1',14, 8,2015,21500.0,10.8,25.0, 0.0,0.80,1.96,3.09
'SEQ_F1_S1',15, 8,2015,20100.0,11.7,26.4, 0.0,0.80,1.97,3.07
'SEQ_F1_S1',16, 8,2015,20800.0,11.4,26.9, 0.0,1.10,1.96,3.23
'SEQ_F1_S1',17, 8,2015,21800.0,13.3,26.6, 0.0,1.00,1.96,3.44
'SEQ_F1_S1',18, 8,2015,13500.0,13.0,26.3, 0.0,1.10,1.97,2.44
'SEQ_F1_S1',19, 8,2015,20800.0,14.8,26.6, 0.0,1.70,1.96,3.53
'SEQ_F1_S1',20, 8,2015,22000.0,11.6,22.8, 0.0,2.20,1.93,2.83
'SEQ_F1_S1',21, 8,2015,22100.0,13.1,23.8, 0.0,1.30,1.99,3.17
'SEQ_F1_S1',22, 8,2015,22600.0,10.9,25.5, 0.0,0.70,1.97,3.35
'SEQ_F1_S1',23, 8,2015,22400.0,10.0,28.5, 0.0,1.00,1.98,3.57
'SEQ_F1_S1',24, 8,2015,13700.0,14.4,24.4, 6.6,1.90,2.13,2.26
'SEQ_F1_S1',25, 8,2015, 9100.0,15.0,23.5, 8.9,0.90,2.16,1.67
'SEQ_F1_S1',26, 8,2015,19700.0,13.5,27.9, 0.3,0.50,2.21,3.26
'SEQ_F1_S1',27, 8,2015, 2100.0,14.8,19.2,17.1,0.50,1.95,0.70
'SEQ_F1_S1',28, 8,2015,20700.0,13.1,24.9, 0.1,1.30,2.09,3.13
'SEQ_F1_S1',29, 8,2015,24300.0,10.4,28.0, 0.0,0.40,2.04,3.85
'SEQ_F1_S1',30, 8,2015,23500.0,11.8,30.5, 0.0,0.50,2.02,3.91
'SEQ_F1_S1',31, 8,2015,23630.0,13.1,29.8, 0.0,0.70,2.09,4.00
'SEQ_F1_S1', 1, 9,2015,24080.0,13.3,29.2, 0.0,1.35,2.23,4.10
'SEQ_F1_S1', 2, 9,2015,23850.0,14.0,24.7, 0.0,1.34,2.04,3.64
'SEQ_F1_S1', 3, 9,2015,22790.0,12.1,27.3, 0.0,0.77,2.11,3.65
'SEQ_F1_S1', 4, 9,2015,16950.0,13.2,24.2, 0.1,1.21,2.13,2.65
'SEQ_F1_S1', 5, 9,2015,18580.0,13.9,23.6, 0.0,1.27,2.09,2.86
'SEQ_F1_S1', 6, 9,2015,13490.0,12.6,24.1, 0.1,0.39,2.11,2.28
'SEQ_F1_S1', 7, 9,2015,11300.0,15.9,24.8, 8.1,1.01,2.40,1.99
'SEQ_F1_S1', 8, 9,2015, 3180.0,16.8,21.4,57.8,1.13,2.24,0.82
'SEQ_F1_S1', 9, 9,2015,12570.0,16.2,24.0, 0.1,0.59,2.38,2.20
'SEQ_F1_S1',10, 9,2015,10110.0,14.5,24.5,13.9,1.28,2.36,1.71
'SEQ_F1_S1',11, 9,2015, 6280.0,17.1,24.4,18.0,1.32,2.49,1.26
'SEQ_F1_S1',12, 9,2015, 8690.0,15.2,22.0, 1.7,0.71,2.19,1.58
'SEQ_F1_S1',13, 9,2015,21680.0,13.4,23.8, 0.2,1.23,2.09,3.27
'SEQ_F1_S1',14, 9,2015,24350.0,11.6,26.6, 0.0,0.80,2.19,3.84
'SEQ_F1_S1',15, 9,2015,24320.0,13.4,31.3, 0.0,0.66,2.74,4.31
'SEQ_F1_S1',16, 9,2015,25220.0,17.4,31.7, 0.0,1.48,2.47,4.88
'SEQ_F1_S1',17, 9,2015,23620.0,17.5,31.1, 0.0,1.01,2.14,4.58
'SEQ_F1_S1',18, 9,2015,25410.0,16.9,32.2, 0.0,0.69,2.32,4.77
'SEQ_F1_S1',19, 9,2015,26010.0,16.6,31.9, 0.0,0.74,2.07,4.86
'SEQ_F1_S1',20, 9,2015,25790.0,15.5,31.7, 0.0,0.77,2.33,4.76
'SEQ_F1_S1',21, 9,2015,25590.0,15.7,30.6, 0.0,0.51,2.12,4.58
'SEQ_F1_S1',22, 9,2015,26460.0,15.2,30.4, 0.0,0.79,1.87,4.79
'SEQ_F1_S1',23, 9,2015,26250.0,15.2,30.7, 0.0,0.83,1.89,4.82
'SEQ_F1_S1',24, 9,2015,26500.0,15.3,32.0, 0.0,0.81,1.95,4.97
'SEQ_F1_S1',25, 9,2015,18850.0,16.4,29.1,11.3,1.45,2.42,3.64
'SEQ_F1_S1',26, 9,2015,13440.0,18.6,28.0, 9.8,0.86,2.97,2.54
'SEQ_F1_S1',27, 9,2015,22900.0,19.4,31.5, 8.4,0.78,2.99,4.46
'SEQ_F1_S1',28, 9,2015,10340.0,18.4,25.6,16.5,1.19,2.70,1.92
'SEQ_F1_S1',29, 9,2015,18640.0,17.9,27.1,13.6,0.69,2.82,3.36
'SEQ_F1_S1',30, 9,2015,18960.0,17.8,30.1,21.8,0.85,3.13,3.54
'SEQ_F1_S1', 1,10,2015,22760.0,18.5,30.6, 0.0,1.18,2.97,4.27
'SEQ_F1_S1', 2,10,2015,25860.0,17.6,32.8, 0.0,0.86,3.06,4.99
'SEQ_F1_S1', 3,10,2015,13780.0,19.5,27.2, 2.5,0.92,2.78,2.68
'SEQ_F1_S1', 4,10,2015,13250.0,17.9,25.6, 0.0,0.70,2.62,2.48
'SEQ_F1_S1', 5,10,2015,30000.0,15.3,26.0, 0.0,1.67,2.28,4.86
'SEQ_F1_S1', 6,10,2015,29660.0,13.9,28.5, 0.0,0.96,2.39,5.11
'SEQ_F1_S1', 7,10,2015,29020.0,14.1,30.4, 0.0,0.62,2.47,5.21
'SEQ_F1_S1', 8,10,2015,29200.0,17.4,31.4, 0.0,1.10,2.38,5.61
'SEQ_F1_S1', 9,10,2015,25790.0,17.0,29.2,13.6,1.66,2.36,4.83
'SEQ_F1_S1',10,10,2015,18150.0,17.4,26.8, 3.2,0.79,2.75,3.27
'SEQ_F1_S1',11,10,2015,18430.0,19.1,28.6, 0.0,1.10,2.91,3.47
'SEQ_F1_S1',12,10,2015,23350.0,17.6,26.5, 0.0,1.65,2.42,4.09
'SEQ_F1_S1',13,10,2015,24670.0,16.0,28.2, 1.9,1.16,2.57,4.35
'SEQ_F1_S1',14,10,2015,29270.0,16.1,32.7, 0.0,0.93,2.62,5.60
'SEQ_F1_S1',15,10,2015,29100.0,17.9,32.3, 0.0,1.25,2.34,5.79
'SEQ_F1_S1',16,10,2015,26010.0,17.8,32.9, 0.0,0.84,2.55,5.21
'SEQ_F1_S1',17,10,2015,28180.0,17.0,31.2, 0.0,1.70,2.74,5.25
'SEQ_F1_S1',18,10,2015,27950.0,15.3,24.1, 0.0,2.61,2.09,4.32
'SEQ_F1_S1',19,10,2015,29010.0,14.7,29.6, 0.0,1.07,2.45,5.16
'SEQ_F1_S1',20,10,2015,27530.0,16.2,33.0, 0.0,1.29,2.49,5.51
'SEQ_F1_S1',21,10,2015,23040.0,19.7,30.0, 5.5,1.31,2.66,4.60
'SEQ_F1_S1',22,10,2015,17480.0,16.9,30.3,12.9,1.31,3.06,3.24
'SEQ_F1_S1',23,10,2015,17700.0,17.4,25.7, 0.0,1.32,2.58,3.10
'SEQ_F1_S1',24,10,2015,30000.0,16.5,27.3, 0.0,2.83,2.47,4.85
'SEQ_F1_S1',25,10,2015,30000.0,16.3,28.4, 1.8,1.66,2.54,5.17
'SEQ_F1_S1',26,10,2015,23370.0,16.3,29.6, 7.0,0.80,3.00,4.27
'SEQ_F1_S1',27,10,2015,20860.0,20.2,30.0, 0.9,0.76,3.20,4.10
'SEQ_F1_S1',28,10,2015,12440.0,19.6,27.6, 0.0,1.35,2.90,2.45
'SEQ_F1_S1',29,10,2015,29880.0,18.1,28.2, 0.1,2.06,2.57,5.25
'SEQ_F1_S1',30,10,2015,30000.0,16.9,30.0, 0.0,0.75,2.47,5.58
'SEQ_F1_S1',31,10,2015,12680.0,17.9,26.0,18.4,0.84,2.52,2.53
'SEQ_F1_S1', 1,11,2015, 7650.0,19.2,23.8, 9.8,1.15,2.59,1.56
'SEQ_F1_S1', 2,11,2015,16410.0,20.5,29.4, 5.4,0.78,3.26,3.27
'SEQ_F1_S1', 3,11,2015,12520.0,20.8,26.9, 6.5,0.63,3.00,2.54
'SEQ_F1_S1', 4,11,2015,15250.0,20.1,30.2,28.6,0.61,3.32,3.12
'SEQ_F1_S1', 5,11,2015,17110.0,19.5,27.6, 1.8,0.49,2.97,3.36
'SEQ_F1_S1', 6,11,2015,16640.0,19.1,28.0, 0.1,0.99,2.99,3.15
'SEQ_F1_S1', 7,11,2015,11070.0,17.7,25.0, 0.0,0.84,2.54,2.17
'SEQ_F1_S1', 8,11,2015, 9600.0,17.6,24.4, 0.6,0.49,2.54,1.96
'SEQ_F1_S1', 9,11,2015,20280.0,19.1,30.4, 0.6,0.64,3.13,4.04
'SEQ_F1_S1',10,11,2015,26680.0,18.5,31.9, 0.0,0.58,2.94,5.30
'SEQ_F1_S1',11,11,2015,25800.0,19.8,30.7, 0.0,0.84,3.07,5.06
'SEQ_F1_S1',12,11,2015,27540.0,19.1,31.0, 0.0,0.79,2.90,5.39
'SEQ_F1_S1',13,11,2015,21940.0,19.0,29.4, 8.0,0.82,2.96,4.25
'SEQ_F1_S1',14,11,2015,27110.0,19.0,32.2, 7.7,0.67,3.24,5.40
'SEQ_F1_S1',15,11,2015,27170.0,19.4,30.2, 5.9,0.72,3.09,5.26
'SEQ_F1_S1',16,11,2015,22740.0,19.7,28.8, 3.5,1.16,3.03,4.28
'SEQ_F1_S1',17,11,2015,22540.0,17.9,30.4,14.9,0.89,3.19,4.27
'SEQ_F1_S1',18,11,2015,30000.0,18.7,31.1, 0.2,0.90,3.09,5.75
'SEQ_F1_S1',19,11,2015,27020.0,21.2,30.4, 0.0,1.28,3.15,5.25
'SEQ_F1_S1',20,11,2015,18180.0,18.6,27.9,21.9,1.46,2.90,3.33
'SEQ_F1_S1',21,11,2015,22840.0,18.3,27.9, 0.2,1.36,2.79,4.14
'SEQ_F1_S1',22,11,2015,30000.0,17.0,29.9, 0.0,0.67,2.77,5.63
'SEQ_F1_S1',23,11,2015, 6540.0,19.5,26.5,45.9,0.50,2.86,1.52
'SEQ_F1_S1',24,11,2015, 7270.0,19.7,24.4, 6.5,0.78,2.67,1.58
'SEQ_F1_S1',25,11,2015,11270.0,19.6,24.9, 2.4,0.54,2.72,2.29
'SEQ_F1_S1',26,11,2015,24440.0,19.5,27.0, 0.0,1.00,2.69,4.54
'SEQ_F1_S1',27,11,2015,29620.0,17.1,29.0, 0.0,0.91,2.65,5.45
'SEQ_F1_S1',28,11,2015,26570.0,18.1,28.5,18.0,1.17,2.92,4.79
'SEQ_F1_S1',29,11,2015,15760.0,20.1,28.0,36.5,0.60,3.07,3.16
'SEQ_F1_S1',30,11,2015,20910.0,17.7,28.1, 1.3,1.65,2.87,3.68
'SEQ_F1_S1', 1,12,2015,23000.0,20.9,31.4,11.2,0.51,3.54,4.73
'SEQ_F1_S1', 2,12,2015,23760.0,21.6,31.9, 8.5,0.63,3.61,4.90
'SEQ_F1_S1', 3,12,2015,16560.0,21.9,28.0, 2.4,0.90,3.20,3.28
'SEQ_F1_S1', 4,12,2015,19190.0,19.8,30.2, 0.0,0.85,3.08,3.87
'SEQ_F1_S1', 5,12,2015,30000.0,18.4,29.9, 0.0,0.69,2.78,5.74
'SEQ_F1_S1', 6,12,2015,30000.0,18.3,30.2, 0.0,0.75,2.69,5.76
'SEQ_F1_S1', 7,12,2015,30000.0,18.7,30.7, 0.0,0.73,2.61,5.84
'SEQ_F1_S1', 8,12,2015,23340.0,19.0,31.0, 0.0,1.02,3.06,4.62
'SEQ_F1_S1', 9,12,2015,12980.0,19.6,28.8,28.2,0.69,3.13,2.66
'SEQ_F1_S1',10,12,2015,14460.0,22.0,28.1,14.9,1.20,3.22,2.85
'SEQ_F1_S1',11,12,2015, 8370.0,21.2,25.4,27.4,0.84,2.88,1.79
'SEQ_F1_S1',12,12,2015, 5270.0,22.0,24.6,55.9,1.56,2.86,1.20
'SEQ_F1_S1',13,12,2015,18310.0,22.2,31.7, 2.2,1.10,3.67,3.73
'SEQ_F1_S1',14,12,2015,18920.0,21.9,31.1,43.5,1.18,3.58,3.78
'SEQ_F1_S1',15,12,2015, 7900.0,21.4,26.8,26.0,0.72,3.04,1.75
'SEQ_F1_S1',16,12,2015,26190.0,19.1,28.9, 0.0,1.90,2.77,4.86
'SEQ_F1_S1',17,12,2015,30000.0,17.1,30.5, 0.0,1.41,2.66,5.65
'SEQ_F1_S1',18,12,2015,20210.0,20.4,28.5, 0.0,1.51,2.79,4.01
'SEQ_F1_S1',19,12,2015,20950.0,19.1,27.2, 0.0,2.01,2.60,3.93
'SEQ_F1_S1',20,12,2015,26900.0,18.0,27.4, 0.0,2.27,2.53,4.76
'SEQ_F1_S1',21,12,2015,30000.0,17.7,27.9, 0.0,2.54,2.30,5.52
'SEQ_F1_S1',22,12,2015,30000.0,15.5,28.0, 0.0,2.27,2.29,5.29
'SEQ_F1_S1',23,12,2015,30000.0,16.3,28.7, 0.5,1.16,2.57,5.41
'SEQ_F1_S1',24,12,2015,20850.0,17.7,29.1, 0.0,0.64,2.85,4.06
'SEQ_F1_S1',25,12,2015,29220.0,18.0,30.7, 0.0,0.84,2.88,5.62
'SEQ_F1_S1',26,12,2015,30000.0,19.3,31.2, 0.0,0.93,2.98,5.87
'SEQ_F1_S1',27,12,2015,14820.0,20.4,31.2,10.6,0.66,3.48,3.10
'SEQ_F1_S1',28,12,2015,27030.0,20.9,32.6, 0.0,1.15,3.48,5.43
'SEQ_F1_S1',29,12,2015,13660.0,21.4,29.0,13.2,0.46,3.28,2.89
'SEQ_F1_S1',30,12,2015,20050.0,22.0,31.2, 0.3,0.76,3.53,4.14
'SEQ_F1_S1',31,12,2015,30000.0,20.3,32.2, 0.0,0.90,2.85,6.08
