* Source of data    : SEQ_F1_S1 - Piracicaba - SP
* File content      : Input weather file for Swap 3.2 (www.swap.alterra.nl)
* File generated by : R-Script 
* File generated at : 10-Jun-2020
station,DD,MM,YYYY,Rad,Tmin,Tmax,Rain,Wind,Hum,etref
'SEQ_F1_S1', 1, 1,2013,23140.0,18.6,31.4, 8.0,0.88,3.36,4.51
'SEQ_F1_S1', 2, 1,2013,23120.0,17.8,27.5, 0.0,1.71,2.73,4.06
'SEQ_F1_S1', 3, 1,2013,23480.0,17.1,25.1, 0.0,2.27,2.43,3.83
'SEQ_F1_S1', 4, 1,2013,26070.0,18.0,29.7, 1.4,0.92,2.92,4.94
'SEQ_F1_S1', 5, 1,2013,30000.0,17.8,30.4, 0.0,0.72,2.89,5.73
'SEQ_F1_S1', 6, 1,2013,19090.0,18.8,29.5, 1.0,0.95,3.10,3.68
'SEQ_F1_S1', 7, 1,2013,26650.0,17.8,29.4, 0.0,0.72,2.78,5.06
'SEQ_F1_S1', 8, 1,2013,25070.0,19.2,29.8,21.3,0.92,3.06,4.82
'SEQ_F1_S1', 9, 1,2013,20630.0,19.7,27.2, 0.1,1.16,2.96,3.79
'SEQ_F1_S1',10, 1,2013, 8940.0,17.5,22.6, 1.5,1.60,2.37,1.66
'SEQ_F1_S1',11, 1,2013,24010.0,15.6,23.6, 0.0,2.18,2.09,3.94
'SEQ_F1_S1',12, 1,2013,11170.0,14.5,21.1,29.2,0.97,2.08,1.99
'SEQ_F1_S1',13, 1,2013, 5020.0,17.0,19.9,50.4,1.11,2.13,1.12
'SEQ_F1_S1',14, 1,2013,11080.0,17.1,24.6, 6.9,0.57,2.53,2.19
'SEQ_F1_S1',15, 1,2013,12940.0,17.9,23.0,10.1,0.52,2.43,2.48
'SEQ_F1_S1',16, 1,2013,10100.0,17.3,23.9,10.4,0.85,2.47,1.97
'SEQ_F1_S1',17, 1,2013,24910.0,16.5,26.0, 1.0,1.11,2.53,4.31
'SEQ_F1_S1',18, 1,2013,30000.0,16.5,29.4, 5.2,0.68,2.62,5.57
'SEQ_F1_S1',19, 1,2013,23280.0,18.8,28.5, 1.1,0.97,2.95,4.35
'SEQ_F1_S1',20, 1,2013,29010.0,17.4,27.1, 0.0,2.34,2.45,4.98
'SEQ_F1_S1',21, 1,2013,30000.0,15.6,25.8, 0.0,2.57,2.27,4.80
'SEQ_F1_S1',22, 1,2013,30000.0,15.5,27.7, 0.0,2.01,2.35,5.16
'SEQ_F1_S1',23, 1,2013,20450.0,17.3,28.0,17.8,1.11,2.67,3.81
'SEQ_F1_S1',24, 1,2013,25880.0,18.0,29.4, 0.0,0.55,2.89,4.96
'SEQ_F1_S1',25, 1,2013,22420.0,19.3,29.2,21.0,1.06,3.05,4.25
'SEQ_F1_S1',26, 1,2013,13870.0,19.4,27.1,28.1,0.97,2.93,2.68
'SEQ_F1_S1',27, 1,2013,17650.0,18.9,25.2, 0.0,2.07,2.57,3.10
'SEQ_F1_S1',28, 1,2013,21450.0,18.0,26.5, 0.0,2.32,2.56,3.74
'SEQ_F1_S1',29, 1,2013,23380.0,18.3,27.2, 0.0,2.11,2.61,4.12
'SEQ_F1_S1',30, 1,2013,21020.0,19.5,28.4, 1.2,1.50,2.95,3.89
'SEQ_F1_S1',31, 1,2013,17030.0,18.6,27.8, 9.0,0.72,2.89,3.30
'SEQ_F1_S1', 1, 2,2013,26910.0,19.4,28.8, 2.9,0.69,3.04,5.10
'SEQ_F1_S1', 2, 2,2013,18730.0,19.5,28.6, 7.6,0.71,3.08,3.63
'SEQ_F1_S1', 3, 2,2013,13150.0,18.4,24.6, 6.9,0.89,2.61,2.47
'SEQ_F1_S1', 4, 2,2013,22290.0,17.8,27.1, 6.3,1.31,2.74,3.93
'SEQ_F1_S1', 5, 2,2013,27380.0,16.4,27.9, 0.0,1.66,2.53,4.78
'SEQ_F1_S1', 6, 2,2013,14740.0,17.5,26.5, 0.7,0.97,2.71,2.75
'SEQ_F1_S1', 7, 2,2013, 8960.0,17.8,22.4, 0.7,0.76,2.38,1.78
'SEQ_F1_S1', 8, 2,2013,17110.0,18.0,24.7,14.5,0.72,2.59,3.12
'SEQ_F1_S1', 9, 2,2013, 8510.0,18.0,22.4, 7.6,0.42,2.39,1.77
'SEQ_F1_S1',10, 2,2013,12720.0,18.4,25.2, 2.8,0.43,2.67,2.51
'SEQ_F1_S1',11, 2,2013,25360.0,18.3,30.3,34.8,0.80,3.21,4.79
'SEQ_F1_S1',12, 2,2013,26880.0,17.7,32.4, 1.2,0.72,3.17,5.27
'SEQ_F1_S1',13, 2,2013,24940.0,19.5,30.1, 0.0,0.76,3.04,4.83
'SEQ_F1_S1',14, 2,2013,26360.0,19.2,32.0, 0.2,0.60,3.27,5.24
'SEQ_F1_S1',15, 2,2013,26330.0,20.3,31.9, 3.1,0.89,3.31,5.21
'SEQ_F1_S1',16, 2,2013,29380.0,19.6,32.2, 2.4,0.84,3.16,5.78
'SEQ_F1_S1',17, 2,2013,18760.0,19.5,29.5, 0.3,0.53,2.97,3.75
'SEQ_F1_S1',18, 2,2013,29120.0,19.4,31.9, 0.1,0.97,3.03,5.69
'SEQ_F1_S1',19, 2,2013,27060.0,18.9,31.4, 0.6,0.88,3.13,5.22
'SEQ_F1_S1',20, 2,2013,28990.0,17.6,31.5, 3.5,0.73,2.70,5.55
'SEQ_F1_S1',21, 2,2013,25560.0,17.6,30.4, 2.0,1.11,2.80,4.83
'SEQ_F1_S1',22, 2,2013,25440.0,17.1,29.4, 0.0,0.92,2.75,4.69
'SEQ_F1_S1',23, 2,2013,17780.0,19.3,28.9, 6.1,1.24,3.05,3.34
'SEQ_F1_S1',24, 2,2013,29830.0,17.7,30.5, 0.1,0.66,2.92,5.59
'SEQ_F1_S1',25, 2,2013,26980.0,19.4,30.0, 0.0,0.76,2.94,5.13
'SEQ_F1_S1',26, 2,2013,22360.0,18.9,28.6, 6.3,1.06,2.89,4.13
'SEQ_F1_S1',27, 2,2013,19980.0,18.9,27.6, 0.0,1.42,2.80,3.61
'SEQ_F1_S1',28, 2,2013,25950.0,18.4,29.3, 0.0,1.12,2.78,4.78
'SEQ_F1_S1', 1, 3,2013,24050.0,19.0,28.4, 0.0,1.18,2.78,4.41
'SEQ_F1_S1', 2, 3,2013,25030.0,17.0,29.0, 0.0,0.78,2.64,4.60
'SEQ_F1_S1', 3, 3,2013,27020.0,18.6,30.3, 0.0,0.75,2.85,5.10
'SEQ_F1_S1', 4, 3,2013,27980.0,19.0,31.9, 0.0,0.90,2.87,5.43
'SEQ_F1_S1', 5, 3,2013,24920.0,19.3,31.4, 0.2,1.09,2.93,4.86
'SEQ_F1_S1', 6, 3,2013,21760.0,18.9,30.5, 0.5,0.69,3.14,4.19
'SEQ_F1_S1', 7, 3,2013,23690.0,19.2,32.1, 0.1,0.83,3.30,4.63
'SEQ_F1_S1', 8, 3,2013,29080.0,18.9,32.3, 0.0,1.04,3.03,5.62
'SEQ_F1_S1', 9, 3,2013,22690.0,19.9,31.4,34.4,0.95,3.31,4.39
'SEQ_F1_S1',10, 3,2013,20170.0,18.9,29.9,38.6,1.38,3.13,3.68
'SEQ_F1_S1',11, 3,2013,19650.0,18.9,28.8,14.6,0.62,3.07,3.70
'SEQ_F1_S1',12, 3,2013,24750.0,19.4,31.0,15.0,0.70,3.27,4.74
'SEQ_F1_S1',13, 3,2013,14690.0,19.4,26.8,10.6,0.93,2.89,2.72
'SEQ_F1_S1',14, 3,2013,13110.0,20.1,26.3, 0.2,2.08,2.83,2.34
'SEQ_F1_S1',15, 3,2013,20060.0,18.7,28.9, 0.0,0.76,2.91,3.76
'SEQ_F1_S1',16, 3,2013,16190.0,20.4,27.5, 0.0,0.73,3.03,3.06
'SEQ_F1_S1',17, 3,2013, 8470.0,18.1,24.4, 1.5,1.72,2.57,1.55
'SEQ_F1_S1',18, 3,2013,15130.0,16.5,22.7, 0.3,2.31,2.22,2.39
'SEQ_F1_S1',19, 3,2013, 9190.0,16.8,21.8, 0.0,1.50,2.20,1.68
'SEQ_F1_S1',20, 3,2013, 9350.0,16.9,22.6, 1.7,0.80,2.34,1.74
'SEQ_F1_S1',21, 3,2013,14050.0,17.5,24.6,11.8,0.90,2.55,2.47
'SEQ_F1_S1',22, 3,2013,15190.0,17.9,28.2, 0.0,0.75,2.91,2.83
'SEQ_F1_S1',23, 3,2013,18630.0,17.7,28.4, 0.0,1.86,2.75,3.29
'SEQ_F1_S1',24, 3,2013,18680.0,17.4,28.1, 0.0,0.83,2.79,3.35
'SEQ_F1_S1',25, 3,2013,19970.0,18.9,28.2, 0.0,0.69,2.86,3.66
'SEQ_F1_S1',26, 3,2013, 7000.0,18.6,23.8, 6.2,0.88,2.55,1.43
'SEQ_F1_S1',27, 3,2013,20410.0,17.6,27.9, 0.1,1.11,2.78,3.55
'SEQ_F1_S1',28, 3,2013,25340.0,16.9,26.2, 0.0,1.58,2.27,4.22
'SEQ_F1_S1',29, 3,2013,23200.0,14.6,26.9, 0.0,1.95,2.33,3.74
'SEQ_F1_S1',30, 3,2013,22140.0,15.9,28.6, 0.0,1.55,2.49,3.86
'SEQ_F1_S1',31, 3,2013,21220.0,16.5,28.7, 0.0,0.77,2.65,3.75
'SEQ_F1_S1', 1, 4,2013,20550.0,18.1,30.4, 0.0,0.66,2.93,3.84
'SEQ_F1_S1', 2, 4,2013, 5370.0,17.9,21.6,72.5,0.68,2.32,1.17
'SEQ_F1_S1', 3, 4,2013,15210.0,18.3,26.7, 0.3,0.46,2.81,2.79
'SEQ_F1_S1', 4, 4,2013,14280.0,18.1,27.7, 4.4,0.45,2.90,2.67
'SEQ_F1_S1', 5, 4,2013, 9360.0,19.1,26.0,48.9,0.94,2.79,1.78
'SEQ_F1_S1', 6, 4,2013,17780.0,19.5,27.7, 0.0,0.47,2.90,3.28
'SEQ_F1_S1', 7, 4,2013,17400.0,19.7,28.3, 0.0,0.70,3.03,3.19
'SEQ_F1_S1', 8, 4,2013,18380.0,19.5,31.3, 0.0,0.98,3.20,3.50
'SEQ_F1_S1', 9, 4,2013,20110.0,18.1,28.0, 0.0,1.09,2.68,3.52
'SEQ_F1_S1',10, 4,2013,12290.0,17.6,25.6, 0.0,0.82,2.49,2.26
'SEQ_F1_S1',11, 4,2013,18780.0,17.6,28.6, 0.2,0.68,2.79,3.34
'SEQ_F1_S1',12, 4,2013,15280.0,18.9,27.8, 1.7,0.77,2.92,2.76
'SEQ_F1_S1',13, 4,2013, 6940.0,18.7,23.7,33.2,1.21,2.55,1.33
'SEQ_F1_S1',14, 4,2013,13120.0,15.6,22.7, 0.0,1.23,2.23,2.07
'SEQ_F1_S1',15, 4,2013,17650.0,14.1,23.4, 0.1,0.49,2.21,2.77
'SEQ_F1_S1',16, 4,2013,24520.0,12.2,24.8, 0.1,0.68,2.03,3.73
'SEQ_F1_S1',17, 4,2013,24080.0,13.0,24.8, 0.0,1.21,1.96,3.67
'SEQ_F1_S1',18, 4,2013,23210.0,12.4,25.7, 0.0,0.81,2.10,3.53
'SEQ_F1_S1',19, 4,2013,23020.0,13.2,27.3, 0.0,0.84,2.33,3.63
'SEQ_F1_S1',20, 4,2013,23320.0,13.1,25.3, 0.0,1.08,2.09,3.53
'SEQ_F1_S1',21, 4,2013,22260.0,11.8,25.5, 0.0,1.59,2.09,3.22
'SEQ_F1_S1',22, 4,2013,22480.0,14.3,24.7, 0.0,1.91,1.99,3.44
'SEQ_F1_S1',23, 4,2013,20160.0,12.6,25.6, 0.0,0.83,1.99,3.11
'SEQ_F1_S1',24, 4,2013,19850.0,13.3,26.1, 0.0,0.73,2.05,3.12
'SEQ_F1_S1',25, 4,2013,19260.0,13.3,26.1, 0.0,0.44,2.01,3.02
'SEQ_F1_S1',26, 4,2013,20270.0,13.0,26.8, 0.0,0.60,2.14,3.17
'SEQ_F1_S1',27, 4,2013,20540.0,13.8,26.9, 0.0,0.98,2.20,3.23
'SEQ_F1_S1',28, 4,2013,19150.0,13.9,26.4, 0.0,0.50,2.29,3.01
'SEQ_F1_S1',29, 4,2013,17350.0,15.4,27.4, 0.0,0.50,2.49,2.88
'SEQ_F1_S1',30, 4,2013,19270.0,15.0,28.9, 0.0,0.41,2.50,3.20
'SEQ_F1_S1', 1, 5,2013,17220.0,15.5,28.5, 0.0,0.86,2.55,2.89
'SEQ_F1_S1', 2, 5,2013,19030.0,15.9,28.5, 0.0,0.56,2.57,3.16
'SEQ_F1_S1', 3, 5,2013,18080.0,15.2,29.6, 0.0,0.54,2.60,3.06
'SEQ_F1_S1', 4, 5,2013,18630.0,16.4,28.9, 0.0,0.65,2.46,3.14
'SEQ_F1_S1', 5, 5,2013,16630.0,15.8,28.5, 0.0,0.89,2.59,2.78
'SEQ_F1_S1', 6, 5,2013,19140.0,14.1,23.7, 0.0,1.29,1.91,2.84
'SEQ_F1_S1', 7, 5,2013,20790.0,10.7,22.6, 0.0,1.21,1.64,2.88
'SEQ_F1_S1', 8, 5,2013,20030.0, 9.9,22.1, 0.0,0.87,1.55,2.69
'SEQ_F1_S1', 9, 5,2013,19830.0, 7.6,24.9, 0.0,0.77,1.67,2.72
'SEQ_F1_S1',10, 5,2013,19050.0, 9.2,26.6, 0.0,0.46,1.93,2.73
'SEQ_F1_S1',11, 5,2013,18580.0,11.4,26.8, 0.0,0.46,2.08,2.75
'SEQ_F1_S1',12, 5,2013,18620.0,11.8,26.6, 0.0,0.61,2.08,2.76
'SEQ_F1_S1',13, 5,2013,17970.0,12.4,27.2, 0.0,0.68,2.16,2.73
'SEQ_F1_S1',14, 5,2013,15620.0,13.0,28.2, 0.0,1.01,2.38,2.50
'SEQ_F1_S1',15, 5,2013,15220.0,15.1,28.7, 0.0,0.98,2.41,2.59
'SEQ_F1_S1',16, 5,2013,13070.0,16.0,27.9, 0.0,1.10,2.49,2.26
'SEQ_F1_S1',17, 5,2013,10080.0,14.9,21.7, 0.0,1.97,2.00,1.60
'SEQ_F1_S1',18, 5,2013,16480.0,13.1,25.4, 0.0,1.21,2.20,2.37
'SEQ_F1_S1',19, 5,2013,15280.0,14.3,26.6, 0.0,0.62,2.40,2.36
'SEQ_F1_S1',20, 5,2013,16700.0,15.1,27.4, 0.0,0.66,2.41,2.61
'SEQ_F1_S1',21, 5,2013,12000.0,16.4,25.3, 0.0,0.51,2.36,1.97
'SEQ_F1_S1',22, 5,2013, 6120.0,15.2,21.8, 4.3,0.36,2.17,1.14
'SEQ_F1_S1',23, 5,2013, 8310.0,15.6,21.8, 0.4,0.86,2.19,1.32
'SEQ_F1_S1',24, 5,2013, 7320.0,14.7,20.6, 0.4,0.42,2.05,1.23
'SEQ_F1_S1',25, 5,2013,16910.0,10.9,24.1, 0.0,0.60,1.94,2.29
'SEQ_F1_S1',26, 5,2013,18110.0, 9.8,25.1, 0.0,0.49,1.92,2.43
'SEQ_F1_S1',27, 5,2013, 6750.0,17.2,24.6, 0.1,0.45,2.53,1.26
'SEQ_F1_S1',28, 5,2013,11880.0,15.8,26.3, 0.1,0.31,2.61,1.94
'SEQ_F1_S1',29, 5,2013,15200.0,14.4,28.8, 1.5,1.22,2.62,2.36
'SEQ_F1_S1',30, 5,2013, 6920.0,17.4,23.6,10.3,0.53,2.45,1.25
'SEQ_F1_S1',31, 5,2013,13270.0,15.3,25.1, 0.0,0.74,2.41,1.98
'SEQ_F1_S1', 1, 6,2013,16480.0,12.4,27.6, 0.1,0.45,2.49,2.43
'SEQ_F1_S1', 2, 6,2013, 4680.0,15.9,21.1,25.5,0.57,2.15,0.93
'SEQ_F1_S1', 3, 6,2013, 7440.0,14.7,21.2, 0.1,0.54,2.10,1.21
'SEQ_F1_S1', 4, 6,2013,16390.0,11.2,23.3, 0.1,0.36,2.04,2.16
'SEQ_F1_S1', 5, 6,2013,15950.0,10.9,25.4, 0.2,0.30,2.12,2.20
'SEQ_F1_S1', 6, 6,2013,17020.0,12.5,26.4, 0.0,0.82,2.18,2.40
'SEQ_F1_S1', 7, 6,2013,16460.0,12.7,26.6, 0.0,0.42,2.21,2.35
'SEQ_F1_S1', 8, 6,2013,15730.0,12.1,24.8, 0.1,0.51,2.19,2.15
'SEQ_F1_S1', 9, 6,2013,15530.0,12.7,26.4, 0.1,0.34,2.29,2.23
'SEQ_F1_S1',10, 6,2013,14020.0,12.6,26.8, 0.0,0.50,2.27,2.08
'SEQ_F1_S1',11, 6,2013,10860.0,15.6,26.8, 5.4,0.46,2.61,1.75
'SEQ_F1_S1',12, 6,2013,14100.0,15.8,25.6, 2.1,0.56,2.54,2.08
'SEQ_F1_S1',13, 6,2013,10830.0,15.6,23.5, 0.1,0.35,2.34,1.66
'SEQ_F1_S1',14, 6,2013, 9700.0,14.2,23.9, 0.4,0.34,2.29,1.51
'SEQ_F1_S1',15, 6,2013, 9340.0,13.7,21.7, 0.3,0.56,2.08,1.38
'SEQ_F1_S1',16, 6,2013,11300.0,14.4,25.9,24.3,0.60,2.43,1.73
'SEQ_F1_S1',17, 6,2013,13880.0,14.2,22.6, 1.9,1.03,2.17,1.80
'SEQ_F1_S1',18, 6,2013,16200.0,11.8,25.0, 0.2,0.39,2.15,2.19
'SEQ_F1_S1',19, 6,2013,14940.0,12.7,28.2, 0.0,0.43,2.42,2.23
'SEQ_F1_S1',20, 6,2013, 7910.0,16.6,24.3, 0.0,0.33,2.45,1.36
'SEQ_F1_S1',21, 6,2013, 9560.0,15.3,26.0, 0.0,1.10,2.28,1.66
'SEQ_F1_S1',22, 6,2013,12370.0,14.2,22.8, 3.4,1.34,2.02,1.75
'SEQ_F1_S1',23, 6,2013, 7020.0,13.9,20.3,11.8,0.34,1.99,1.14
'SEQ_F1_S1',24, 6,2013,10770.0,13.9,23.0, 0.0,0.77,2.20,1.52
'SEQ_F1_S1',25, 6,2013, 3960.0,15.2,19.8,12.1,0.53,2.02,0.83
'SEQ_F1_S1',26, 6,2013, 3350.0,16.4,21.2,21.7,0.45,2.20,0.80
'SEQ_F1_S1',27, 6,2013, 6750.0,17.2,24.6, 0.1,0.45,2.53,1.22
'SEQ_F1_S1',28, 6,2013,11880.0,15.8,26.3, 0.1,0.31,2.61,1.88
'SEQ_F1_S1',29, 6,2013,15200.0,14.4,28.8, 1.5,1.22,2.62,2.30
'SEQ_F1_S1',30, 6,2013, 6920.0,17.4,23.6,10.3,0.53,2.45,1.22
'SEQ_F1_S1', 1, 7,2013, 6430.0,16.2,21.3,11.8,0.85,2.19,1.08
'SEQ_F1_S1', 2, 7,2013,14250.0,14.4,22.6, 0.0,1.27,2.12,1.85
'SEQ_F1_S1', 3, 7,2013,16890.0,11.7,25.7, 0.1,0.45,2.27,2.30
'SEQ_F1_S1', 4, 7,2013,17260.0,12.2,25.2, 0.0,0.41,2.17,2.34
'SEQ_F1_S1', 5, 7,2013,17100.0,12.7,26.6, 0.0,0.40,2.23,2.41
'SEQ_F1_S1', 6, 7,2013,17450.0,11.6,28.1, 0.0,0.41,2.34,2.50
'SEQ_F1_S1', 7, 7,2013,17640.0,12.4,26.8, 0.0,0.55,2.18,2.48
'SEQ_F1_S1', 8, 7,2013,14440.0,12.6,24.9, 0.0,1.38,2.23,1.93
'SEQ_F1_S1', 9, 7,2013,16750.0,14.2,24.1, 0.0,1.64,2.17,2.20
'SEQ_F1_S1',10, 7,2013,16460.0,12.7,25.1, 0.0,0.53,2.21,2.27
'SEQ_F1_S1',11, 7,2013,14910.0,12.4,23.8, 0.1,0.31,2.15,2.07
'SEQ_F1_S1',12, 7,2013,16090.0,10.8,25.7, 0.0,0.43,2.11,2.23
'SEQ_F1_S1',13, 7,2013,15960.0,12.6,26.4, 0.0,0.54,2.20,2.30
'SEQ_F1_S1',14, 7,2013,12350.0,13.2,26.4, 3.2,0.49,2.49,1.89
'SEQ_F1_S1',15, 7,2013,16740.0,12.1,26.1, 0.3,0.54,2.22,2.37
'SEQ_F1_S1',16, 7,2013,16570.0,13.8,23.2, 0.0,0.46,2.17,2.27
'SEQ_F1_S1',17, 7,2013,17030.0,11.0,25.3, 0.2,0.48,2.13,2.34
'SEQ_F1_S1',18, 7,2013,17840.0,10.6,28.2, 0.0,0.71,2.18,2.61
'SEQ_F1_S1',19, 7,2013, 9520.0,13.3,27.4, 2.1,1.07,2.59,1.51
'SEQ_F1_S1',20, 7,2013,15980.0,14.9,28.2, 0.1,1.40,2.57,2.45
'SEQ_F1_S1',21, 7,2013,10570.0,18.3,27.6,12.3,1.67,2.64,1.94
'SEQ_F1_S1',22, 7,2013,10730.0,17.0,23.4, 0.2,1.29,2.41,1.60
'SEQ_F1_S1',23, 7,2013, 2750.0, 9.6,18.4, 1.8,1.01,1.66,0.66
'SEQ_F1_S1',24, 7,2013, 6920.0, 8.7,13.6, 2.3,0.98,1.32,0.96
'SEQ_F1_S1',25, 7,2013, 6140.0, 9.1,13.9, 7.2,0.70,1.37,0.92
'SEQ_F1_S1',26, 7,2013, 9000.0, 7.4,17.8, 0.0,1.70,1.53,1.08
'SEQ_F1_S1',27, 7,2013,19880.0, 7.2,22.7, 0.1,0.71,1.68,2.52
'SEQ_F1_S1',28, 7,2013,19080.0, 7.1,22.0, 0.1,0.47,1.69,2.34
'SEQ_F1_S1',29, 7,2013,20270.0, 8.9,24.3, 0.1,0.81,1.59,2.82
'SEQ_F1_S1',30, 7,2013,20040.0, 7.5,26.7, 0.0,0.47,1.80,2.81
'SEQ_F1_S1',31, 7,2013,20480.0, 9.4,27.9, 0.0,0.60,1.94,3.05
'SEQ_F1_S1', 1, 8,2013,20260.0, 9.8,28.4, 0.0,0.59,1.98,3.06
'SEQ_F1_S1', 2, 8,2013,19840.0,10.3,28.5, 0.0,0.44,2.01,2.96
'SEQ_F1_S1', 3, 8,2013,19940.0,10.9,30.1, 0.0,0.58,2.18,3.14
'SEQ_F1_S1', 4, 8,2013,20020.0,12.4,28.9, 0.0,1.16,1.95,3.31
'SEQ_F1_S1', 5, 8,2013,19250.0,13.6,28.3, 0.0,0.64,2.24,3.03
'SEQ_F1_S1', 6, 8,2013,18490.0,12.9,29.1, 0.0,1.11,2.40,2.98
'SEQ_F1_S1', 7, 8,2013,19770.0,11.7,28.1, 0.0,0.46,2.06,3.01
'SEQ_F1_S1', 8, 8,2013,19790.0,12.4,27.4, 0.0,1.10,1.92,3.16
'SEQ_F1_S1', 9, 8,2013,19610.0,13.4,28.1, 0.0,0.81,2.10,3.14
'SEQ_F1_S1',10, 8,2013,19940.0,12.0,26.8, 0.0,2.37,1.96,3.26
'SEQ_F1_S1',11, 8,2013,14980.0, 9.0,16.8, 0.0,0.76,1.31,1.95
'SEQ_F1_S1',12, 8,2013,21300.0, 6.6,25.6, 0.0,0.83,1.71,2.99
'SEQ_F1_S1',13, 8,2013,14480.0,11.1,27.7, 0.0,0.73,2.10,2.43
'SEQ_F1_S1',14, 8,2013, 5980.0, 9.4,18.8, 0.4,1.59,1.66,0.97
'SEQ_F1_S1',15, 8,2013,17010.0, 7.4,17.2, 0.0,2.77,1.29,2.09
'SEQ_F1_S1',16, 8,2013,22550.0, 7.8,24.7, 0.0,1.05,1.72,3.20
'SEQ_F1_S1',17, 8,2013,15090.0, 9.1,21.7, 0.0,1.71,1.78,2.00
'SEQ_F1_S1',18, 8,2013,17780.0,12.8,22.4, 0.0,2.79,1.83,2.60
'SEQ_F1_S1',19, 8,2013,20170.0,11.6,24.4, 0.0,1.42,1.89,2.97
'SEQ_F1_S1',20, 8,2013,23030.0,11.3,25.4, 0.0,0.71,1.77,3.48
'SEQ_F1_S1',21, 8,2013,20630.0,10.1,26.0, 0.0,0.89,1.74,3.17
'SEQ_F1_S1',22, 8,2013,14060.0,14.6,26.9, 0.0,1.20,1.91,2.75
'SEQ_F1_S1',23, 8,2013,21450.0,13.0,30.1, 0.0,0.90,2.08,3.70
'SEQ_F1_S1',24, 8,2013,21020.0,13.1,29.9, 0.0,0.56,2.19,3.54
'SEQ_F1_S1',25, 8,2013,22100.0,12.6,29.3, 0.0,0.81,1.90,3.73
'SEQ_F1_S1',26, 8,2013,12660.0,13.6,24.7, 0.0,2.03,2.08,2.20
'SEQ_F1_S1',27, 8,2013, 6600.0,10.0,15.1, 2.2,1.76,1.44,1.03
'SEQ_F1_S1',28, 8,2013,18690.0, 7.6,20.1, 0.0,1.41,1.40,2.59
'SEQ_F1_S1',29, 8,2013,24540.0, 6.3,24.7, 0.0,0.76,1.56,3.54
'SEQ_F1_S1',30, 8,2013,25170.0, 7.8,28.2, 0.0,0.81,1.70,4.03
'SEQ_F1_S1',31, 8,2013,24400.0, 9.0,28.3, 0.0,0.80,1.62,3.96
'SEQ_F1_S1', 1, 9,2013,24200.0,12.9,29.2, 0.0,0.81,1.72,4.14
'SEQ_F1_S1', 2, 9,2013,21330.0,11.6,29.9, 0.0,1.10,1.78,3.90
'SEQ_F1_S1', 3, 9,2013, 8820.0,13.9,22.2, 3.0,0.96,2.04,1.59
'SEQ_F1_S1', 4, 9,2013, 4870.0,14.8,19.6, 0.0,1.55,1.98,0.95
'SEQ_F1_S1', 5, 9,2013,24900.0,12.6,26.4, 0.0,1.48,2.14,3.86
'SEQ_F1_S1', 6, 9,2013,25620.0,12.3,27.0, 0.0,1.31,2.06,4.13
'SEQ_F1_S1', 7, 9,2013,25710.0,12.1,27.4, 0.0,0.66,1.97,4.19
'SEQ_F1_S1', 8, 9,2013,25750.0,11.6,28.5, 0.0,0.97,1.86,4.35
'SEQ_F1_S1', 9, 9,2013,25670.0,12.7,28.8, 0.0,1.11,1.80,4.50
'SEQ_F1_S1',10, 9,2013,25490.0,12.1,29.4, 0.0,1.06,1.72,4.50
'SEQ_F1_S1',11, 9,2013,25050.0,13.2,29.0, 0.0,0.77,1.92,4.27
'SEQ_F1_S1',12, 9,2013,26500.0,13.3,28.1, 0.0,1.06,1.73,4.63
'SEQ_F1_S1',13, 9,2013,26230.0,12.2,28.1, 0.0,0.70,1.60,4.40
'SEQ_F1_S1',14, 9,2013,26280.0,11.7,28.8, 0.0,0.83,1.62,4.50
'SEQ_F1_S1',15, 9,2013,22450.0,12.8,29.3, 0.0,0.86,1.72,4.07
'SEQ_F1_S1',16, 9,2013,16690.0,14.3,30.3, 2.1,1.36,2.22,3.45
'SEQ_F1_S1',17, 9,2013, 3100.0,16.9,20.2,14.7,0.94,2.14,0.83
'SEQ_F1_S1',18, 9,2013, 7980.0,16.9,21.6, 1.0,1.06,2.26,1.48
'SEQ_F1_S1',19, 9,2013,22490.0,16.2,27.5, 1.1,1.48,2.61,3.72
'SEQ_F1_S1',20, 9,2013,25390.0,15.8,32.3, 0.7,0.99,2.82,4.72
'SEQ_F1_S1',21, 9,2013,26020.0,19.9,33.1, 0.0,2.04,2.44,5.66
'SEQ_F1_S1',22, 9,2013,13720.0,18.3,31.1, 0.0,1.40,2.80,2.97
'SEQ_F1_S1',23, 9,2013,17430.0,16.3,26.8, 0.0,1.22,2.46,3.10
'SEQ_F1_S1',24, 9,2013, 9260.0,14.5,21.2, 0.0,1.93,2.01,1.60
'SEQ_F1_S1',25, 9,2013,30000.0,10.3,20.9, 0.0,2.39,1.51,4.25
'SEQ_F1_S1',26, 9,2013,29700.0,11.0,22.0, 0.0,2.78,1.50,4.51
'SEQ_F1_S1',27, 9,2013,29760.0, 9.8,26.1, 0.0,1.85,1.65,4.93
'SEQ_F1_S1',28, 9,2013,27010.0,10.4,29.6, 0.3,1.51,2.21,4.55
'SEQ_F1_S1',29, 9,2013, 7760.0,14.3,21.5, 3.8,0.92,2.10,1.45
'SEQ_F1_S1',30, 9,2013,12400.0,14.8,24.5, 3.4,0.83,2.38,2.18
'SEQ_F1_S1', 1,10,2013,17130.0,18.4,25.7, 3.5,1.24,2.65,2.99
'SEQ_F1_S1', 2,10,2013,11730.0,16.9,24.2,25.7,0.84,2.48,2.13
'SEQ_F1_S1', 3,10,2013,15980.0,18.8,26.8, 0.5,1.35,2.83,2.83
'SEQ_F1_S1', 4,10,2013, 6780.0,17.8,22.6,21.4,1.84,2.40,1.28
'SEQ_F1_S1', 5,10,2013,25240.0,15.6,27.2, 0.0,1.46,2.40,4.26
'SEQ_F1_S1', 6,10,2013,30000.0,12.6,25.0, 0.0,2.44,1.82,4.83
'SEQ_F1_S1', 7,10,2013,24600.0,13.6,23.1, 0.0,3.31,1.86,3.76
'SEQ_F1_S1', 8,10,2013,23550.0,13.6,24.0, 0.0,2.96,1.85,3.88
'SEQ_F1_S1', 9,10,2013,29530.0,12.7,26.4, 0.0,1.62,1.92,4.91
'SEQ_F1_S1',10,10,2013,30000.0,12.6,26.1, 0.0,1.38,1.85,5.00
'SEQ_F1_S1',11,10,2013,28630.0,13.1,26.6, 0.0,0.97,1.82,4.84
'SEQ_F1_S1',12,10,2013,14730.0,14.6,25.5, 0.0,0.89,1.81,2.96
'SEQ_F1_S1',13,10,2013,26210.0,14.2,29.7, 0.0,1.10,2.07,4.86
'SEQ_F1_S1',14,10,2013,25560.0,17.9,30.7, 0.0,1.18,2.29,5.06
'SEQ_F1_S1',15,10,2013,22210.0,17.8,28.8, 8.2,1.22,2.62,4.16
'SEQ_F1_S1',16,10,2013, 4950.0,18.3,20.7, 5.3,1.25,2.28,1.09
'SEQ_F1_S1',17,10,2013,21060.0,18.2,26.5, 0.1,1.06,2.69,3.73
'SEQ_F1_S1',18,10,2013,16840.0,16.7,27.0, 9.1,1.06,2.73,2.99
'SEQ_F1_S1',19,10,2013,30000.0,15.7,29.2, 0.1,1.03,2.40,5.39
'SEQ_F1_S1',20,10,2013,30000.0,15.4,31.5, 0.0,1.15,2.34,5.67
'SEQ_F1_S1',21,10,2013,30000.0,16.1,31.9, 0.0,1.42,2.56,5.71
'SEQ_F1_S1',22,10,2013,27340.0,18.2,31.7,18.8,1.60,3.15,5.07
'SEQ_F1_S1',23,10,2013,27750.0,18.5,31.5, 0.0,0.91,3.03,5.33
'SEQ_F1_S1',24,10,2013,27620.0,19.0,32.6,46.7,1.41,2.98,5.47
'SEQ_F1_S1',25,10,2013,20260.0,20.2,27.2, 4.1,2.95,2.80,3.53
'SEQ_F1_S1',26,10,2013,29800.0,18.6,31.8, 0.0,1.18,2.59,5.85
'SEQ_F1_S1',27,10,2013,20270.0,18.1,30.8, 5.1,1.61,2.85,4.02
'SEQ_F1_S1',28,10,2013,30000.0,13.9,25.2, 0.1,2.69,1.86,5.00
'SEQ_F1_S1',29,10,2013,30000.0,12.9,27.4, 0.0,1.75,2.12,5.03
'SEQ_F1_S1',30,10,2013,28120.0,14.3,27.4, 0.0,1.65,2.24,4.81
'SEQ_F1_S1',31,10,2013,24230.0,15.3,26.9, 0.0,2.09,2.31,4.17
'SEQ_F1_S1', 1,11,2013,30000.0,16.5,28.2, 0.0,1.88,2.34,5.33
'SEQ_F1_S1', 2,11,2013,28940.0,15.6,28.8, 0.0,0.93,2.24,5.27
'SEQ_F1_S1', 3,11,2013,30000.0,16.4,30.2, 0.0,1.21,2.30,5.65
'SEQ_F1_S1', 4,11,2013, 4580.0,17.8,22.0,45.3,1.10,2.34,1.07
'SEQ_F1_S1', 5,11,2013,12750.0,16.5,22.8, 0.1,2.72,2.19,2.20
'SEQ_F1_S1', 6,11,2013, 9080.0,16.2,18.6, 6.7,2.86,1.99,1.39
'SEQ_F1_S1', 7,11,2013,22320.0,16.2,26.7, 1.3,2.03,2.54,3.73
'SEQ_F1_S1', 8,11,2013,30000.0,16.4,28.8, 0.0,1.13,2.47,5.41
'SEQ_F1_S1', 9,11,2013,30000.0,16.2,29.8, 0.0,0.73,2.38,5.56
'SEQ_F1_S1',10,11,2013,30000.0,16.7,33.3, 0.0,0.64,2.61,5.90
'SEQ_F1_S1',11,11,2013,30000.0,17.6,33.9, 0.5,1.50,2.89,6.05
'SEQ_F1_S1',12,11,2013,22060.0,20.5,28.4, 0.1,1.33,2.85,4.24
'SEQ_F1_S1',13,11,2013,30000.0,16.7,27.4, 0.0,3.70,1.90,5.94
'SEQ_F1_S1',14,11,2013,34190.0,14.6,28.4, 0.0,1.91,1.82,6.42
'SEQ_F1_S1',15,11,2013,33840.0,14.4,30.2, 0.0,0.97,2.22,6.27
'SEQ_F1_S1',16,11,2013,19570.0,16.9,28.4, 0.0,1.32,2.52,3.79
'SEQ_F1_S1',17,11,2013,26510.0,17.9,25.9, 0.0,2.54,2.44,4.43
'SEQ_F1_S1',18,11,2013,24220.0,15.6,27.1, 0.0,0.94,2.28,4.40
'SEQ_F1_S1',19,11,2013,27280.0,16.8,29.7, 0.0,1.03,2.57,5.13
'SEQ_F1_S1',20,11,2013,27760.0,17.4,29.9, 2.0,1.23,2.57,5.28
'SEQ_F1_S1',21,11,2013,22810.0,18.3,31.1, 3.6,1.31,3.02,4.44
'SEQ_F1_S1',22,11,2013, 9070.0,18.9,23.3, 9.4,1.54,2.52,1.72
'SEQ_F1_S1',23,11,2013, 7590.0,18.7,21.8, 2.6,2.37,2.39,1.38
'SEQ_F1_S1',24,11,2013,11990.0,17.9,25.2, 2.0,1.72,2.63,2.15
'SEQ_F1_S1',25,11,2013,12390.0,19.4,24.5, 1.2,1.40,2.66,2.28
'SEQ_F1_S1',26,11,2013,21700.0,17.9,27.8, 0.0,1.37,2.74,3.96
'SEQ_F1_S1',27,11,2013,25970.0,17.2,29.4, 0.0,0.87,2.68,4.91
'SEQ_F1_S1',28,11,2013,30000.0,17.9,31.8, 0.0,1.27,2.66,5.90
'SEQ_F1_S1',29,11,2013,29020.0,18.7,32.5,28.6,1.40,2.85,5.81
'SEQ_F1_S1',30,11,2013,25800.0,20.1,30.9, 2.2,2.07,3.17,4.85
'SEQ_F1_S1', 1,12,2013,24810.0,20.9,29.4, 0.0,2.46,2.92,4.72
'SEQ_F1_S1', 2,12,2013,26590.0,19.6,29.2, 0.0,1.38,2.90,5.00
'SEQ_F1_S1', 3,12,2013,30000.0,20.0,29.9, 0.0,1.41,2.48,5.93
'SEQ_F1_S1', 4,12,2013,30000.0,17.8,31.3, 0.0,1.41,2.35,5.99
'SEQ_F1_S1', 5,12,2013,28470.0,17.8,31.4,40.1,1.75,2.76,5.52
'SEQ_F1_S1', 6,12,2013,30000.0,17.8,28.4, 0.0,1.79,2.53,5.43
'SEQ_F1_S1', 7,12,2013,26530.0,17.0,29.1, 0.2,1.29,2.73,4.86
'SEQ_F1_S1', 8,12,2013,29250.0,19.6,30.1, 0.8,1.14,3.05,5.56
'SEQ_F1_S1', 9,12,2013,30000.0,19.7,30.7, 0.1,1.20,2.86,5.84
'SEQ_F1_S1',10,12,2013,13370.0,19.9,26.1,12.9,0.99,2.85,2.59
'SEQ_F1_S1',11,12,2013,13900.0,19.4,26.1, 0.1,2.27,2.68,2.61
'SEQ_F1_S1',12,12,2013,23310.0,17.6,26.2, 0.0,2.08,2.40,4.16
'SEQ_F1_S1',13,12,2013,30000.0,16.7,28.6, 0.0,1.47,2.41,5.48
'SEQ_F1_S1',14,12,2013,23750.0,16.6,28.0, 0.0,0.82,2.45,4.47
'SEQ_F1_S1',15,12,2013,29490.0,18.9,30.1, 0.0,0.98,2.53,5.74
'SEQ_F1_S1',16,12,2013,30000.0,17.2,29.3, 0.0,1.76,2.42,5.62
'SEQ_F1_S1',17,12,2013,30000.0,15.6,27.9, 0.0,2.41,2.04,5.59
'SEQ_F1_S1',18,12,2013,30000.0,14.5,28.7, 0.0,1.27,2.21,5.44
'SEQ_F1_S1',19,12,2013,30000.0,16.3,28.9, 0.0,2.13,2.35,5.49
'SEQ_F1_S1',20,12,2013,25180.0,17.1,28.4, 0.0,2.06,2.36,4.82
'SEQ_F1_S1',21,12,2013,24270.0,17.3,27.7, 0.2,1.96,2.38,4.54
'SEQ_F1_S1',22,12,2013,25310.0,17.2,28.6, 0.0,1.96,2.36,4.87
'SEQ_F1_S1',23,12,2013,21880.0,18.3,26.8, 1.9,1.87,2.50,4.05
'SEQ_F1_S1',24,12,2013,21180.0,19.0,27.7, 0.2,0.79,2.77,4.07
'SEQ_F1_S1',25,12,2013,16370.0,20.3,26.2, 0.1,0.81,2.89,3.15
'SEQ_F1_S1',26,12,2013,29400.0,20.5,33.0,20.2,0.70,3.19,6.03
'SEQ_F1_S1',27,12,2013,30000.0,20.8,33.9, 0.0,0.71,2.60,6.25
'SEQ_F1_S1',28,12,2013,21420.0,20.3,29.6, 4.9,1.17,2.96,4.25
'SEQ_F1_S1',29,12,2013,23410.0,20.2,30.2, 4.5,0.98,3.33,4.53
'SEQ_F1_S1',30,12,2013,14980.0,20.6,28.5,20.3,0.85,3.16,3.00
'SEQ_F1_S1',31,12,2013,28580.0,21.5,29.1, 0.1,1.59,3.08,5.36
