* Source of data    : Royal Netherlands Meterological Institute (www.knmi.nl)  
* File content      : Input file for Swap 3.2 (www.swap.alterra.nl)  
* File generated by : Alterra - Wageningen-UR (www.alterra.wur.nl)  
* File generated at :  Fri Feb 20 00:19:39 2009  
station,DD,MM,YYYY,Rad,Tmin,Tmax,Hum,Wind,Rain,ETref
'260',1,1,1983,2740.000,-1.900,3.100,0.551,5.100,0.000,0.300
'260',2,1,1983,1450.000,2.700,4.600,0.776,3.600,1.700,0.200
'260',3,1,1983,270.000,3.400,11.000,0.930,6.700,1.800,0.000
'260',4,1,1983,890.000,3.900,11.700,0.835,7.200,16.300,0.100
'260',5,1,1983,960.000,4.800,12.900,1.003,6.200,3.200,0.100
'260',6,1,1983,1990.000,5.000,12.900,0.825,8.200,3.300,0.300
'260',7,1,1983,2690.000,3.100,7.800,0.710,5.700,3.800,0.400
'260',8,1,1983,3480.000,2.100,7.600,0.728,4.100,1.200,0.400
'260',9,1,1983,690.000,3.400,9.000,0.808,5.700,0.000,0.100
'260',10,1,1983,2260.000,2.500,9.200,0.845,3.600,3.900,0.300
'260',11,1,1983,2040.000,6.500,10.000,0.964,3.600,0.000,0.300
'260',12,1,1983,670.000,4.100,7.500,0.769,5.100,0.000,0.100
'260',13,1,1983,570.000,0.600,6.900,0.661,5.700,0.000,0.100
'260',14,1,1983,390.000,0.700,7.000,0.681,5.700,3.400,0.000
'260',15,1,1983,1040.000,4.000,9.700,0.835,5.700,14.700,0.100
'260',16,1,1983,3150.000,7.300,9.500,0.912,5.700,8.000,0.400
'260',17,1,1983,510.000,7.100,9.000,0.913,5.700,2.100,0.100
'260',18,1,1983,4200.000,2.200,8.400,0.625,7.200,3.800,0.500
'260',19,1,1983,1950.000,0.800,5.400,0.602,4.600,3.700,0.200
'260',20,1,1983,2130.000,-0.300,5.100,0.569,3.100,0.000,0.300
'260',21,1,1983,1310.000,5.100,7.300,0.737,4.600,0.000,0.200
'260',22,1,1983,1030.000,4.300,6.800,0.677,2.600,0.000,0.100
'260',23,1,1983,4940.000,-1.800,4.800,0.555,1.500,0.000,0.600
'260',24,1,1983,4420.000,-1.300,5.300,0.561,3.100,0.000,0.500
'260',25,1,1983,630.000,4.000,7.900,0.886,3.100,2.700,0.100
'260',26,1,1983,2960.000,6.100,11.700,1.062,4.100,2.400,0.400
'260',27,1,1983,690.000,9.200,12.400,1.030,6.700,0.000,0.100
'260',28,1,1983,590.000,7.800,10.000,0.978,6.200,0.000,0.100
'260',29,1,1983,4190.000,3.700,10.500,0.754,5.700,6.800,0.600
'260',30,1,1983,2320.000,0.800,7.800,0.707,5.700,2.100,0.300
'260',31,1,1983,2550.000,0.600,10.200,0.751,5.700,5.400,0.300
'260',1,2,1983,4030.000,2.900,10.800,0.705,10.300,24.400,0.500
'260',2,2,1983,4330.000,0.600,6.300,0.620,4.600,8.000,0.500
'260',3,2,1983,4150.000,-0.700,4.900,0.605,2.600,1.800,0.500
'260',4,2,1983,6350.000,-3.200,5.900,0.546,2.600,2.700,0.700
'260',5,2,1983,3600.000,0.200,5.500,0.625,4.600,6.400,0.400
'260',6,2,1983,2550.000,1.100,4.800,0.703,2.600,3.300,0.300
'260',7,2,1983,1620.000,0.400,1.800,0.588,4.100,0.000,0.200
'260',8,2,1983,2490.000,-1.300,1.200,0.545,5.100,2.400,0.300
'260',9,2,1983,2160.000,-2.000,-0.400,0.492,2.600,0.000,0.200
'260',10,2,1983,1070.000,-4.900,-1.800,0.450,1.500,0.000,0.100
'260',11,2,1983,5620.000,-4.900,0.400,0.446,3.100,0.000,0.600
'260',12,2,1983,5390.000,-4.400,0.300,0.445,3.100,0.000,0.500
'260',13,2,1983,8320.000,-5.900,-0.800,0.374,3.100,0.000,0.800
'260',14,2,1983,8530.000,-6.800,0.900,0.385,4.600,0.000,0.800
'260',15,2,1983,7600.000,-3.400,2.300,0.464,5.100,0.000,0.800
'260',16,2,1983,8910.000,-6.600,1.700,0.358,3.600,0.000,0.900
'260',17,2,1983,8780.000,-3.000,3.000,0.476,3.600,0.000,0.900
'260',18,2,1983,9340.000,-4.800,3.400,0.481,2.100,0.000,0.900
'260',19,2,1983,3770.000,-1.700,2.700,0.494,1.500,0.000,0.400
'260',20,2,1983,5640.000,0.200,5.200,0.540,1.500,0.000,0.600
'260',21,2,1983,9920.000,-3.500,4.000,0.400,3.100,0.000,1.100
'260',22,2,1983,10140.000,-5.900,2.300,0.321,3.600,0.000,1.000
'260',23,2,1983,10510.000,-4.700,5.300,0.279,5.700,0.000,1.100
'260',24,2,1983,9450.000,-1.900,8.000,0.427,3.600,0.000,1.100
'260',25,2,1983,4250.000,3.300,9.200,0.707,3.100,0.000,0.500
'260',26,2,1983,1770.000,3.200,7.900,0.867,2.600,2.500,0.200
'260',27,2,1983,1410.000,4.500,7.600,0.858,4.100,2.400,0.200
'260',28,2,1983,3970.000,2.000,6.500,0.686,3.600,5.100,0.500
'260',1,3,1983,5440.000,-0.500,6.300,0.670,2.100,0.000,0.600
'260',2,3,1983,7420.000,0.900,7.600,0.666,2.100,0.000,0.900
'260',3,3,1983,10320.000,-0.700,8.400,0.609,2.600,0.000,1.300
'260',4,3,1983,8390.000,0.100,9.900,0.663,2.100,0.000,1.000
'260',5,3,1983,9790.000,0.900,10.800,0.711,3.600,0.000,1.300
'260',6,3,1983,4380.000,5.800,10.000,0.854,4.100,0.000,0.600
'260',7,3,1983,7870.000,5.300,11.800,0.867,3.100,0.000,1.100
'260',8,3,1983,9590.000,2.100,11.600,0.795,2.600,0.000,1.300
'260',9,3,1983,3070.000,2.100,7.100,0.709,2.600,0.000,0.400
'260',10,3,1983,5740.000,2.100,11.100,0.823,3.100,0.000,0.800
'260',11,3,1983,9780.000,-1.400,8.000,0.546,3.100,0.000,1.200
'260',12,3,1983,13360.000,-3.000,8.800,0.451,3.100,0.000,1.600
'260',13,3,1983,11810.000,0.200,13.000,0.509,3.600,0.000,1.600
'260',14,3,1983,4930.000,6.300,13.300,0.976,3.600,0.000,0.700
'260',15,3,1983,8650.000,1.800,10.800,0.806,2.100,4.900,1.100
'260',16,3,1983,9670.000,0.900,10.500,0.758,2.100,0.000,1.200
'260',17,3,1983,1870.000,6.500,10.000,1.029,4.100,1.000,0.300
'260',18,3,1983,3340.000,8.900,11.500,1.165,3.100,3.300,0.500
'260',19,3,1983,2050.000,6.200,10.100,1.009,3.600,5.800,0.300
'260',20,3,1983,3830.000,5.500,10.500,0.940,4.100,1.200,0.500
'260',21,3,1983,4990.000,1.700,8.500,0.698,5.700,7.500,0.600
'260',22,3,1983,5910.000,2.800,7.100,0.601,7.200,7.500,0.700
'260',23,3,1983,5030.000,1.000,9.000,0.744,5.700,3.900,0.700
'260',24,3,1983,5760.000,2.100,8.000,0.667,5.700,20.700,0.700
'260',25,3,1983,8240.000,1.500,6.700,0.676,5.100,0.000,1.000
'260',26,3,1983,11590.000,1.600,7.700,0.672,5.100,10.500,1.400
'260',27,3,1983,8140.000,0.800,7.700,0.673,3.600,2.100,1.000
'260',28,3,1983,11730.000,-0.200,8.300,0.622,2.600,0.700,1.400
'260',29,3,1983,10810.000,-1.400,9.100,0.590,3.100,0.000,1.400
'260',30,3,1983,9900.000,3.300,10.200,0.764,5.100,13.000,1.300
'260',31,3,1983,6570.000,3.700,9.900,0.829,2.600,0.000,0.900
'260',1,4,1983,9030.000,4.600,13.500,0.866,3.600,0.000,1.300
'260',2,4,1983,5520.000,0.100,7.900,0.679,4.100,0.000,0.700
'260',3,4,1983,13190.000,-1.400,8.100,0.591,2.100,0.000,1.600
'260',4,4,1983,7040.000,-2.200,6.200,0.611,3.600,11.500,0.800
'260',5,4,1983,8720.000,1.500,8.500,0.743,3.600,0.000,1.100
'260',6,4,1983,11640.000,2.400,9.400,0.710,4.100,3.300,1.500
'260',7,4,1983,10410.000,1.900,9.600,0.734,4.100,0.000,1.300
'260',8,4,1983,7010.000,1.900,9.700,0.718,3.600,5.800,0.900
'260',9,4,1983,13890.000,0.700,11.600,0.638,1.500,0.000,1.900
'260',10,4,1983,5320.000,3.700,14.500,0.924,2.600,0.000,0.700
'260',11,4,1983,9530.000,6.100,12.100,0.836,2.600,8.800,1.400
'260',12,4,1983,9870.000,3.400,8.600,0.744,5.100,0.000,1.300
'260',13,4,1983,14570.000,1.100,10.200,0.648,2.600,0.000,1.900
'260',14,4,1983,12190.000,5.900,11.800,0.890,3.100,0.000,1.700
'260',15,4,1983,20380.000,2.000,13.800,0.732,2.100,2.600,2.900
'260',16,4,1983,20100.000,0.900,17.400,0.648,3.100,0.000,3.100
'260',17,4,1983,4190.000,10.300,14.300,1.091,3.100,0.000,0.600
'260',18,4,1983,12900.000,10.100,19.500,1.136,2.100,0.000,2.100
'260',19,4,1983,5540.000,4.100,12.000,0.828,3.600,12.800,0.800
'260',20,4,1983,15450.000,0.800,15.200,0.641,3.600,0.000,2.300
'260',21,4,1983,4360.000,6.900,12.500,1.015,2.100,0.000,0.600
'260',22,4,1983,14800.000,5.600,13.700,0.910,2.600,0.000,2.200
'260',23,4,1983,10690.000,8.100,16.600,1.086,2.600,0.000,1.600
'260',24,4,1983,18500.000,5.100,15.800,0.897,2.100,0.000,2.800
'260',25,4,1983,7990.000,7.000,14.200,0.966,3.100,9.800,1.200
'260',26,4,1983,14090.000,6.000,15.700,0.982,2.100,0.000,2.100
'260',27,4,1983,5790.000,5.200,10.900,0.960,3.600,0.000,0.800
'260',28,4,1983,11820.000,6.000,14.300,1.010,2.600,0.000,1.700
'260',29,4,1983,15880.000,5.200,15.100,0.934,2.600,9.000,2.300
'260',30,4,1983,21720.000,3.700,18.100,0.829,2.100,0.000,3.300
'260',1,5,1983,7890.000,9.100,15.700,1.249,2.600,0.000,1.200
'260',2,5,1983,12370.000,7.300,12.500,0.960,4.600,10.500,1.800
'260',3,5,1983,2540.000,6.200,10.100,0.977,4.100,0.000,0.400
'260',4,5,1983,16000.000,3.000,13.800,0.830,2.100,0.000,2.200
'260',5,5,1983,22670.000,0.800,15.800,0.695,2.100,0.000,3.300
'260',6,5,1983,11360.000,7.400,17.500,1.034,3.100,13.300,1.800
'260',7,5,1983,9660.000,9.800,16.000,1.295,1.500,0.000,1.500
'260',8,5,1983,12940.000,8.000,14.700,1.164,2.600,7.100,1.900
'260',9,5,1983,10660.000,9.000,15.900,1.166,3.600,0.000,1.600
'260',10,5,1983,20220.000,4.900,14.200,0.824,3.600,0.000,2.900
'260',11,5,1983,8300.000,5.600,11.100,0.948,3.100,13.000,1.200
'260',12,5,1983,8380.000,5.100,13.500,0.930,5.100,0.000,1.200
'260',13,5,1983,15850.000,7.900,16.000,1.089,3.600,7.900,2.400
'260',14,5,1983,18180.000,7.700,16.200,1.058,2.600,0.000,2.800
'260',15,5,1983,12730.000,5.600,16.100,1.045,2.600,0.000,1.900
'260',16,5,1983,6040.000,6.500,13.100,1.073,2.100,16.400,0.900
'260',17,5,1983,13600.000,8.000,16.300,1.155,2.100,0.000,2.100
'260',18,5,1983,13340.000,7.800,16.500,1.124,2.600,1.500,2.000
'260',19,5,1983,16030.000,8.500,15.800,1.139,3.100,5.900,2.400
'260',20,5,1983,16920.000,7.100,17.000,1.102,2.100,0.000,2.600
'260',21,5,1983,4610.000,8.300,12.700,1.205,2.100,14.800,0.700
'260',22,5,1983,14000.000,5.500,15.000,1.004,2.100,0.000,2.100
'260',23,5,1983,22330.000,3.400,16.900,0.822,2.100,27.700,3.400
'260',24,5,1983,3500.000,9.000,11.300,1.187,4.100,0.000,0.500
'260',25,5,1983,2340.000,8.200,10.800,1.112,4.600,0.000,0.300
'260',26,5,1983,3230.000,8.400,10.100,1.014,5.100,0.000,0.500
'260',27,5,1983,8160.000,6.300,10.800,0.946,2.600,0.000,1.200
'260',28,5,1983,7080.000,6.300,12.400,1.045,2.600,5.200,1.000
'260',29,5,1983,8540.000,7.200,12.300,1.058,2.100,0.000,1.200
'260',30,5,1983,15340.000,3.900,16.200,0.921,1.500,0.000,2.300
'260',31,5,1983,24490.000,10.800,22.800,1.131,2.600,0.000,4.200
'260',1,6,1983,22930.000,13.800,25.000,1.517,3.600,0.000,4.100
'260',2,6,1983,11420.000,10.200,18.000,1.320,3.100,0.000,1.900
'260',3,6,1983,21140.000,10.000,20.400,1.186,2.100,0.000,3.500
'260',4,6,1983,19950.000,12.400,24.000,1.457,3.100,0.000,3.500
'260',5,6,1983,23150.000,8.800,21.000,1.183,3.100,13.000,3.800
'260',6,6,1983,27510.000,6.800,19.600,0.897,4.100,0.000,4.500
'260',7,6,1983,28300.000,9.900,24.000,0.970,4.100,0.000,4.900
'260',8,6,1983,13700.000,14.000,26.000,1.647,2.600,0.000,2.400
'260',9,6,1983,21330.000,12.800,21.500,1.463,3.600,2.900,3.600
'260',10,6,1983,21390.000,11.000,18.700,1.192,2.600,0.000,3.500
'260',11,6,1983,14390.000,10.800,19.500,1.286,3.100,0.000,2.400
'260',12,6,1983,21550.000,11.000,21.300,1.315,3.100,0.000,3.700
'260',13,6,1983,25580.000,9.700,20.400,1.106,2.600,0.000,4.300
'260',14,6,1983,17820.000,8.200,17.000,0.989,3.600,0.000,2.800
'260',15,6,1983,20940.000,7.400,15.800,0.982,3.100,4.900,3.200
'260',16,6,1983,17710.000,6.200,15.800,0.919,2.600,0.000,2.600
'260',17,6,1983,27760.000,4.300,16.600,0.785,3.600,0.000,4.200
'260',18,6,1983,18960.000,9.900,20.600,1.137,3.600,0.000,3.200
'260',19,6,1983,26350.000,9.200,20.300,1.204,4.100,0.000,4.300
'260',20,6,1983,27810.000,12.300,26.200,1.269,3.100,0.000,5.000
'260',21,6,1983,25920.000,14.200,28.400,1.210,2.600,0.000,4.900
'260',22,6,1983,25180.000,15.700,30.300,1.364,2.600,0.000,4.900
'260',23,6,1983,21910.000,16.400,29.500,1.799,1.500,0.000,4.100
'260',24,6,1983,16930.000,15.100,26.100,1.754,2.100,16.800,3.100
'260',25,6,1983,16590.000,14.400,22.500,1.434,3.100,0.000,2.900
'260',26,6,1983,23210.000,12.100,24.300,1.118,2.100,0.000,4.100
'260',27,6,1983,16790.000,8.900,19.300,1.164,3.600,4.800,2.700
'260',28,6,1983,18450.000,8.600,19.400,1.046,3.100,0.000,3.000
'260',29,6,1983,3610.000,13.200,16.500,1.595,3.600,4.700,0.600
'260',30,6,1983,9590.000,12.400,18.200,1.450,2.100,7.100,1.600
'260',1,7,1983,22240.000,9.300,19.200,1.167,2.100,0.000,3.600
'260',2,7,1983,14100.000,9.600,20.400,1.277,3.100,0.000,2.300
'260',3,7,1983,23400.000,8.800,22.100,1.256,1.500,0.000,4.000
'260',4,7,1983,25600.000,9.200,25.300,1.198,1.500,0.000,4.500
'260',5,7,1983,26060.000,13.100,29.200,1.341,2.600,0.000,4.900
'260',6,7,1983,15100.000,16.400,27.500,1.782,2.100,0.000,2.800
'260',7,7,1983,19520.000,17.200,28.400,1.954,1.500,0.000,3.700
'260',8,7,1983,22590.000,16.600,28.700,1.992,2.100,0.000,4.300
'260',9,7,1983,21580.000,16.600,27.400,1.992,2.600,0.000,4.100
'260',10,7,1983,23230.000,16.700,31.300,1.934,2.600,0.000,4.500
'260',11,7,1983,23820.000,17.800,33.000,1.857,2.600,0.000,4.800
'260',12,7,1983,26100.000,17.300,31.300,1.959,2.600,0.000,5.000
'260',13,7,1983,18040.000,13.700,22.700,1.520,2.600,0.000,3.100
'260',14,7,1983,25120.000,13.100,24.500,1.336,2.100,0.000,4.400
'260',15,7,1983,21850.000,12.500,29.800,1.530,2.600,0.000,4.100
'260',16,7,1983,21960.000,16.900,29.600,1.894,2.600,0.000,4.200
'260',17,7,1983,20720.000,16.200,33.200,1.894,2.600,0.000,4.000
'260',18,7,1983,14940.000,15.600,24.300,1.859,2.600,0.000,2.700
'260',19,7,1983,12960.000,13.900,22.700,1.593,2.600,4.500,2.300
'260',20,7,1983,18710.000,10.900,19.900,1.120,2.600,0.000,3.100
'260',21,7,1983,26670.000,9.400,22.700,1.058,2.100,0.000,4.500
'260',22,7,1983,24950.000,11.900,29.000,1.220,2.600,0.000,4.600
'260',23,7,1983,20880.000,15.500,27.900,1.655,2.600,13.800,3.900
'260',24,7,1983,9100.000,14.900,22.900,1.878,1.000,0.000,1.600
'260',25,7,1983,21310.000,13.000,28.200,1.636,1.000,0.000,4.000
'260',26,7,1983,16440.000,16.900,26.300,1.997,2.100,0.000,3.100
'260',27,7,1983,13010.000,15.600,25.300,1.922,2.600,0.000,2.400
'260',28,7,1983,10940.000,14.400,22.800,1.692,3.100,0.000,1.900
'260',29,7,1983,18110.000,14.400,25.200,1.737,2.100,0.000,3.200
'260',30,7,1983,18340.000,12.000,26.400,1.535,1.500,0.000,3.300
'260',31,7,1983,19370.000,14.800,30.800,1.441,2.100,0.000,3.800
'260',1,8,1983,5090.000,13.600,24.600,1.741,3.600,4.200,0.900
'260',2,8,1983,11880.000,10.500,18.400,1.270,2.100,0.000,1.900
'260',3,8,1983,15450.000,7.300,20.200,1.129,1.500,0.000,2.500
'260',4,8,1983,11720.000,9.700,22.300,1.315,2.100,0.000,2.000
'260',5,8,1983,8840.000,13.000,19.500,1.443,2.600,0.000,1.500
'260',6,8,1983,7000.000,13.100,17.900,1.443,3.100,0.000,1.200
'260',7,8,1983,18310.000,14.500,23.800,1.736,2.100,3.500,3.200
'260',8,8,1983,17730.000,13.300,26.800,1.514,2.100,0.000,3.300
'260',9,8,1983,20740.000,15.300,28.500,1.563,3.100,0.000,3.900
'260',10,8,1983,19390.000,15.000,27.000,1.823,3.600,0.000,3.500
'260',11,8,1983,23330.000,12.000,24.900,1.456,3.100,0.000,4.100
'260',12,8,1983,16080.000,9.400,22.900,1.327,2.600,0.000,2.700
'260',13,8,1983,12370.000,12.100,20.200,1.309,2.600,0.000,2.100
'260',14,8,1983,11220.000,11.200,21.200,1.445,1.000,0.000,1.900
'260',15,8,1983,22140.000,10.500,24.400,1.346,1.500,0.000,3.800
'260',16,8,1983,14190.000,12.700,23.400,1.517,2.600,0.000,2.500
'260',17,8,1983,3920.000,16.000,19.700,1.908,2.100,0.000,0.700
'260',18,8,1983,19650.000,13.800,26.400,1.623,2.100,0.000,3.500
'260',19,8,1983,18390.000,13.700,30.800,1.553,2.100,0.000,3.500
'260',20,8,1983,17700.000,18.200,27.600,1.976,2.100,6.500,3.300
'260',21,8,1983,14000.000,15.000,25.500,1.972,1.500,0.000,2.500
'260',22,8,1983,18120.000,13.600,26.600,1.809,1.000,0.000,3.300
'260',23,8,1983,16770.000,15.300,25.800,1.804,2.100,0.000,3.100
'260',24,8,1983,16940.000,15.800,23.600,1.800,3.600,0.000,3.000
'260',25,8,1983,16380.000,15.300,27.500,1.865,3.600,0.000,3.000
'260',26,8,1983,18300.000,13.400,24.200,1.549,3.600,0.000,3.300
'260',27,8,1983,16470.000,10.000,21.200,1.288,2.100,0.000,2.800
'260',28,8,1983,10560.000,13.700,19.800,1.364,3.100,0.000,1.800
'260',29,8,1983,14960.000,12.300,20.100,1.175,2.600,0.000,2.500
'260',30,8,1983,19310.000,10.500,26.000,1.383,2.100,0.000,3.400
'260',31,8,1983,16960.000,10.900,28.100,1.224,1.500,0.000,3.100
'260',1,9,1983,3870.000,15.600,21.300,1.752,1.500,0.000,0.700
'260',2,9,1983,12650.000,15.100,22.100,1.524,4.100,0.000,2.200
'260',3,9,1983,3540.000,13.400,18.000,1.393,6.200,0.000,0.600
'260',4,9,1983,10250.000,11.100,18.200,1.263,4.600,4.800,1.700
'260',5,9,1983,9800.000,9.100,17.300,1.036,4.100,0.000,1.600
'260',6,9,1983,15130.000,7.500,17.400,1.022,3.100,0.000,2.400
'260',7,9,1983,16180.000,5.600,17.500,0.901,2.100,0.000,2.400
'260',8,9,1983,11630.000,6.900,19.600,0.915,2.600,0.000,1.900
'260',9,9,1983,6840.000,13.600,18.700,1.466,3.600,11.500,1.100
'260',10,9,1983,8720.000,11.000,19.300,1.391,3.600,0.000,1.400
'260',11,9,1983,3930.000,8.900,12.900,1.175,4.600,48.000,0.600
'260',12,9,1983,10360.000,11.100,17.400,1.397,3.600,0.000,1.700
'260',13,9,1983,11530.000,9.700,15.400,1.141,3.600,0.000,1.800
'260',14,9,1983,3090.000,12.100,17.700,1.548,4.100,0.000,0.500
'260',15,9,1983,6530.000,12.400,19.100,1.466,4.600,0.000,1.100
'260',16,9,1983,8690.000,10.800,16.400,1.224,5.100,4.800,1.400
'260',17,9,1983,6340.000,10.800,15.500,1.389,3.600,0.000,1.000
'260',18,9,1983,2240.000,10.600,15.100,1.363,4.100,0.000,0.400
'260',19,9,1983,12800.000,10.800,18.500,1.305,4.100,0.000,2.100
'260',20,9,1983,11770.000,9.900,17.200,1.234,3.100,0.000,1.900
'260',21,9,1983,7480.000,10.600,17.600,1.361,3.600,3.000,1.200
'260',22,9,1983,10920.000,6.700,16.800,1.051,2.600,0.000,1.700
'260',23,9,1983,14350.000,6.000,19.500,0.967,2.100,0.000,2.300
'260',24,9,1983,8950.000,11.100,23.200,1.516,3.100,0.000,1.500
'260',25,9,1983,14040.000,5.400,17.600,1.018,1.000,0.000,2.100
'260',26,9,1983,13230.000,5.100,21.300,1.096,1.000,0.000,2.100
'260',27,9,1983,6720.000,8.600,20.200,1.367,1.000,0.000,1.100
'260',28,9,1983,7280.000,13.100,19.200,1.564,2.600,0.000,1.200
'260',29,9,1983,11820.000,11.400,23.500,1.583,1.500,0.000,2.000
'260',30,9,1983,6770.000,10.200,16.800,1.237,3.100,0.000,1.100
'260',1,10,1983,9330.000,5.900,15.300,0.908,3.100,0.000,1.400
'260',2,10,1983,5590.000,12.700,18.600,1.552,2.600,0.000,0.900
'260',3,10,1983,4120.000,13.400,21.100,1.677,3.100,1.700,0.700
'260',4,10,1983,10800.000,13.400,26.500,1.683,3.100,0.000,1.900
'260',5,10,1983,8950.000,13.700,18.300,1.438,5.100,0.000,1.500
'260',6,10,1983,6950.000,12.100,18.000,1.342,3.600,0.000,1.100
'260',7,10,1983,4140.000,9.600,16.500,1.286,4.100,8.000,0.700
'260',8,10,1983,3950.000,8.000,13.800,1.073,3.600,0.000,0.600
'260',9,10,1983,5460.000,7.700,14.500,1.092,2.600,0.000,0.800
'260',10,10,1983,1940.000,10.400,14.700,1.295,5.100,11.000,0.300
'260',11,10,1983,9750.000,8.800,14.700,1.081,4.100,0.000,1.500
'260',12,10,1983,5000.000,7.200,13.200,1.010,3.600,0.000,0.800
'260',13,10,1983,9880.000,8.200,18.200,1.088,4.100,0.000,1.600
'260',14,10,1983,6860.000,8.700,15.900,1.096,4.100,0.000,1.100
'260',15,10,1983,5360.000,9.600,15.300,1.105,6.700,3.100,0.800
'260',16,10,1983,6440.000,8.300,14.600,1.070,7.700,5.600,0.900
'260',17,10,1983,3860.000,7.700,12.600,1.039,4.100,7.800,0.600
'260',18,10,1983,1770.000,7.800,15.100,1.153,5.100,0.000,0.300
'260',19,10,1983,6890.000,7.500,14.700,0.960,4.600,0.000,1.100
'260',20,10,1983,3080.000,3.000,11.300,0.775,2.100,0.000,0.400
'260',21,10,1983,7330.000,-0.100,12.200,0.740,1.000,0.000,0.900
'260',22,10,1983,7790.000,-1.800,12.000,0.667,0.500,0.000,0.900
'260',23,10,1983,8990.000,-2.300,11.200,0.692,1.000,0.000,1.000
'260',24,10,1983,4550.000,-2.800,11.300,0.638,1.500,0.000,0.500
'260',25,10,1983,5310.000,-2.700,9.400,0.612,2.100,0.000,0.700
'260',26,10,1983,2730.000,6.900,13.200,1.130,2.100,0.000,0.400
'260',27,10,1983,4990.000,7.800,14.100,1.124,2.600,0.000,0.700
'260',28,10,1983,6870.000,2.500,12.400,0.825,2.100,2.500,1.000
'260',29,10,1983,7690.000,-1.100,10.100,0.666,1.500,0.000,0.900
'260',30,10,1983,7070.000,-3.400,10.200,0.585,2.600,0.000,0.900
'260',31,10,1983,5090.000,5.500,13.400,0.899,2.600,0.000,0.700
'260',1,11,1983,2490.000,7.300,13.400,1.094,3.100,0.000,0.400
'260',2,11,1983,4550.000,8.300,15.400,1.267,1.500,0.000,0.700
'260',3,11,1983,6390.000,5.600,13.300,1.038,2.100,0.000,0.900
'260',4,11,1983,5720.000,3.400,14.300,0.992,1.000,0.000,0.800
'260',5,11,1983,3970.000,4.400,12.900,1.050,1.000,0.000,0.600
'260',6,11,1983,1280.000,9.000,10.600,1.186,1.500,0.000,0.200
'260',7,11,1983,6370.000,4.600,14.300,1.005,2.100,0.000,0.900
'260',8,11,1983,5330.000,5.200,14.500,0.956,2.100,0.000,0.800
'260',9,11,1983,5050.000,6.100,16.500,1.029,1.000,0.000,0.700
'260',10,11,1983,4920.000,4.500,14.600,0.917,1.000,0.000,0.700
'260',11,11,1983,1010.000,4.000,9.200,0.881,3.100,0.000,0.100
'260',12,11,1983,5950.000,-1.800,7.400,0.564,2.600,0.000,0.700
'260',13,11,1983,5190.000,-3.300,4.200,0.473,3.600,0.000,0.500
'260',14,11,1983,6300.000,-7.600,2.600,0.357,2.600,0.000,0.600
'260',15,11,1983,1880.000,-7.000,7.700,0.506,1.500,0.000,0.200
'260',16,11,1983,3950.000,3.000,9.600,0.844,2.100,0.000,0.500
'260',17,11,1983,3350.000,-1.600,8.000,0.657,2.100,1.000,0.400
'260',18,11,1983,2440.000,-4.800,5.200,0.531,1.000,0.000,0.300
'260',19,11,1983,1210.000,4.100,7.900,0.880,1.500,0.700,0.200
'260',20,11,1983,920.000,1.900,8.700,0.734,2.100,0.000,0.100
'260',21,11,1983,4320.000,-1.200,6.900,0.609,2.100,0.000,0.500
'260',22,11,1983,3370.000,-1.500,7.300,0.613,1.500,0.000,0.400
'260',23,11,1983,4620.000,-2.900,7.800,0.592,1.500,0.000,0.500
'260',24,11,1983,3810.000,-3.200,3.700,0.553,2.100,0.000,0.400
'260',25,11,1983,450.000,3.500,13.600,1.013,5.700,2.500,0.100
'260',26,11,1983,740.000,11.200,14.100,1.326,6.700,18.600,0.100
'260',27,11,1983,430.000,8.900,15.100,1.220,9.300,25.300,0.100
'260',28,11,1983,730.000,6.000,9.200,0.923,2.600,20.900,0.100
'260',29,11,1983,2300.000,1.700,9.800,0.739,2.600,3.300,0.300
'260',30,11,1983,3060.000,-1.700,6.700,0.599,2.600,0.000,0.400
'260',1,12,1983,4460.000,-5.000,0.600,0.472,1.500,0.000,0.400
'260',2,12,1983,3640.000,-5.100,0.100,0.448,2.100,0.000,0.400
'260',3,12,1983,4030.000,-4.000,1.200,0.459,2.100,0.000,0.400
'260',4,12,1983,3690.000,-4.500,4.300,0.464,2.100,0.000,0.400
'260',5,12,1983,3490.000,0.500,5.900,0.588,2.600,0.000,0.400
'260',6,12,1983,2670.000,0.300,7.000,0.723,1.500,5.900,0.300
'260',7,12,1983,1500.000,-0.300,5.600,0.628,1.500,0.000,0.200
'260',8,12,1983,400.000,1.500,4.100,0.684,5.100,0.000,0.000
'260',9,12,1983,470.000,4.000,6.000,0.809,5.100,21.200,0.100
'260',10,12,1983,2860.000,-1.300,6.000,0.593,3.100,12.500,0.300
'260',11,12,1983,4380.000,-3.500,4.700,0.553,1.000,0.000,0.500
'260',12,12,1983,1660.000,-6.000,-0.800,0.442,2.100,0.000,0.200
'260',13,12,1983,3660.000,-5.300,3.800,0.517,2.100,0.000,0.400
'260',14,12,1983,3670.000,-2.800,0.400,0.494,4.100,0.000,0.400
'260',15,12,1983,2880.000,-2.000,4.000,0.512,4.600,0.000,0.300
'260',16,12,1983,1210.000,-1.900,1.400,0.446,3.100,0.000,0.100
'260',17,12,1983,1590.000,-2.100,5.500,0.530,2.600,0.000,0.200
'260',18,12,1983,3350.000,2.300,4.800,0.706,3.600,1.200,0.400
'260',19,12,1983,1650.000,4.100,8.900,0.839,3.600,1.300,0.200
'260',20,12,1983,1610.000,6.100,9.400,0.869,4.600,0.700,0.200
'260',21,12,1983,2600.000,4.400,8.700,0.797,4.100,1.000,0.300
'260',22,12,1983,620.000,4.900,9.600,0.904,5.700,0.000,0.100
'260',23,12,1983,1150.000,5.900,10.100,0.923,5.100,6.600,0.200
'260',24,12,1983,480.000,5.800,13.400,1.026,4.600,2.900,0.100
'260',25,12,1983,1120.000,9.400,10.900,1.128,5.100,8.200,0.200
'260',26,12,1983,1340.000,2.700,10.300,0.774,4.600,5.800,0.200
'260',27,12,1983,260.000,1.700,10.700,0.836,6.200,3.200,0.000
'260',28,12,1983,340.000,9.000,10.900,1.136,4.600,3.200,0.000
'260',29,12,1983,850.000,4.600,9.300,0.935,3.100,0.700,0.100
'260',30,12,1983,2340.000,3.600,9.600,0.771,3.100,0.000,0.300
'260',31,12,1983,1760.000,2.100,8.300,0.724,5.700,0.000,0.200
