* Source of data    : Royal Netherlands Meterological Institute (www.knmi.nl)  
* File content      : Input file for Swap 3.2 (www.swap.alterra.nl) 
* File generated by : Alterra - Wageningen-UR (www.alterra.wur.nl)  
* File generated at :  Fri Feb 20 00:19:39 2009  
station,DD,MM,YYYY,Rad,Tmin,Tmax,Hum,Wind,Rain,ETref
'260',1,1,1982,930.000,1.200,7.200,0.773,1.500,1.500,0.100
'260',2,1,1982,810.000,4.800,10.800,1.003,3.600,5.600,0.100
'260',3,1,1982,2630.000,7.100,11.500,1.030,4.100,0.400,0.400
'260',4,1,1982,1100.000,8.000,11.000,1.016,5.700,7.700,0.200
'260',5,1,1982,700.000,-0.600,10.100,0.715,5.100,16.400,0.100
'260',6,1,1982,3760.000,-7.800,-0.400,0.367,3.600,0.000,0.400
'260',7,1,1982,4530.000,-10.200,-1.900,0.305,1.500,0.000,0.400
'260',8,1,1982,2530.000,-6.200,-3.900,0.309,5.100,0.000,0.200
'260',9,1,1982,1530.000,-11.800,-5.600,0.261,4.100,0.900,0.100
'260',10,1,1982,4860.000,-13.600,-3.800,0.234,2.600,0.300,0.300
'260',11,1,1982,2050.000,-10.200,-1.000,0.271,2.600,0.000,0.200
'260',12,1,1982,4710.000,-8.800,2.500,0.404,1.000,0.000,0.400
'260',13,1,1982,4460.000,-10.500,-0.100,0.363,1.000,0.000,0.400
'260',14,1,1982,5090.000,-9.000,0.600,0.287,2.600,0.000,0.400
'260',15,1,1982,4170.000,-8.800,3.100,0.369,2.600,0.000,0.400
'260',16,1,1982,4220.000,-0.900,6.300,0.501,2.600,0.000,0.500
'260',17,1,1982,4070.000,-1.800,7.300,0.520,1.500,0.000,0.500
'260',18,1,1982,4330.000,-3.700,6.100,0.548,1.000,0.000,0.500
'260',19,1,1982,2650.000,-1.200,5.400,0.572,1.500,0.000,0.300
'260',20,1,1982,4700.000,0.200,7.000,0.636,2.100,0.600,0.500
'260',21,1,1982,1510.000,0.000,3.900,0.689,1.500,0.100,0.200
'260',22,1,1982,1000.000,-1.000,4.000,0.662,2.600,0.200,0.100
'260',23,1,1982,1570.000,-2.100,3.200,0.617,1.000,0.000,0.200
'260',24,1,1982,1970.000,-3.000,2.600,0.559,1.500,1.000,0.200
'260',25,1,1982,570.000,1.700,3.100,0.696,4.100,3.600,0.100
'260',26,1,1982,1410.000,3.000,6.600,0.793,5.100,6.100,0.200
'260',27,1,1982,3000.000,-0.100,4.400,0.598,3.100,0.000,0.300
'260',28,1,1982,1500.000,-0.200,6.700,0.627,4.100,2.100,0.200
'260',29,1,1982,1130.000,5.300,9.700,0.911,4.600,6.500,0.200
'260',30,1,1982,2590.000,7.300,10.100,0.929,5.700,7.200,0.400
'260',31,1,1982,6540.000,-2.500,7.800,0.598,2.100,0.000,0.800
'260',1,2,1982,6640.000,-2.900,5.400,0.535,1.500,0.000,0.700
'260',2,2,1982,7060.000,-2.100,5.000,0.471,3.600,0.000,0.800
'260',3,2,1982,6330.000,-1.300,3.200,0.419,5.100,0.000,0.700
'260',4,2,1982,6080.000,-0.900,6.300,0.530,3.100,0.000,0.700
'260',5,2,1982,5600.000,0.800,9.000,0.704,3.100,3.000,0.700
'260',6,2,1982,2310.000,5.700,8.600,0.926,3.100,0.500,0.300
'260',7,2,1982,800.000,4.900,6.900,0.899,2.600,2.000,0.100
'260',8,2,1982,3770.000,2.200,8.000,0.773,3.100,0.000,0.500
'260',9,2,1982,2970.000,4.000,9.700,0.835,3.100,0.000,0.400
'260',10,2,1982,4140.000,2.100,10.000,0.721,2.600,0.000,0.500
'260',11,2,1982,6470.000,2.100,12.300,0.779,2.600,1.600,0.900
'260',12,2,1982,5060.000,-0.600,9.600,0.715,2.600,0.000,0.700
'260',13,2,1982,6430.000,4.400,12.200,0.843,3.600,3.000,0.900
'260',14,2,1982,6600.000,0.000,8.900,0.708,1.500,0.000,0.800
'260',15,2,1982,2430.000,0.100,4.300,0.651,4.100,0.000,0.300
'260',16,2,1982,810.000,0.800,2.000,0.601,3.100,0.000,0.100
'260',17,2,1982,1190.000,-0.200,1.700,0.573,3.100,0.000,0.100
'260',18,2,1982,4500.000,-1.200,5.900,0.587,3.600,0.000,0.500
'260',19,2,1982,6400.000,-3.100,0.600,0.425,4.100,0.000,0.600
'260',20,2,1982,8980.000,-4.600,4.400,0.395,3.600,0.000,0.900
'260',21,2,1982,10330.000,-3.700,5.200,0.378,3.100,0.000,1.100
'260',22,2,1982,10460.000,-3.600,7.000,0.383,3.100,0.000,1.200
'260',23,2,1982,8760.000,-5.700,4.200,0.431,2.100,0.000,0.900
'260',24,2,1982,2300.000,-2.800,-1.100,0.507,1.500,0.000,0.200
'260',25,2,1982,6770.000,-5.100,2.500,0.474,2.100,0.000,0.700
'260',26,2,1982,7840.000,-7.200,4.600,0.381,2.100,0.000,0.800
'260',27,2,1982,2190.000,-0.600,4.900,0.587,3.100,0.000,0.300
'260',28,2,1982,1540.000,3.700,10.200,0.942,4.100,3.200,0.200
'260',1,3,1982,5540.000,5.200,13.300,0.908,7.200,6.700,0.800
'260',2,3,1982,10130.000,3.200,9.400,0.773,5.100,7.600,1.300
'260',3,3,1982,2080.000,6.000,9.200,0.934,7.700,10.800,0.300
'260',4,3,1982,2890.000,0.600,6.900,0.653,4.600,3.900,0.400
'260',5,3,1982,10690.000,-2.300,8.100,0.566,2.100,0.000,1.300
'260',6,3,1982,12060.000,-4.000,7.700,0.482,2.600,0.000,1.300
'260',7,3,1982,12520.000,-2.000,6.400,0.457,2.600,0.000,1.400
'260',8,3,1982,11820.000,-3.600,8.500,0.534,1.000,0.000,1.300
'260',9,3,1982,6100.000,-3.100,8.400,0.580,2.100,0.500,0.700
'260',10,3,1982,1330.000,1.900,9.200,0.787,7.700,16.400,0.200
'260',11,3,1982,7410.000,2.100,7.100,0.584,6.200,1.200,0.900
'260',12,3,1982,4030.000,2.100,8.700,0.680,5.100,7.400,0.500
'260',13,3,1982,10090.000,1.200,7.800,0.646,3.100,0.500,1.200
'260',14,3,1982,4910.000,1.400,9.100,0.717,4.600,0.000,0.600
'260',15,3,1982,11430.000,5.900,12.900,0.709,6.200,3.800,1.600
'260',16,3,1982,8500.000,3.300,10.400,0.739,6.700,2.900,1.100
'260',17,3,1982,9650.000,2.200,9.600,0.743,4.100,1.200,1.200
'260',18,3,1982,9110.000,0.800,9.500,0.746,2.600,0.800,1.100
'260',19,3,1982,9990.000,-0.200,9.900,0.693,1.500,1.600,1.200
'260',20,3,1982,11700.000,2.900,9.200,0.704,4.100,0.000,1.500
'260',21,3,1982,6990.000,1.000,6.800,0.576,1.000,0.000,0.900
'260',22,3,1982,7130.000,1.900,8.000,0.704,1.000,0.000,0.900
'260',23,3,1982,8340.000,3.000,9.300,0.773,2.600,0.000,1.100
'260',24,3,1982,11860.000,1.000,10.000,0.762,1.500,0.000,1.500
'260',25,3,1982,15750.000,-0.900,11.900,0.657,1.000,0.000,1.900
'260',26,3,1982,16100.000,-2.000,16.900,0.596,1.000,0.000,2.200
'260',27,3,1982,15190.000,1.000,18.500,0.733,1.000,0.000,2.200
'260',28,3,1982,7900.000,3.000,11.300,0.842,1.500,0.000,1.100
'260',29,3,1982,2500.000,2.300,6.900,0.761,2.100,1.300,0.300
'260',30,3,1982,5560.000,2.900,7.000,0.653,5.100,0.000,0.700
'260',31,3,1982,18880.000,1.800,10.800,0.561,5.100,0.000,2.500
'260',1,4,1982,16700.000,1.700,15.500,0.645,2.600,0.000,2.400
'260',2,4,1982,14390.000,3.200,17.900,0.861,2.100,1.300,2.100
'260',3,4,1982,14750.000,4.500,13.400,0.893,2.100,0.000,2.100
'260',4,4,1982,17680.000,2.400,16.400,0.680,2.100,0.000,2.600
'260',5,4,1982,16120.000,5.300,19.100,0.762,2.100,0.000,2.500
'260',6,4,1982,7320.000,9.000,17.000,1.154,2.600,1.900,1.100
'260',7,4,1982,4880.000,9.200,14.700,1.194,6.200,3.400,0.700
'260',8,4,1982,10830.000,1.700,10.000,0.663,5.100,0.700,1.400
'260',9,4,1982,12490.000,0.400,7.100,0.566,3.600,1.900,1.500
'260',10,4,1982,10520.000,1.100,8.400,0.629,3.600,0.000,1.300
'260',11,4,1982,11780.000,0.000,7.600,0.586,4.100,0.700,1.400
'260',12,4,1982,13800.000,0.100,7.500,0.618,3.600,1.600,1.700
'260',13,4,1982,19610.000,-0.300,9.500,0.596,3.600,0.000,2.400
'260',14,4,1982,19600.000,-2.200,10.500,0.524,1.500,0.000,2.400
'260',15,4,1982,21220.000,-1.500,14.600,0.544,2.100,0.000,2.900
'260',16,4,1982,21510.000,2.000,15.200,0.712,3.100,0.000,3.100
'260',17,4,1982,22680.000,3.600,10.800,0.697,5.100,0.000,3.100
'260',18,4,1982,19160.000,4.700,12.800,0.682,2.600,0.000,2.700
'260',19,4,1982,23200.000,0.400,13.900,0.622,2.600,0.000,3.200
'260',20,4,1982,18490.000,2.500,13.300,0.742,2.600,0.000,2.500
'260',21,4,1982,18000.000,2.900,12.500,0.743,2.600,0.000,2.500
'260',22,4,1982,21610.000,1.300,15.500,0.690,2.100,0.000,3.000
'260',23,4,1982,15010.000,1.400,13.900,0.778,3.100,0.200,2.000
'260',24,4,1982,18880.000,3.900,11.900,0.726,5.100,0.000,2.600
'260',25,4,1982,22470.000,2.200,14.000,0.772,3.600,0.000,3.100
'260',26,4,1982,14300.000,4.900,12.100,0.859,5.100,0.100,2.000
'260',27,4,1982,6090.000,5.300,10.700,0.864,3.600,0.000,0.900
'260',28,4,1982,14270.000,4.500,13.100,0.876,3.100,0.000,2.000
'260',29,4,1982,12370.000,1.400,10.600,0.690,4.600,4.100,1.600
'260',30,4,1982,6280.000,1.100,9.500,0.680,3.600,2.400,0.800
'260',1,5,1982,7030.000,3.700,10.100,0.765,4.600,3.400,1.000
'260',2,5,1982,16510.000,3.500,11.600,0.608,4.600,0.000,2.300
'260',3,5,1982,15270.000,6.500,13.500,0.810,6.200,1.100,2.200
'260',4,5,1982,21450.000,3.900,12.600,0.718,5.100,5.500,3.000
'260',5,5,1982,11030.000,3.500,11.100,0.778,2.100,4.400,1.500
'260',6,5,1982,7110.000,5.000,9.100,0.895,2.100,9.100,1.000
'260',7,5,1982,12460.000,4.200,10.600,0.822,3.100,0.000,1.700
'260',8,5,1982,15440.000,2.100,11.300,0.743,2.600,0.200,2.100
'260',9,5,1982,27170.000,-1.000,14.400,0.599,2.600,0.000,3.800
'260',10,5,1982,21690.000,2.200,16.000,0.637,2.600,0.000,3.200
'260',11,5,1982,22780.000,4.000,17.200,0.725,2.100,0.000,3.400
'260',12,5,1982,22740.000,4.900,18.800,0.768,2.600,0.000,3.500
'260',13,5,1982,27630.000,3.800,19.600,0.653,2.600,0.000,4.300
'260',14,5,1982,28200.000,4.500,22.800,0.646,3.100,0.000,4.600
'260',15,5,1982,26450.000,6.700,25.600,0.862,2.100,0.000,4.600
'260',16,5,1982,19400.000,10.500,24.300,1.129,1.500,1.300,3.400
'260',17,5,1982,22050.000,10.700,23.600,1.250,1.500,4.300,3.800
'260',18,5,1982,12440.000,9.700,19.400,1.365,2.100,2.800,2.000
'260',19,5,1982,19510.000,7.300,19.300,1.095,2.100,0.300,3.200
'260',20,5,1982,9150.000,12.200,17.900,1.579,1.500,1.100,1.500
'260',21,5,1982,15280.000,11.800,20.200,1.450,1.500,0.000,2.500
'260',22,5,1982,8850.000,12.500,18.100,1.469,3.600,2.300,1.400
'260',23,5,1982,9360.000,9.700,15.500,1.187,3.100,3.200,1.500
'260',24,5,1982,20380.000,8.900,16.900,1.075,3.600,0.100,3.200
'260',25,5,1982,14420.000,9.500,20.000,1.182,3.100,0.000,2.400
'260',26,5,1982,26660.000,10.000,26.300,1.139,2.100,0.000,4.800
'260',27,5,1982,16080.000,12.000,24.900,1.514,2.600,2.200,2.800
'260',28,5,1982,20290.000,8.200,18.000,1.026,2.600,0.000,3.200
'260',29,5,1982,24350.000,5.300,20.500,0.859,2.100,0.000,4.000
'260',30,5,1982,29210.000,10.200,23.800,0.945,3.600,0.000,5.100
'260',31,5,1982,28480.000,12.100,27.200,1.157,2.100,0.000,5.200
'260',1,6,1982,22430.000,11.700,29.200,1.417,1.000,0.000,4.100
'260',2,6,1982,24410.000,16.000,29.000,1.751,1.500,0.000,4.600
'260',3,6,1982,23840.000,17.600,29.500,1.894,1.500,0.000,4.600
'260',4,6,1982,16420.000,15.600,26.800,1.793,2.100,0.000,3.100
'260',5,6,1982,25980.000,14.200,29.600,1.631,1.500,0.700,4.900
'260',6,6,1982,11220.000,16.000,27.400,1.991,1.000,11.500,2.100
'260',7,6,1982,15920.000,15.000,25.800,1.758,1.500,0.000,2.900
'260',8,6,1982,26120.000,13.800,24.300,1.496,2.600,0.000,4.700
'260',9,6,1982,27020.000,11.500,20.200,1.260,2.600,0.000,4.600
'260',10,6,1982,25440.000,7.500,21.800,0.980,2.600,1.300,4.300
'260',11,6,1982,7140.000,12.600,19.100,1.389,3.600,1.600,1.200
'260',12,6,1982,14920.000,10.800,18.000,1.194,4.100,4.500,2.400
'260',13,6,1982,14900.000,10.100,16.300,1.187,3.600,7.700,2.300
'260',14,6,1982,16410.000,8.100,15.500,0.964,3.100,0.000,2.500
'260',15,6,1982,10950.000,7.700,15.800,0.902,1.000,6.800,1.700
'260',16,6,1982,8150.000,7.800,15.400,1.148,1.500,0.000,1.200
'260',17,6,1982,17890.000,4.800,17.200,0.861,2.100,0.000,2.800
'260',18,6,1982,13450.000,9.000,19.300,1.260,2.600,4.800,2.200
'260',19,6,1982,10110.000,13.000,17.600,1.546,3.100,7.100,1.600
'260',20,6,1982,20620.000,10.100,19.500,1.312,2.100,0.000,3.400
'260',21,6,1982,15470.000,9.000,19.100,1.240,2.100,0.000,2.500
'260',22,6,1982,12250.000,13.800,21.300,1.634,3.100,9.300,2.100
'260',23,6,1982,15700.000,13.800,21.300,1.615,3.600,1.600,2.700
'260',24,6,1982,10600.000,12.500,19.400,1.553,3.100,1.300,1.800
'260',25,6,1982,19920.000,11.300,22.800,1.392,2.600,11.200,3.500
'260',26,6,1982,22070.000,13.000,22.000,1.454,3.100,0.200,3.800
'260',27,6,1982,17150.000,12.900,19.400,1.434,3.600,3.600,2.900
'260',28,6,1982,12490.000,12.200,18.300,1.307,4.100,4.700,2.100
'260',29,6,1982,19220.000,12.300,19.000,1.283,3.600,3.500,3.200
'260',30,6,1982,23040.000,10.800,19.600,1.190,3.100,0.500,3.900
'260',1,7,1982,10730.000,11.200,18.000,1.376,2.100,0.200,1.800
'260',2,7,1982,25740.000,13.800,26.700,1.545,2.600,9.100,4.800
'260',3,7,1982,8830.000,13.100,22.000,1.537,2.600,2.500,1.500
'260',4,7,1982,18890.000,12.000,18.500,1.167,4.600,0.000,3.200
'260',5,7,1982,21220.000,13.800,19.500,1.266,3.100,0.000,3.600
'260',6,7,1982,9970.000,11.000,19.000,1.348,2.100,0.000,1.700
'260',7,7,1982,27220.000,10.100,23.200,1.276,1.000,0.000,4.700
'260',8,7,1982,26260.000,12.100,26.900,1.374,1.500,0.000,4.800
'260',9,7,1982,28040.000,16.000,31.700,1.467,4.100,0.000,5.500
'260',10,7,1982,13280.000,16.200,22.600,1.675,3.100,0.000,2.400
'260',11,7,1982,25020.000,15.400,26.900,1.805,4.100,0.000,4.600
'260',12,7,1982,24380.000,17.000,29.200,1.888,4.600,0.000,4.600
'260',13,7,1982,24970.000,15.500,29.800,1.762,3.600,0.000,4.800
'260',14,7,1982,22930.000,17.300,32.100,1.873,3.100,1.200,4.500
'260',15,7,1982,18780.000,16.500,28.300,2.019,3.600,1.000,3.500
'260',16,7,1982,17490.000,10.900,21.700,1.216,2.600,0.000,3.000
'260',17,7,1982,19670.000,9.300,22.200,1.157,2.100,0.000,3.400
'260',18,7,1982,27100.000,9.900,23.200,1.127,3.100,0.000,4.800
'260',19,7,1982,21500.000,13.300,23.000,1.504,4.100,0.000,3.800
'260',20,7,1982,21730.000,12.500,25.100,1.455,4.600,0.000,3.900
'260',21,7,1982,16780.000,13.100,21.500,1.482,4.600,0.000,2.900
'260',22,7,1982,17430.000,11.200,21.400,1.259,2.600,0.000,3.000
'260',23,7,1982,11850.000,15.200,20.500,1.470,2.100,0.000,2.100
'260',24,7,1982,10550.000,15.100,20.900,1.520,2.600,0.000,1.800
'260',25,7,1982,14600.000,14.000,19.600,1.392,2.100,0.000,2.500
'260',26,7,1982,16780.000,12.000,20.600,1.316,2.600,0.000,2.800
'260',27,7,1982,12780.000,12.700,20.000,1.444,2.600,0.400,2.100
'260',28,7,1982,21530.000,14.600,24.000,1.580,4.600,0.000,3.800
'260',29,7,1982,22460.000,14.300,28.000,1.481,4.100,0.000,4.200
'260',30,7,1982,21290.000,14.900,30.300,1.193,4.100,0.000,4.100
'260',31,7,1982,20750.000,18.300,29.800,1.710,2.100,0.000,4.000
'260',1,8,1982,17800.000,17.800,25.600,2.038,2.100,0.000,3.300
'260',2,8,1982,22140.000,16.700,31.900,1.573,2.600,0.000,4.300
'260',3,8,1982,21720.000,17.700,31.400,1.406,2.100,0.000,4.300
'260',4,8,1982,21550.000,15.700,30.800,1.706,2.100,38.600,4.100
'260',5,8,1982,5770.000,15.300,20.800,1.833,2.100,2.100,1.000
'260',6,8,1982,21490.000,14.800,25.800,1.811,1.500,0.000,3.900
'260',7,8,1982,16850.000,16.900,23.700,1.930,2.600,1.700,3.100
'260',8,8,1982,9940.000,14.600,22.500,1.632,2.100,1.800,1.800
'260',9,8,1982,13910.000,12.600,22.800,1.492,3.100,0.000,2.400
'260',10,8,1982,23080.000,10.800,22.300,1.260,2.600,0.000,4.000
'260',11,8,1982,20730.000,10.000,24.800,1.323,2.100,0.000,3.600
'260',12,8,1982,20960.000,14.000,28.700,1.706,3.100,0.000,3.800
'260',13,8,1982,12860.000,13.000,20.600,1.427,4.100,2.500,2.200
'260',14,8,1982,18630.000,11.400,20.500,1.263,2.100,2.200,3.100
'260',15,8,1982,9180.000,13.400,21.500,1.596,3.600,5.600,1.600
'260',16,8,1982,10330.000,15.100,20.400,1.461,4.100,0.000,1.800
'260',17,8,1982,14170.000,14.300,20.200,1.448,3.600,6.800,2.400
'260',18,8,1982,5860.000,13.300,19.000,1.496,5.100,7.300,1.000
'260',19,8,1982,20770.000,9.700,19.200,1.063,4.100,0.000,3.400
'260',20,8,1982,19310.000,10.700,18.000,1.221,4.600,2.800,3.100
'260',21,8,1982,10590.000,14.000,17.100,1.336,4.100,0.300,1.800
'260',22,8,1982,8740.000,13.700,20.800,1.532,4.100,0.000,1.500
'260',23,8,1982,10840.000,13.000,19.200,1.486,3.100,0.100,1.800
'260',24,8,1982,11670.000,11.800,19.100,1.448,3.100,3.300,1.900
'260',25,8,1982,13650.000,9.400,18.100,1.144,3.100,2.000,2.200
'260',26,8,1982,11440.000,9.500,18.700,1.241,2.100,2.100,1.900
'260',27,8,1982,14640.000,8.700,18.400,1.146,3.100,1.000,2.400
'260',28,8,1982,12210.000,7.600,19.800,1.223,1.500,1.900,1.900
'260',29,8,1982,20180.000,6.200,21.200,1.033,2.100,0.000,3.300
'260',30,8,1982,12480.000,11.000,19.700,1.353,3.100,1.100,2.100
'260',31,8,1982,9080.000,10.300,17.700,1.301,2.600,0.000,1.500
'260',1,9,1982,8840.000,7.500,17.100,1.151,2.600,2.500,1.400
'260',2,9,1982,20110.000,7.400,19.000,1.122,2.600,0.000,3.200
'260',3,9,1982,18650.000,6.700,21.400,1.006,3.100,0.000,3.100
'260',4,9,1982,17390.000,11.400,21.500,1.379,2.600,0.000,2.900
'260',5,9,1982,13560.000,11.300,24.900,1.504,2.600,0.500,2.400
'260',6,9,1982,3460.000,14.500,19.300,1.654,2.600,0.500,0.600
'260',7,9,1982,5010.000,14.000,19.500,1.557,3.100,0.000,0.900
'260',8,9,1982,9730.000,14.600,20.500,1.575,2.600,0.000,1.700
'260',9,9,1982,15010.000,9.500,20.900,1.284,1.500,0.000,2.500
'260',10,9,1982,16260.000,9.300,25.400,1.343,1.500,0.000,2.800
'260',11,9,1982,12350.000,10.900,21.500,1.435,2.600,0.000,2.100
'260',12,9,1982,10810.000,8.500,21.800,1.371,1.500,0.000,1.800
'260',13,9,1982,13050.000,8.500,21.900,1.280,2.100,0.000,2.200
'260',14,9,1982,14690.000,7.000,21.700,1.171,1.000,0.000,2.400
'260',15,9,1982,14340.000,9.000,26.500,1.449,1.000,0.000,2.500
'260',16,9,1982,11830.000,9.600,24.500,1.550,1.500,0.000,2.000
'260',17,9,1982,13950.000,9.600,25.400,1.416,2.100,0.000,2.400
'260',18,9,1982,10290.000,13.200,22.000,1.794,1.500,0.000,1.800
'260',19,9,1982,13820.000,12.400,26.400,1.544,2.100,0.000,2.500
'260',20,9,1982,9600.000,15.500,23.800,1.831,3.600,0.500,1.700
'260',21,9,1982,4440.000,8.200,20.000,1.218,5.100,0.300,0.700
'260',22,9,1982,14430.000,4.800,16.600,0.887,2.100,0.000,2.200
'260',23,9,1982,10990.000,2.400,16.800,0.863,2.600,0.600,1.600
'260',24,9,1982,11430.000,11.500,18.500,1.277,3.600,0.000,1.900
'260',25,9,1982,4290.000,13.100,18.300,1.458,3.600,7.200,0.700
'260',26,9,1982,4920.000,12.300,17.400,1.398,3.600,3.000,0.800
'260',27,9,1982,13600.000,10.700,18.700,1.193,4.600,0.000,2.200
'260',28,9,1982,12490.000,10.600,18.000,1.263,2.600,0.000,2.000
'260',29,9,1982,12750.000,10.900,22.800,1.313,2.600,8.100,2.200
'260',30,9,1982,1900.000,11.800,15.600,1.477,2.100,0.300,0.300
'260',1,10,1982,11210.000,8.800,18.300,1.296,1.500,0.000,1.700
'260',2,10,1982,13160.000,6.700,19.200,1.185,1.500,0.000,2.100
'260',3,10,1982,6620.000,8.800,17.600,1.334,1.500,0.000,1.000
'260',4,10,1982,11410.000,8.600,16.700,1.225,2.600,0.000,1.800
'260',5,10,1982,1770.000,6.600,12.900,1.084,2.100,0.400,0.300
'260',6,10,1982,7320.000,4.800,15.800,1.024,2.100,8.500,1.100
'260',7,10,1982,2150.000,8.900,13.200,1.224,2.600,1.200,0.300
'260',8,10,1982,4200.000,8.900,14.200,1.258,1.500,1.100,0.600
'260',9,10,1982,4460.000,10.200,13.600,1.246,2.600,4.100,0.700
'260',10,10,1982,2870.000,9.700,13.100,1.232,3.100,7.700,0.400
'260',11,10,1982,3210.000,8.300,12.400,1.132,2.100,4.200,0.500
'260',12,10,1982,5380.000,7.400,13.800,1.109,2.600,4.200,0.800
'260',13,10,1982,3550.000,8.300,12.500,1.098,4.100,12.200,0.500
'260',14,10,1982,4850.000,9.200,13.900,1.156,3.100,6.400,0.700
'260',15,10,1982,5130.000,8.400,12.600,1.068,3.100,0.000,0.800
'260',16,10,1982,7640.000,5.600,12.700,0.921,3.100,0.000,1.100
'260',17,10,1982,6770.000,9.200,15.400,1.133,4.100,0.000,1.000
'260',18,10,1982,8150.000,9.200,16.800,1.216,3.600,1.600,1.300
'260',19,10,1982,5060.000,9.600,14.000,1.190,3.600,0.000,0.800
'260',20,10,1982,4500.000,10.100,15.200,1.096,4.600,0.000,0.700
'260',21,10,1982,5140.000,11.100,16.400,1.331,2.600,0.000,0.800
'260',22,10,1982,8150.000,9.800,19.200,1.318,3.100,0.500,1.300
'260',23,10,1982,1410.000,9.600,13.500,1.241,3.600,10.400,0.200
'260',24,10,1982,8820.000,3.600,14.500,0.845,2.100,0.000,1.300
'260',25,10,1982,2900.000,5.200,12.200,0.960,3.100,0.000,0.400
'260',26,10,1982,2420.000,9.500,14.100,1.217,3.100,0.000,0.400
'260',27,10,1982,8760.000,3.900,15.300,0.938,1.000,0.200,1.300
'260',28,10,1982,4670.000,4.100,14.900,1.038,1.500,0.100,0.700
'260',29,10,1982,6040.000,8.400,13.200,1.150,2.600,0.000,0.900
'260',30,10,1982,750.000,7.000,9.900,0.968,1.500,0.000,0.100
'260',31,10,1982,3540.000,6.200,10.500,0.945,2.600,0.000,0.500
'260',1,11,1982,3930.000,10.400,17.100,1.287,3.600,0.000,0.600
'260',2,11,1982,1050.000,11.200,13.600,1.378,2.100,0.000,0.200
'260',3,11,1982,2130.000,11.200,13.800,1.386,1.000,0.000,0.300
'260',4,11,1982,1030.000,10.400,12.600,1.259,2.100,0.000,0.200
'260',5,11,1982,1590.000,7.400,11.900,1.054,3.100,0.000,0.200
'260',6,11,1982,6590.000,4.100,9.300,0.714,6.200,0.000,0.900
'260',7,11,1982,5200.000,2.400,9.500,0.505,5.700,4.500,0.700
'260',8,11,1982,3640.000,7.700,16.500,1.011,5.700,0.000,0.600
'260',9,11,1982,1910.000,9.400,13.200,1.155,4.600,0.900,0.300
'260',10,11,1982,1820.000,9.000,12.100,1.153,5.100,0.300,0.300
'260',11,11,1982,4730.000,8.000,14.600,1.161,3.600,0.000,0.700
'260',12,11,1982,2160.000,8.100,14.500,1.150,5.100,6.500,0.300
'260',13,11,1982,2140.000,3.500,8.500,0.819,3.600,3.300,0.300
'260',14,11,1982,4710.000,3.900,8.100,0.804,3.600,9.600,0.600
'260',15,11,1982,4430.000,-0.800,7.400,0.687,2.100,4.400,0.500
'260',16,11,1982,750.000,-0.500,7.800,0.681,4.600,6.500,0.100
'260',17,11,1982,2700.000,3.700,9.200,0.794,4.100,3.200,0.400
'260',18,11,1982,650.000,7.200,12.300,1.105,5.700,9.300,0.100
'260',19,11,1982,3250.000,5.200,10.600,0.743,5.700,0.000,0.500
'260',20,11,1982,2900.000,5.300,11.000,0.881,4.600,1.500,0.400
'260',21,11,1982,3320.000,5.400,8.800,0.841,5.100,6.000,0.500
'260',22,11,1982,2030.000,4.600,8.900,0.876,5.100,0.900,0.300
'260',23,11,1982,780.000,3.900,12.700,0.917,4.100,3.300,0.100
'260',24,11,1982,2080.000,5.900,13.800,0.901,5.700,0.900,0.300
'260',25,11,1982,760.000,6.500,9.300,0.912,5.700,7.100,0.100
'260',26,11,1982,1580.000,3.400,8.900,0.834,3.100,3.500,0.200
'260',27,11,1982,2580.000,1.100,7.100,0.751,2.100,0.000,0.300
'260',28,11,1982,2120.000,1.500,5.000,0.742,3.100,0.000,0.300
'260',29,11,1982,1430.000,2.000,3.800,0.751,2.100,0.000,0.200
'260',30,11,1982,1390.000,0.400,4.100,0.655,3.100,0.000,0.200
'260',1,12,1982,3650.000,-1.500,2.300,0.554,3.100,0.000,0.400
'260',2,12,1982,940.000,-2.500,1.600,0.549,1.000,0.000,0.100
'260',3,12,1982,460.000,1.100,2.900,0.648,1.000,0.000,0.100
'260',4,12,1982,360.000,1.500,3.500,0.693,2.100,0.000,0.000
'260',5,12,1982,1660.000,2.000,6.000,0.732,4.100,8.900,0.200
'260',6,12,1982,3090.000,-2.300,7.000,0.668,1.000,0.200,0.400
'260',7,12,1982,1190.000,-2.600,11.100,0.708,2.600,5.400,0.100
'260',8,12,1982,2700.000,3.900,11.900,0.808,5.100,3.000,0.400
'260',9,12,1982,630.000,2.300,9.200,0.775,5.100,12.800,0.100
'260',10,12,1982,990.000,3.500,11.500,0.856,5.700,5.500,0.100
'260',11,12,1982,1560.000,1.600,7.500,0.727,4.600,4.900,0.200
'260',12,12,1982,2110.000,-0.100,3.200,0.658,2.600,0.000,0.200
'260',13,12,1982,1210.000,-2.100,0.000,0.564,2.100,0.000,0.100
'260',14,12,1982,680.000,-2.800,1.900,0.558,4.100,4.800,0.100
'260',15,12,1982,450.000,1.900,13.000,0.859,8.200,6.900,0.100
'260',16,12,1982,1280.000,4.200,11.500,0.688,6.200,0.200,0.200
'260',17,12,1982,1010.000,0.300,4.400,0.644,2.600,4.400,0.100
'260',18,12,1982,2130.000,-1.000,3.600,0.628,2.100,0.000,0.200
'260',19,12,1982,2640.000,-1.100,6.900,0.641,6.700,10.800,0.300
'260',20,12,1982,1680.000,4.200,7.200,0.747,7.200,2.200,0.200
'260',21,12,1982,660.000,2.900,5.300,0.734,7.200,4.400,0.100
'260',22,12,1982,990.000,-1.100,3.500,0.637,1.500,0.400,0.100
'260',23,12,1982,2420.000,-2.400,2.800,0.590,1.500,0.000,0.300
'260',24,12,1982,640.000,-1.500,2.900,0.602,5.100,1.000,0.100
'260',25,12,1982,800.000,2.900,6.200,0.839,2.100,1.300,0.100
'260',26,12,1982,860.000,6.200,8.500,0.972,3.600,0.900,0.100
'260',27,12,1982,2630.000,5.500,9.700,0.846,5.100,0.500,0.400
'260',28,12,1982,1630.000,2.000,6.900,0.677,4.100,0.000,0.200
'260',29,12,1982,3350.000,-2.000,6.900,0.669,1.000,0.000,0.400
'260',30,12,1982,2060.000,-0.100,4.900,0.671,2.600,0.000,0.200
'260',31,12,1982,930.000,-1.300,1.600,0.565,3.100,0.000,0.100
