* Source of data    : Royal Netherlands Meterological Institute (www.knmi.nl)  
* File content      : Input file for Swap 3.2 (www.swap.alterra.nl)  
* File generated by : Alterra - Wageningen-UR (www.alterra.wur.nl)  
* File generated at :  Fri Feb 20 00:19:39 2009  
station,DD,MM,YYYY,Rad,Tmin,Tmax,Hum,Wind,Rain,ETref
'260',1,1,1984,850.000,8.200,10.000,0.935,9.300,0.000,0.100
'260',2,1,1984,2390.000,4.500,9.400,0.816,6.200,9.000,0.300
'260',3,1,1984,3570.000,2.100,9.500,0.649,8.700,14.700,0.500
'260',4,1,1984,1980.000,0.900,7.100,0.658,4.100,7.100,0.200
'260',5,1,1984,1830.000,0.300,5.900,0.672,4.100,1.800,0.200
'260',6,1,1984,1090.000,1.400,6.300,0.744,3.100,3.100,0.100
'260',7,1,1984,2630.000,4.200,8.100,0.777,5.700,5.800,0.300
'260',8,1,1984,1490.000,1.700,5.600,0.644,4.100,9.500,0.200
'260',9,1,1984,3390.000,1.000,5.800,0.675,1.500,1.200,0.400
'260',10,1,1984,1810.000,-0.400,5.300,0.670,3.600,0.000,0.200
'260',11,1,1984,370.000,5.200,7.800,0.916,7.700,0.800,0.000
'260',12,1,1984,2440.000,2.000,7.200,0.716,4.600,3.800,0.300
'260',13,1,1984,530.000,1.700,11.000,0.724,8.700,5.200,0.100
'260',14,1,1984,1520.000,3.500,10.800,0.714,8.200,13.400,0.200
'260',15,1,1984,2240.000,0.500,4.700,0.553,5.700,3.900,0.300
'260',16,1,1984,1790.000,2.300,10.200,0.749,6.700,1.200,0.200
'260',17,1,1984,2040.000,1.700,9.000,0.587,7.700,11.800,0.300
'260',18,1,1984,2470.000,0.300,5.500,0.576,4.100,2.900,0.300
'260',19,1,1984,1600.000,-2.900,2.500,0.572,1.000,0.000,0.200
'260',20,1,1984,4990.000,-3.400,4.900,0.546,1.500,0.000,0.500
'260',21,1,1984,3920.000,-4.500,0.000,0.469,3.100,0.000,0.400
'260',22,1,1984,1480.000,-4.000,-2.100,0.428,4.600,0.000,0.100
'260',23,1,1984,1390.000,-8.800,2.100,0.418,4.600,4.900,0.100
'260',24,1,1984,1960.000,0.200,2.400,0.609,5.100,8.300,0.200
'260',25,1,1984,4870.000,-3.000,3.900,0.537,2.100,3.000,0.500
'260',26,1,1984,1310.000,-1.100,1.700,0.534,5.700,0.000,0.100
'260',27,1,1984,3750.000,1.300,5.600,0.649,4.600,2.400,0.500
'260',28,1,1984,350.000,3.500,5.300,0.785,4.600,0.000,0.000
'260',29,1,1984,700.000,2.800,6.400,0.807,3.600,1.100,0.100
'260',30,1,1984,2360.000,3.100,6.600,0.754,4.100,5.300,0.300
'260',31,1,1984,5110.000,0.600,7.500,0.664,4.600,3.200,0.600
'260',1,2,1984,2220.000,-0.300,4.700,0.647,3.600,0.000,0.300
'260',2,2,1984,1410.000,3.500,6.800,0.805,4.600,2.800,0.200
'260',3,2,1984,420.000,4.200,8.400,0.831,6.200,4.500,0.100
'260',4,2,1984,2470.000,2.600,9.700,0.823,4.600,10.400,0.300
'260',5,2,1984,4790.000,2.800,9.400,0.741,5.700,5.700,0.600
'260',6,2,1984,1530.000,4.900,9.100,0.862,6.700,7.400,0.200
'260',7,2,1984,2920.000,1.900,6.600,0.563,6.700,28.100,0.400
'260',8,2,1984,3220.000,1.300,6.300,0.646,6.200,1.400,0.400
'260',9,2,1984,7640.000,1.000,6.400,0.640,4.100,4.500,0.900
'260',10,2,1984,5140.000,-0.400,8.300,0.701,2.100,0.000,0.600
'260',11,2,1984,4490.000,4.100,8.700,0.853,2.100,0.000,0.600
'260',12,2,1984,8140.000,-1.600,5.000,0.536,2.600,0.000,0.900
'260',13,2,1984,8420.000,-3.300,6.000,0.456,2.100,0.000,0.900
'260',14,2,1984,6050.000,-2.500,2.200,0.559,2.100,0.000,0.600
'260',15,2,1984,3900.000,-4.500,-0.500,0.442,2.100,0.000,0.400
'260',16,2,1984,6730.000,-5.600,1.100,0.476,1.000,0.000,0.600
'260',17,2,1984,4440.000,-5.100,-1.700,0.462,1.000,0.000,0.400
'260',18,2,1984,7790.000,-6.200,3.400,0.407,2.600,0.000,0.800
'260',19,2,1984,7480.000,-5.700,2.700,0.379,4.100,0.000,0.700
'260',20,2,1984,7160.000,-4.600,1.700,0.421,3.600,0.000,0.700
'260',21,2,1984,4720.000,0.900,7.500,0.697,4.600,1.900,0.600
'260',22,2,1984,3010.000,0.500,5.300,0.667,2.100,1.200,0.400
'260',23,2,1984,1810.000,-1.100,1.400,0.584,3.600,0.000,0.200
'260',24,2,1984,5030.000,-1.300,2.900,0.511,4.100,0.000,0.500
'260',25,2,1984,2080.000,0.100,1.100,0.548,5.700,0.000,0.200
'260',26,2,1984,1400.000,0.400,2.900,0.651,3.600,0.000,0.200
'260',27,2,1984,850.000,1.100,2.500,0.674,4.100,0.000,0.100
'260',28,2,1984,5120.000,-0.600,5.600,0.634,3.100,0.000,0.600
'260',29,2,1984,7130.000,-2.900,6.300,0.618,1.000,0.000,0.800
'260',1,3,1984,3040.000,-3.700,4.700,0.572,2.100,0.000,0.300
'260',2,3,1984,4260.000,0.200,6.800,0.678,5.700,3.500,0.500
'260',3,3,1984,7200.000,0.300,5.600,0.615,4.100,14.100,0.800
'260',4,3,1984,10620.000,-3.600,7.400,0.541,1.500,0.000,1.200
'260',5,3,1984,2870.000,2.500,7.700,0.802,1.000,0.000,0.400
'260',6,3,1984,2410.000,5.100,8.200,0.924,1.500,0.000,0.300
'260',7,3,1984,9220.000,1.000,8.600,0.654,3.600,0.000,1.200
'260',8,3,1984,13230.000,-1.200,7.100,0.533,3.600,0.000,1.600
'260',9,3,1984,12800.000,-2.000,5.500,0.480,2.600,0.000,1.400
'260',10,3,1984,2130.000,-0.500,4.800,0.678,2.600,0.900,0.200
'260',11,3,1984,1460.000,3.800,5.700,0.830,2.600,6.900,0.200
'260',12,3,1984,11720.000,0.600,9.800,0.644,3.600,0.000,1.500
'260',13,3,1984,5620.000,0.000,5.700,0.572,3.600,0.000,0.700
'260',14,3,1984,11810.000,-0.700,8.700,0.574,3.100,0.000,1.400
'260',15,3,1984,12510.000,-0.800,9.900,0.611,4.100,0.000,1.500
'260',16,3,1984,9400.000,-0.200,7.700,0.620,4.100,0.000,1.100
'260',17,3,1984,11170.000,-1.500,8.000,0.551,3.600,0.000,1.300
'260',18,3,1984,12530.000,-1.500,7.300,0.514,3.600,0.000,1.500
'260',19,3,1984,11760.000,-1.500,9.000,0.482,3.100,0.000,1.400
'260',20,3,1984,13320.000,-2.700,9.600,0.417,2.100,0.000,1.600
'260',21,3,1984,13220.000,-3.300,11.100,0.478,1.000,0.000,1.600
'260',22,3,1984,12270.000,-2.300,10.200,0.525,1.000,8.700,1.400
'260',23,3,1984,10470.000,-4.400,11.700,0.441,1.500,0.000,1.300
'260',24,3,1984,3240.000,3.500,10.000,0.690,5.700,0.000,0.400
'260',25,3,1984,10340.000,2.400,10.500,0.721,4.600,0.000,1.400
'260',26,3,1984,3440.000,5.500,9.500,0.893,5.700,6.400,0.500
'260',27,3,1984,5930.000,4.600,11.400,0.885,5.100,0.000,0.800
'260',28,3,1984,7500.000,5.800,11.200,0.959,4.600,0.000,1.000
'260',29,3,1984,4780.000,0.700,8.100,0.693,2.600,0.000,0.600
'260',30,3,1984,12030.000,-0.700,10.300,0.659,1.500,0.000,1.500
'260',31,3,1984,8080.000,0.500,6.500,0.643,2.600,0.000,1.000
'260',1,4,1984,14810.000,-0.700,6.000,0.545,5.100,10.300,1.700
'260',2,4,1984,11720.000,0.100,6.100,0.566,5.700,0.000,1.400
'260',3,4,1984,5900.000,-0.700,5.200,0.554,2.600,0.000,0.700
'260',4,4,1984,4890.000,1.600,6.000,0.665,1.500,0.000,0.600
'260',5,4,1984,1740.000,1.900,4.000,0.723,2.100,0.000,0.200
'260',6,4,1984,5720.000,2.700,7.100,0.735,3.600,0.000,0.700
'260',7,4,1984,3710.000,1.900,7.800,0.776,1.000,0.000,0.500
'260',8,4,1984,5130.000,0.900,8.100,0.740,2.100,0.000,0.600
'260',9,4,1984,8490.000,1.900,9.600,0.760,2.100,3.800,1.100
'260',10,4,1984,7970.000,0.800,9.000,0.704,2.100,0.000,1.000
'260',11,4,1984,13620.000,1.000,11.200,0.739,3.100,0.000,1.800
'260',12,4,1984,16420.000,0.500,11.600,0.684,2.600,0.000,2.200
'260',13,4,1984,15430.000,-0.700,13.500,0.633,1.500,0.000,2.000
'260',14,4,1984,19380.000,0.100,17.600,0.707,2.100,0.000,2.800
'260',15,4,1984,9440.000,4.800,17.000,0.918,3.600,0.000,1.400
'260',16,4,1984,15170.000,1.700,11.100,0.726,3.100,0.000,2.000
'260',17,4,1984,21480.000,-1.500,12.400,0.579,1.500,0.000,2.800
'260',18,4,1984,13580.000,-1.200,13.500,0.584,1.500,4.200,1.800
'260',19,4,1984,14290.000,1.300,15.800,0.586,1.500,0.000,2.100
'260',20,4,1984,15580.000,3.500,18.200,0.674,1.500,0.000,2.400
'260',21,4,1984,19820.000,3.800,21.500,0.709,1.500,0.000,3.200
'260',22,4,1984,15340.000,6.800,22.400,0.913,2.600,5.300,2.500
'260',23,4,1984,23760.000,3.900,17.800,0.729,4.600,0.000,3.600
'260',24,4,1984,22530.000,4.700,21.300,0.703,4.100,0.000,3.600
'260',25,4,1984,22500.000,7.600,21.300,0.725,3.600,0.000,3.700
'260',26,4,1984,22240.000,3.000,18.200,0.712,4.100,0.000,3.400
'260',27,4,1984,24420.000,4.400,16.200,0.541,4.100,0.000,3.600
'260',28,4,1984,23680.000,0.600,16.400,0.533,4.100,4.600,3.400
'260',29,4,1984,23620.000,2.600,15.000,0.484,5.100,0.000,3.400
'260',30,4,1984,18250.000,3.900,17.500,0.656,4.100,0.000,2.800
'260',1,5,1984,6410.000,5.500,12.500,0.946,3.100,26.400,0.900
'260',2,5,1984,11480.000,3.300,14.500,0.833,1.500,0.000,1.700
'260',3,5,1984,13740.000,5.200,17.300,1.014,1.500,0.000,2.100
'260',4,5,1984,12120.000,7.900,17.100,1.241,1.500,12.400,1.800
'260',5,5,1984,14790.000,8.200,17.900,1.294,3.600,10.000,2.300
'260',6,5,1984,4570.000,5.900,11.000,0.914,5.700,0.000,0.600
'260',7,5,1984,17410.000,4.400,11.600,0.695,4.600,0.000,2.400
'260',8,5,1984,19320.000,3.800,12.400,0.721,4.100,0.000,2.700
'260',9,5,1984,10360.000,3.000,10.000,0.750,3.100,0.000,1.400
'260',10,5,1984,6640.000,2.400,9.500,0.712,2.600,0.000,0.900
'260',11,5,1984,14570.000,5.000,10.700,0.780,5.700,6.500,2.000
'260',12,5,1984,21310.000,3.500,14.800,0.611,6.200,0.000,3.100
'260',13,5,1984,14540.000,6.800,15.600,0.698,5.100,0.000,2.200
'260',14,5,1984,20920.000,5.600,18.100,0.721,4.100,0.000,3.300
'260',15,5,1984,8840.000,8.700,15.400,1.055,2.100,1.200,1.400
'260',16,5,1984,17710.000,5.800,19.200,1.057,2.100,7.800,2.800
'260',17,5,1984,3740.000,6.600,13.600,1.139,1.500,0.000,0.600
'260',18,5,1984,18490.000,5.600,17.300,1.009,2.600,3.000,2.800
'260',19,5,1984,24620.000,5.900,15.400,0.935,3.600,12.500,3.700
'260',20,5,1984,10730.000,7.700,16.400,1.143,3.600,0.000,1.600
'260',21,5,1984,2920.000,7.000,11.300,1.101,3.600,16.000,0.400
'260',22,5,1984,10140.000,6.800,15.600,1.066,4.600,10.100,1.500
'260',23,5,1984,7190.000,5.700,13.200,1.040,2.600,0.000,1.000
'260',24,5,1984,14670.000,9.300,16.200,1.232,4.100,6.500,2.300
'260',25,5,1984,4270.000,8.300,11.500,1.115,2.600,0.000,0.600
'260',26,5,1984,10650.000,8.000,15.000,1.067,2.100,0.000,1.600
'260',27,5,1984,7890.000,7.800,14.800,1.196,2.100,0.000,1.200
'260',28,5,1984,8510.000,7.700,15.400,1.209,3.100,3.700,1.300
'260',29,5,1984,2990.000,9.600,12.600,1.288,3.100,5.000,0.500
'260',30,5,1984,12280.000,10.200,18.100,1.401,3.600,0.000,2.000
'260',31,5,1984,25410.000,7.700,19.800,1.055,2.600,0.000,4.200
'260',1,6,1984,15790.000,7.200,19.600,1.251,2.600,0.000,2.500
'260',2,6,1984,20210.000,9.200,18.700,1.149,3.100,5.400,3.300
'260',3,6,1984,8480.000,10.800,19.100,1.438,3.100,0.000,1.400
'260',4,6,1984,4770.000,9.500,12.300,1.246,2.600,1.900,0.700
'260',5,6,1984,13950.000,7.600,15.700,1.093,2.100,15.000,2.100
'260',6,6,1984,13320.000,6.300,16.300,1.072,3.600,0.000,2.100
'260',7,6,1984,2730.000,11.000,13.000,1.372,2.100,0.000,0.400
'260',8,6,1984,8030.000,10.300,14.300,1.233,3.100,0.000,1.200
'260',9,6,1984,24950.000,9.800,16.600,1.137,3.600,1.400,3.900
'260',10,6,1984,21050.000,8.500,20.900,1.134,2.600,0.000,3.400
'260',11,6,1984,19770.000,8.900,17.000,1.005,2.600,0.000,3.100
'260',12,6,1984,22460.000,6.200,19.800,0.995,2.600,0.000,3.700
'260',13,6,1984,6910.000,12.100,17.700,1.381,4.600,0.000,1.100
'260',14,6,1984,11080.000,9.600,18.000,1.333,3.600,2.200,1.800
'260',15,6,1984,17140.000,8.300,17.900,1.143,3.100,0.000,2.700
'260',16,6,1984,21440.000,8.100,17.100,1.113,2.100,0.000,3.400
'260',17,6,1984,18820.000,9.100,20.800,1.211,1.500,0.000,3.100
'260',18,6,1984,22750.000,11.600,22.700,1.389,2.100,0.000,3.900
'260',19,6,1984,20920.000,10.900,25.000,1.386,1.500,0.000,3.700
'260',20,6,1984,23490.000,13.500,27.100,1.514,1.500,0.000,4.400
'260',21,6,1984,24030.000,8.100,22.300,1.141,3.100,0.000,4.100
'260',22,6,1984,7470.000,8.300,17.000,1.162,4.600,6.300,1.200
'260',23,6,1984,20240.000,9.600,15.500,0.997,4.100,7.800,3.100
'260',24,6,1984,14380.000,9.600,15.000,1.055,3.600,0.000,2.200
'260',25,6,1984,7930.000,11.200,16.300,1.332,4.100,0.000,1.300
'260',26,6,1984,23530.000,10.100,19.700,1.157,3.100,0.000,3.900
'260',27,6,1984,16290.000,11.600,19.000,1.399,3.100,5.500,2.700
'260',28,6,1984,17830.000,8.200,15.700,1.054,3.100,0.000,2.800
'260',29,6,1984,16850.000,7.800,16.000,0.964,3.100,0.000,2.600
'260',30,6,1984,16220.000,5.800,15.400,0.955,2.600,0.000,2.400
'260',1,7,1984,22340.000,4.000,18.000,0.805,1.500,0.000,3.500
'260',2,7,1984,11780.000,9.200,17.400,1.145,3.100,8.300,1.800
'260',3,7,1984,9230.000,9.400,14.600,1.159,3.600,0.000,1.400
'260',4,7,1984,8070.000,10.100,14.900,1.173,3.100,0.000,1.300
'260',5,7,1984,19270.000,10.800,19.000,1.272,3.100,0.000,3.100
'260',6,7,1984,18300.000,10.100,19.100,1.237,1.500,0.000,2.900
'260',7,7,1984,25220.000,9.000,24.700,1.225,1.500,0.000,4.400
'260',8,7,1984,27410.000,13.100,28.700,1.265,2.600,0.000,5.100
'260',9,7,1984,21490.000,15.500,29.800,1.762,3.100,0.000,4.000
'260',10,7,1984,14380.000,12.300,24.800,1.729,2.100,3.700,2.500
'260',11,7,1984,11480.000,14.600,21.900,1.833,2.600,0.800,2.000
'260',12,7,1984,19610.000,14.200,22.000,1.527,4.600,0.000,3.400
'260',13,7,1984,16800.000,14.400,19.600,1.489,4.600,2.200,2.900
'260',14,7,1984,7820.000,12.700,18.500,1.565,3.100,4.400,1.300
'260',15,7,1984,7680.000,11.700,16.300,1.453,2.100,4.800,1.200
'260',16,7,1984,13300.000,11.300,17.500,1.364,3.600,1.500,2.100
'260',17,7,1984,12390.000,11.200,17.200,1.205,3.100,2.800,2.000
'260',18,7,1984,8540.000,13.300,20.300,1.601,2.600,0.000,1.400
'260',19,7,1984,10160.000,12.600,17.800,1.378,2.600,0.000,1.700
'260',20,7,1984,7130.000,12.800,16.800,1.401,2.100,0.000,1.200
'260',21,7,1984,12060.000,11.500,18.000,1.294,2.100,0.000,2.000
'260',22,7,1984,22350.000,8.400,19.400,1.140,2.100,0.000,3.600
'260',23,7,1984,16190.000,9.500,20.500,1.242,1.500,0.000,2.700
'260',24,7,1984,26320.000,8.900,20.600,1.133,2.600,0.000,4.400
'260',25,7,1984,13300.000,9.200,17.100,1.181,3.100,0.000,2.200
'260',26,7,1984,10330.000,12.700,17.800,1.469,3.100,1.400,1.700
'260',27,7,1984,12390.000,12.700,20.300,1.454,3.100,0.000,2.100
'260',28,7,1984,5810.000,13.800,19.600,1.698,2.600,0.000,1.000
'260',29,7,1984,22570.000,12.700,25.400,1.557,1.500,0.000,4.000
'260',30,7,1984,23150.000,15.900,30.500,1.457,3.100,0.000,4.500
'260',31,7,1984,16940.000,16.800,27.600,1.790,3.600,2.800,3.200
'260',1,8,1984,17330.000,11.400,23.900,1.428,2.100,0.000,3.000
'260',2,8,1984,6290.000,10.700,18.700,1.467,2.100,2.000,1.100
'260',3,8,1984,11290.000,13.800,22.700,1.747,2.600,0.000,2.000
'260',4,8,1984,20210.000,13.500,23.800,1.563,2.100,0.000,3.600
'260',5,8,1984,11360.000,13.500,21.700,1.688,2.600,0.000,1.900
'260',6,8,1984,19300.000,10.700,20.100,1.248,2.600,6.100,3.200
'260',7,8,1984,14030.000,11.500,21.000,1.335,2.600,0.000,2.300
'260',8,8,1984,11710.000,9.600,23.200,1.330,2.100,0.000,2.000
'260',9,8,1984,19830.000,12.700,22.400,1.429,4.600,0.000,3.400
'260',10,8,1984,13510.000,11.500,19.800,1.248,4.600,0.000,2.300
'260',11,8,1984,11690.000,10.900,20.200,1.346,2.100,0.000,2.000
'260',12,8,1984,19650.000,14.900,24.700,1.734,3.100,1.100,3.500
'260',13,8,1984,16100.000,11.900,25.500,1.485,2.100,0.000,2.900
'260',14,8,1984,19250.000,12.000,24.000,1.470,2.100,0.000,3.400
'260',15,8,1984,14230.000,9.200,21.900,1.291,1.500,0.000,2.400
'260',16,8,1984,17350.000,10.900,23.000,1.390,2.100,0.000,3.000
'260',17,8,1984,20170.000,10.600,23.300,1.361,2.100,0.000,3.500
'260',18,8,1984,18200.000,8.900,24.900,1.290,1.500,0.000,3.100
'260',19,8,1984,18660.000,12.900,27.600,1.422,1.500,0.000,3.400
'260',20,8,1984,18650.000,13.100,28.800,1.507,1.500,0.000,3.400
'260',21,8,1984,18090.000,15.200,27.600,1.719,3.100,0.000,3.400
'260',22,8,1984,20190.000,15.400,30.000,1.462,2.600,0.000,3.800
'260',23,8,1984,17300.000,15.300,29.600,1.667,1.500,0.000,3.300
'260',24,8,1984,17740.000,16.000,28.800,1.496,2.600,0.000,3.400
'260',25,8,1984,16160.000,15.300,26.900,1.820,2.600,0.000,3.000
'260',26,8,1984,13800.000,10.400,23.400,1.421,2.100,0.000,2.400
'260',27,8,1984,15800.000,7.800,22.400,1.248,1.500,0.000,2.600
'260',28,8,1984,15760.000,11.100,23.900,1.555,1.500,0.000,2.700
'260',29,8,1984,6350.000,14.900,20.200,1.798,3.100,0.000,1.100
'260',30,8,1984,7600.000,15.700,22.600,1.816,4.600,0.000,1.400
'260',31,8,1984,5770.000,15.900,21.700,1.833,4.600,0.000,1.000
'260',1,9,1984,9080.000,14.700,22.700,1.708,3.600,0.000,1.600
'260',2,9,1984,17920.000,12.000,25.400,1.528,2.100,0.000,3.200
'260',3,9,1984,10560.000,17.000,23.700,1.727,5.700,0.000,1.900
'260',4,9,1984,6990.000,8.200,21.200,1.231,5.100,0.000,1.200
'260',5,9,1984,13050.000,7.100,16.800,0.991,2.600,0.000,2.000
'260',6,9,1984,10860.000,6.400,17.100,0.837,2.600,7.000,1.700
'260',7,9,1984,1850.000,9.900,12.500,1.259,2.100,0.000,0.300
'260',8,9,1984,8120.000,9.400,15.800,1.282,2.100,29.300,1.300
'260',9,9,1984,5300.000,10.200,17.000,1.334,4.100,0.000,0.900
'260',10,9,1984,5550.000,10.000,17.600,1.282,4.600,0.000,0.900
'260',11,9,1984,5060.000,11.100,17.100,1.387,3.600,0.000,0.800
'260',12,9,1984,8050.000,11.100,17.700,1.248,2.100,0.000,1.300
'260',13,9,1984,8800.000,10.200,19.700,1.469,1.500,0.000,1.500
'260',14,9,1984,4580.000,14.500,18.700,1.740,1.500,5.700,0.800
'260',15,9,1984,2330.000,14.500,16.600,1.675,2.100,0.000,0.400
'260',16,9,1984,5470.000,12.800,17.600,1.501,2.100,0.000,0.900
'260',17,9,1984,7650.000,8.500,17.700,1.363,2.100,0.000,1.200
'260',18,9,1984,8510.000,11.000,18.800,1.473,1.500,0.000,1.400
'260',19,9,1984,5090.000,11.300,16.200,1.303,3.100,0.000,0.800
'260',20,9,1984,4240.000,11.800,15.600,1.399,3.600,8.800,0.700
'260',21,9,1984,8630.000,8.200,15.600,1.187,3.600,0.000,1.300
'260',22,9,1984,6030.000,7.000,12.800,1.063,3.600,1.300,0.900
'260',23,9,1984,9370.000,7.500,15.100,1.190,2.100,0.000,1.400
'260',24,9,1984,5420.000,5.800,13.300,1.104,1.000,4.700,0.800
'260',25,9,1984,2670.000,7.500,11.600,1.108,2.600,0.000,0.400
'260',26,9,1984,8450.000,8.100,15.900,1.190,2.600,11.300,1.300
'260',27,9,1984,8880.000,8.200,17.000,1.240,1.500,6.200,1.400
'260',28,9,1984,9430.000,8.900,17.600,1.296,2.600,0.000,1.500
'260',29,9,1984,8240.000,9.300,19.200,1.413,1.500,34.800,1.300
'260',30,9,1984,3230.000,10.500,15.100,1.402,3.100,0.000,0.500
'260',1,10,1984,2270.000,9.800,14.700,1.335,2.600,3.600,0.400
'260',2,10,1984,8370.000,7.000,15.600,1.152,3.100,0.000,1.300
'260',3,10,1984,10160.000,6.900,15.600,1.122,2.100,6.800,1.500
'260',4,10,1984,11990.000,6.000,16.000,1.013,3.100,0.000,1.800
'260',5,10,1984,1200.000,9.100,10.800,1.161,3.600,14.200,0.200
'260',6,10,1984,6080.000,7.400,14.300,1.035,3.100,0.000,0.900
'260',7,10,1984,5800.000,5.500,13.900,1.002,3.100,6.200,0.900
'260',8,10,1984,1710.000,8.000,15.600,1.270,3.600,0.000,0.300
'260',9,10,1984,3040.000,10.200,15.500,1.386,2.600,0.000,0.500
'260',10,10,1984,2080.000,10.000,15.600,1.408,2.100,1.700,0.300
'260',11,10,1984,10270.000,6.800,16.200,1.119,2.600,0.000,1.600
'260',12,10,1984,6390.000,6.500,16.500,1.176,1.500,0.000,1.000
'260',13,10,1984,6080.000,7.400,15.900,1.168,2.600,0.000,1.000
'260',14,10,1984,4460.000,10.500,16.600,1.322,2.600,0.000,0.700
'260',15,10,1984,3300.000,10.800,17.200,1.483,1.500,0.000,0.500
'260',16,10,1984,2890.000,10.200,15.800,1.397,1.500,0.000,0.500
'260',17,10,1984,5750.000,8.100,15.200,1.197,3.100,0.000,0.900
'260',18,10,1984,1740.000,10.400,14.200,1.177,5.700,0.000,0.300
'260',19,10,1984,4450.000,9.500,14.200,1.220,5.100,16.700,0.700
'260',20,10,1984,5830.000,8.400,13.400,0.925,7.200,0.000,0.900
'260',21,10,1984,5440.000,7.000,13.100,0.879,4.100,25.300,0.800
'260',22,10,1984,760.000,7.300,14.700,1.155,6.200,0.000,0.100
'260',23,10,1984,3180.000,9.400,15.100,1.231,4.100,0.000,0.500
'260',24,10,1984,7490.000,9.100,14.300,1.096,3.600,0.000,1.100
'260',25,10,1984,6380.000,10.700,16.200,1.228,5.100,0.000,1.000
'260',26,10,1984,7890.000,6.200,13.900,0.962,3.100,0.000,1.200
'260',27,10,1984,8180.000,1.800,13.900,0.852,1.000,0.000,1.100
'260',28,10,1984,4780.000,1.900,11.600,0.806,3.600,2.900,0.700
'260',29,10,1984,1460.000,10.400,14.600,1.392,3.100,0.000,0.200
'260',30,10,1984,7600.000,9.400,18.300,1.361,2.100,0.000,1.200
'260',31,10,1984,7300.000,5.400,15.600,1.049,2.100,0.000,1.100
'260',1,11,1984,7090.000,8.000,17.300,1.238,2.600,0.000,1.100
'260',2,11,1984,7510.000,7.100,15.500,1.065,3.100,0.000,1.100
'260',3,11,1984,3480.000,6.100,12.300,0.943,3.600,0.000,0.500
'260',4,11,1984,5200.000,4.400,10.500,0.837,3.600,0.200,0.700
'260',5,11,1984,5760.000,3.000,12.000,0.876,1.500,0.000,0.800
'260',6,11,1984,1230.000,7.000,11.200,1.075,2.100,0.000,0.200
'260',7,11,1984,1300.000,5.200,11.000,1.026,2.100,0.900,0.200
'260',8,11,1984,2940.000,6.200,14.300,0.947,3.600,0.100,0.400
'260',9,11,1984,2860.000,9.600,14.800,0.909,4.100,0.000,0.400
'260',10,11,1984,4410.000,8.500,15.800,1.180,2.100,0.000,0.700
'260',11,11,1984,3980.000,8.100,13.100,1.058,2.100,0.000,0.600
'260',12,11,1984,5310.000,6.000,12.900,0.942,3.100,0.000,0.800
'260',13,11,1984,3120.000,3.400,11.000,0.851,2.100,0.000,0.400
'260',14,11,1984,3590.000,4.300,9.100,0.745,2.600,0.000,0.500
'260',15,11,1984,1590.000,2.200,5.600,0.673,2.100,0.000,0.200
'260',16,11,1984,1890.000,1.500,4.900,0.664,4.100,0.500,0.200
'260',17,11,1984,1220.000,1.400,3.700,0.658,4.100,1.000,0.100
'260',18,11,1984,1560.000,2.800,6.800,0.809,2.100,3.600,0.200
'260',19,11,1984,2810.000,5.000,7.400,0.850,3.100,0.800,0.400
'260',20,11,1984,3750.000,4.500,9.700,0.882,2.600,0.900,0.500
'260',21,11,1984,2940.000,6.600,11.500,1.010,5.100,8.300,0.400
'260',22,11,1984,950.000,7.800,14.600,1.190,6.700,8.500,0.100
'260',23,11,1984,1870.000,9.100,14.600,1.118,8.200,13.200,0.300
'260',24,11,1984,2890.000,9.000,13.400,1.026,7.200,10.200,0.400
'260',25,11,1984,2920.000,5.800,11.000,0.986,4.600,2.300,0.400
'260',26,11,1984,4480.000,3.000,10.100,0.827,2.600,0.000,0.600
'260',27,11,1984,2640.000,2.500,7.200,0.706,4.100,0.100,0.300
'260',28,11,1984,620.000,5.300,8.100,0.801,5.700,0.000,0.100
'260',29,11,1984,1970.000,7.200,10.500,1.005,4.600,0.800,0.300
'260',30,11,1984,3530.000,5.800,11.200,0.785,4.600,0.000,0.500
'260',1,12,1984,4110.000,2.000,12.200,0.623,4.100,1.500,0.600
'260',2,12,1984,2670.000,-0.100,8.300,0.726,2.100,0.000,0.300
'260',3,12,1984,4120.000,1.600,7.500,0.735,3.600,0.000,0.500
'260',4,12,1984,3240.000,1.200,7.600,0.749,3.100,0.000,0.400
'260',5,12,1984,2520.000,5.400,10.300,0.920,3.600,0.000,0.300
'260',6,12,1984,800.000,1.000,7.000,0.738,3.100,0.000,0.100
'260',7,12,1984,2270.000,-0.500,5.300,0.695,2.100,0.600,0.300
'260',8,12,1984,620.000,-0.500,6.100,0.710,3.100,0.000,0.100
'260',9,12,1984,3670.000,3.300,10.200,0.831,3.100,1.800,0.500
'260',10,12,1984,2470.000,4.700,10.400,0.907,3.100,0.000,0.300
'260',11,12,1984,850.000,3.900,7.700,0.877,1.500,0.000,0.100
'260',12,12,1984,1750.000,3.100,7.600,0.767,3.100,0.000,0.200
'260',13,12,1984,3490.000,1.800,6.700,0.700,3.600,0.000,0.400
'260',14,12,1984,1260.000,1.800,8.800,0.802,3.100,2.800,0.200
'260',15,12,1984,1360.000,1.700,5.200,0.722,3.100,1.200,0.200
'260',16,12,1984,1730.000,2.700,5.400,0.772,2.600,2.100,0.200
'260',17,12,1984,1090.000,3.200,7.600,0.841,3.600,0.400,0.100
'260',18,12,1984,1610.000,1.100,6.300,0.680,2.100,8.300,0.200
'260',19,12,1984,420.000,1.400,8.400,0.771,5.100,0.100,0.100
'260',20,12,1984,450.000,8.200,9.200,1.068,5.700,3.900,0.100
'260',21,12,1984,3210.000,2.800,9.600,0.727,4.600,9.400,0.400
'260',22,12,1984,2740.000,1.300,5.800,0.692,3.100,0.100,0.300
'260',23,12,1984,950.000,2.900,5.900,0.740,4.600,0.000,0.100
'260',24,12,1984,710.000,3.900,6.400,0.817,5.100,0.200,0.100
'260',25,12,1984,3030.000,1.800,7.100,0.717,3.100,3.000,0.400
'260',26,12,1984,1340.000,-0.200,6.400,0.704,3.600,1.500,0.200
'260',27,12,1984,1420.000,-0.700,4.700,0.643,2.100,0.400,0.200
'260',28,12,1984,1980.000,-1.500,2.700,0.554,1.000,0.000,0.200
'260',29,12,1984,3180.000,-1.100,3.800,0.616,1.000,0.000,0.300
'260',30,12,1984,1180.000,-2.000,1.500,0.565,2.100,0.000,0.100
'260',31,12,1984,350.000,-0.500,4.600,0.633,4.100,0.000,0.000
