* Source of data    : Royal Netherlands Meterological Institute (www.knmi.nl) ,,,,,,,,,,
* File content      : Input file for Swap 3.2 (www.swap.alterra.nl) ,,,,,,,,,,
* File generated by : Alterra - Wageningen-UR (www.alterra.wur.nl) ,,,,,,,,,,
* File generated at :  Fri Feb 20 00:19:39 2009 ,,,,,,,,,,
station,DD,MM,YYYY,Rad,Tmin,Tmax,Hum,Wind,Rain,ETref
'260',1,1,1980,2530.000,-0.800,2.300,0.596,2.600,2.400,0.300
'260',2,1,1980,2550.000,-2.100,2.900,0.587,1.500,2.300,0.300
'260',3,1,1980,800.000,-6.300,0.500,0.462,2.600,0.400,0.100
'260',4,1,1980,400.000,-0.400,3.800,0.662,5.100,2.200,0.000
'260',5,1,1980,970.000,3.000,4.900,0.784,3.600,6.300,0.100
'260',6,1,1980,1010.000,4.000,6.300,0.843,2.600,4.400,0.100
'260',7,1,1980,1250.000,0.800,4.700,0.722,2.100,8.700,0.100
'260',8,1,1980,620.000,-0.400,3.100,0.641,2.600,0.000,0.100
'260',9,1,1980,1230.000,-0.400,1.000,0.567,3.100,0.000,0.100
'260',10,1,1980,1310.000,-1.700,0.500,0.501,2.600,0.000,0.100
'260',11,1,1980,520.000,-6.000,-1.400,0.352,3.100,0.000,0.000
'260',12,1,1980,4880.000,-7.300,-2.700,0.344,3.600,0.000,0.400
'260',13,1,1980,4630.000,-10.000,-1.800,0.313,1.500,0.000,0.400
'260',14,1,1980,2080.000,-11.000,-2.700,0.325,2.100,0.000,0.200
'260',15,1,1980,1620.000,-7.000,-1.800,0.410,1.500,0.000,0.100
'260',16,1,1980,3080.000,-4.100,-0.100,0.502,2.600,0.000,0.300
'260',17,1,1980,4410.000,-5.800,-0.700,0.415,2.600,0.000,0.400
'260',18,1,1980,4340.000,-7.400,-2.000,0.371,3.100,0.000,0.400
'260',19,1,1980,4130.000,-7.300,3.100,0.406,2.600,0.000,0.400
'260',20,1,1980,950.000,-4.100,1.600,0.490,3.100,0.000,0.100
'260',21,1,1980,1370.000,-0.400,4.700,0.602,6.700,0.000,0.200
'260',22,1,1980,1100.000,2.000,5.300,0.646,6.200,4.300,0.100
'260',23,1,1980,2020.000,1.800,5.000,0.705,4.600,2.000,0.200
'260',24,1,1980,1410.000,-0.100,3.400,0.655,3.600,0.600,0.200
'260',25,1,1980,2120.000,0.400,5.000,0.680,3.100,0.000,0.200
'260',26,1,1980,3220.000,-1.700,4.200,0.581,2.600,0.500,0.400
'260',27,1,1980,4640.000,-0.800,4.700,0.592,2.100,1.400,0.500
'260',28,1,1980,1020.000,-2.700,0.100,0.525,2.100,0.000,0.100
'260',29,1,1980,1480.000,-0.200,3.200,0.615,2.100,4.700,0.200
'260',30,1,1980,2390.000,3.000,9.100,0.815,5.700,0.900,0.300
'260',31,1,1980,3210.000,2.900,10.700,0.855,4.100,4.600,0.400
'260',1,2,1980,5150.000,-0.900,4.000,0.470,3.600,11.400,0.600
'260',2,2,1980,560.000,-0.800,6.500,0.650,4.100,1.700,0.100
'260',3,2,1980,790.000,2.100,6.100,0.729,3.100,9.300,0.100
'260',4,2,1980,2610.000,0.300,4.300,0.635,3.600,11.100,0.300
'260',5,2,1980,980.000,4.300,8.600,0.877,5.100,8.000,0.100
'260',6,2,1980,870.000,6.000,7.800,0.934,3.100,11.500,0.100
'260',7,2,1980,1600.000,3.300,8.900,0.839,3.600,0.800,0.200
'260',8,2,1980,2390.000,3.200,10.600,0.816,3.600,0.400,0.300
'260',9,2,1980,5040.000,5.800,12.300,0.864,3.100,0.000,0.700
'260',10,2,1980,3170.000,3.200,9.200,0.787,3.600,0.000,0.400
'260',11,2,1980,2340.000,1.300,8.800,0.750,2.600,0.000,0.300
'260',12,2,1980,1500.000,1.000,7.200,0.774,1.500,3.200,0.200
'260',13,2,1980,3820.000,0.700,8.000,0.724,1.500,1.300,0.500
'260',14,2,1980,4200.000,-2.100,5.200,0.612,1.500,1.400,0.500
'260',15,2,1980,2020.000,2.900,7.100,0.802,3.100,0.000,0.300
'260',16,2,1980,2930.000,5.100,7.500,0.894,2.100,1.700,0.400
'260',17,2,1980,4400.000,1.800,9.800,0.822,1.500,0.000,0.600
'260',18,2,1980,6250.000,1.900,8.900,0.773,2.600,0.000,0.800
'260',19,2,1980,8990.000,-0.600,6.600,0.548,4.100,0.000,1.100
'260',20,2,1980,8540.000,-0.300,8.900,0.541,4.100,0.000,1.100
'260',21,2,1980,9460.000,1.400,10.300,0.580,3.100,0.000,1.200
'260',22,2,1980,9500.000,0.800,11.300,0.550,3.600,0.000,1.200
'260',23,2,1980,1290.000,3.100,5.700,0.716,2.100,0.000,0.200
'260',24,2,1980,7310.000,1.300,11.800,0.669,2.100,0.000,0.900
'260',25,2,1980,4600.000,-0.800,8.900,0.674,1.000,0.000,0.600
'260',26,2,1980,2290.000,0.800,5.300,0.705,3.100,0.000,0.300
'260',27,2,1980,2910.000,0.800,4.500,0.571,3.600,0.000,0.300
'260',28,2,1980,2830.000,1.900,5.300,0.636,2.100,0.000,0.300
'260',29,2,1980,3330.000,4.200,8.200,0.835,2.600,0.000,0.400
'260',1,3,1980,8490.000,-0.200,10.700,0.665,2.600,0.200,1.100
'260',2,3,1980,3670.000,-0.600,8.000,0.613,3.100,0.000,0.400
'260',3,3,1980,7870.000,-1.400,7.100,0.535,3.100,1.200,0.900
'260',4,3,1980,2440.000,0.500,6.700,0.647,2.100,0.800,0.300
'260',5,3,1980,9320.000,-1.000,8.300,0.606,3.100,0.000,1.100
'260',6,3,1980,1950.000,1.600,7.100,0.719,4.600,0.000,0.200
'260',7,3,1980,2380.000,4.700,8.500,0.811,5.700,8.000,0.300
'260',8,3,1980,4610.000,0.800,8.900,0.669,2.600,0.300,0.600
'260',9,3,1980,3850.000,-1.200,6.200,0.662,1.000,0.000,0.500
'260',10,3,1980,6090.000,4.000,8.600,0.810,2.100,0.000,0.800
'260',11,3,1980,2350.000,2.600,7.600,0.803,1.000,3.200,0.300
'260',12,3,1980,1630.000,2.500,7.400,0.796,4.600,0.000,0.200
'260',13,3,1980,4450.000,5.800,8.600,0.910,3.100,15.800,0.600
'260',14,3,1980,5000.000,2.000,6.500,0.670,5.700,2.200,0.600
'260',15,3,1980,2470.000,1.000,3.500,0.608,5.700,0.000,0.300
'260',16,3,1980,3080.000,2.200,5.000,0.669,3.100,0.000,0.400
'260',17,3,1980,5930.000,3.900,7.600,0.738,2.100,0.000,0.800
'260',18,3,1980,9010.000,1.600,7.100,0.588,5.100,0.000,1.100
'260',19,3,1980,5160.000,-1.400,2.700,0.462,7.700,0.000,0.600
'260',20,3,1980,15050.000,-4.000,3.700,0.341,6.200,0.000,1.600
'260',21,3,1980,8560.000,-4.100,1.500,0.374,4.100,0.000,0.900
'260',22,3,1980,5970.000,-2.800,4.800,0.504,2.100,4.100,0.700
'260',23,3,1980,9690.000,-3.700,7.700,0.548,2.600,0.000,1.100
'260',24,3,1980,13810.000,-2.300,11.700,0.555,2.600,0.000,1.800
'260',25,3,1980,11950.000,1.000,14.600,0.697,2.600,0.000,1.600
'260',26,3,1980,9010.000,2.800,11.000,0.743,2.600,0.000,1.200
'260',27,3,1980,3990.000,5.900,14.400,1.044,4.600,2.000,0.600
'260',28,3,1980,4400.000,7.500,15.000,1.045,4.600,1.000,0.600
'260',29,3,1980,2000.000,5.600,8.900,0.800,7.700,12.800,0.300
'260',30,3,1980,9950.000,1.900,10.600,0.688,4.100,6.300,1.300
'260',31,3,1980,11360.000,0.400,11.800,0.683,2.600,0.000,1.500
'260',1,4,1980,3980.000,6.100,12.800,1.070,3.600,5.000,0.600
'260',2,4,1980,10120.000,4.600,9.500,0.802,5.100,22.900,1.400
'260',3,4,1980,8250.000,2.600,8.400,0.707,4.600,0.500,1.100
'260',4,4,1980,12850.000,3.100,8.400,0.650,4.100,0.900,1.600
'260',5,4,1980,18010.000,0.400,11.100,0.639,2.100,0.000,2.300
'260',6,4,1980,14220.000,4.000,11.300,0.769,2.100,0.000,1.900
'260',7,4,1980,5930.000,2.000,9.600,0.790,1.500,0.000,0.700
'260',8,4,1980,6710.000,1.900,7.600,0.696,3.600,0.800,0.900
'260',9,4,1980,10520.000,2.700,8.000,0.649,3.100,2.700,1.300
'260',10,4,1980,11900.000,1.300,10.200,0.680,2.100,1.000,1.600
'260',11,4,1980,13230.000,-1.000,12.100,0.608,1.000,0.000,1.700
'260',12,4,1980,20350.000,2.100,15.500,0.628,3.600,0.000,3.000
'260',13,4,1980,19890.000,7.500,19.800,0.759,3.600,0.000,3.200
'260',14,4,1980,19750.000,7.100,21.900,0.788,1.500,0.000,3.200
'260',15,4,1980,19390.000,6.800,22.300,0.709,1.500,0.000,3.200
'260',16,4,1980,19290.000,5.400,21.700,0.814,1.500,0.000,3.100
'260',17,4,1980,18500.000,6.900,18.000,1.021,3.600,0.000,2.800
'260',18,4,1980,3740.000,3.900,9.600,0.868,3.100,0.000,0.500
'260',19,4,1980,11440.000,1.300,9.600,0.636,5.700,1.700,1.500
'260',20,4,1980,13030.000,0.900,9.100,0.684,5.100,10.200,1.700
'260',21,4,1980,12930.000,3.200,9.600,0.730,3.100,0.300,1.700
'260',22,4,1980,7670.000,2.200,8.700,0.639,2.100,0.000,1.000
'260',23,4,1980,17690.000,-1.000,10.900,0.625,2.600,0.000,2.300
'260',24,4,1980,13640.000,4.600,11.800,0.821,4.600,0.000,1.900
'260',25,4,1980,3250.000,4.200,8.000,0.821,3.600,3.800,0.400
'260',26,4,1980,7690.000,3.000,11.100,0.838,2.100,3.300,1.000
'260',27,4,1980,17510.000,1.600,14.800,0.829,2.100,0.000,2.400
'260',28,4,1980,2960.000,3.400,8.800,0.831,2.100,0.000,0.400
'260',29,4,1980,6770.000,4.800,10.100,0.903,1.500,2.200,0.900
'260',30,4,1980,19370.000,5.400,17.500,0.917,3.100,3.000,3.000
'260',1,5,1980,19770.000,6.800,18.900,0.844,5.100,0.000,3.100
'260',2,5,1980,22710.000,6.800,15.000,0.814,6.200,0.000,3.400
'260',3,5,1980,22640.000,3.600,13.000,0.559,5.700,0.000,3.200
'260',4,5,1980,23870.000,3.200,13.700,0.526,4.600,0.000,3.400
'260',5,5,1980,25480.000,2.300,12.300,0.518,4.100,0.000,3.500
'260',6,5,1980,15280.000,3.200,16.900,0.681,3.100,0.000,2.200
'260',7,5,1980,10750.000,7.300,13.200,0.966,2.600,0.000,1.600
'260',8,5,1980,6510.000,4.100,10.000,0.688,2.600,1.200,0.900
'260',9,5,1980,23220.000,3.300,12.900,0.642,3.100,0.000,3.300
'260',10,5,1980,26710.000,0.600,18.200,0.518,2.600,0.000,4.000
'260',11,5,1980,26280.000,5.900,21.000,0.595,3.600,0.000,4.300
'260',12,5,1980,25520.000,8.400,23.200,0.652,4.600,0.000,4.400
'260',13,5,1980,25950.000,9.300,21.200,0.576,5.700,0.000,4.300
'260',14,5,1980,26720.000,8.500,20.100,0.558,5.700,0.000,4.400
'260',15,5,1980,25930.000,5.500,18.700,0.688,4.100,0.000,4.100
'260',16,5,1980,21360.000,7.700,18.700,0.834,2.600,0.000,3.400
'260',17,5,1980,20100.000,6.400,19.700,0.786,2.600,0.000,3.300
'260',18,5,1980,21310.000,10.900,23.200,1.037,2.600,0.000,3.600
'260',19,5,1980,25860.000,8.600,23.500,0.936,2.100,0.000,4.400
'260',20,5,1980,17920.000,8.200,24.000,0.973,2.100,0.000,3.000
'260',21,5,1980,24480.000,9.000,21.200,1.104,4.100,0.000,4.000
'260',22,5,1980,26520.000,5.700,14.500,0.695,5.100,0.000,3.900
'260',23,5,1980,14350.000,4.200,13.500,0.764,2.600,0.000,2.100
'260',24,5,1980,7940.000,9.500,13.300,1.096,2.600,0.000,1.200
'260',25,5,1980,11970.000,7.400,14.800,1.023,1.500,1.500,1.800
'260',26,5,1980,20520.000,7.900,19.300,0.982,2.100,0.000,3.300
'260',27,5,1980,11660.000,8.800,20.100,1.040,1.000,0.000,1.900
'260',28,5,1980,14370.000,9.200,19.900,1.117,1.000,0.300,2.300
'260',29,5,1980,9790.000,7.100,16.500,1.116,1.500,0.000,1.500
'260',30,5,1980,23100.000,4.600,15.200,0.785,2.600,13.600,3.500
'260',31,5,1980,12080.000,4.100,17.300,0.903,2.100,0.000,1.800
'260',1,6,1980,18090.000,8.700,18.400,1.058,3.100,1.000,2.800
'260',2,6,1980,26610.000,7.000,19.900,0.966,2.600,0.000,4.300
'260',3,6,1980,6900.000,7.900,18.300,1.288,1.500,0.000,1.100
'260',4,6,1980,17160.000,8.600,22.700,1.289,1.500,0.000,2.900
'260',5,6,1980,25850.000,11.800,26.800,1.392,1.500,0.000,4.700
'260',6,6,1980,22820.000,12.100,27.000,1.437,2.100,0.000,4.100
'260',7,6,1980,16680.000,10.300,20.100,1.243,2.600,4.700,2.800
'260',8,6,1980,18760.000,7.200,20.200,1.038,1.500,0.300,3.100
'260',9,6,1980,18130.000,10.000,24.100,1.081,3.100,0.000,3.200
'260',10,6,1980,11430.000,14.700,20.300,1.533,1.500,1.800,2.000
'260',11,6,1980,16690.000,12.900,22.600,1.544,2.100,0.000,2.900
'260',12,6,1980,24420.000,10.300,23.500,1.225,2.100,0.000,4.300
'260',13,6,1980,22090.000,15.500,27.700,1.530,2.600,0.000,4.100
'260',14,6,1980,15930.000,15.900,29.100,1.597,4.100,0.000,3.000
'260',15,6,1980,16770.000,12.300,22.100,1.377,3.100,0.900,2.900
'260',16,6,1980,7140.000,11.000,19.800,1.440,2.600,2.800,1.200
'260',17,6,1980,10400.000,11.100,18.300,1.364,2.600,2.700,1.700
'260',18,6,1980,15060.000,9.700,18.600,1.218,2.100,6.700,2.500
'260',19,6,1980,5870.000,9.600,16.800,1.207,3.600,0.400,0.900
'260',20,6,1980,11850.000,9.600,15.100,1.057,4.600,2.300,1.800
'260',21,6,1980,14960.000,10.500,17.400,1.178,4.100,3.000,2.400
'260',22,6,1980,13090.000,9.400,17.300,1.241,2.600,0.200,2.000
'260',23,6,1980,13870.000,9.300,15.500,1.182,3.100,4.000,2.100
'260',24,6,1980,11570.000,10.300,16.200,1.268,3.100,4.100,1.800
'260',25,6,1980,20780.000,8.300,17.700,1.123,2.600,9.800,3.300
'260',26,6,1980,14850.000,7.000,18.300,1.127,1.500,4.700,2.300
'260',27,6,1980,17190.000,9.100,16.500,1.102,2.600,2.000,2.700
'260',28,6,1980,7650.000,9.500,13.200,1.239,2.600,1.000,1.200
'260',29,6,1980,16410.000,9.900,16.100,1.201,3.600,2.200,2.600
'260',30,6,1980,17460.000,11.800,18.100,1.263,3.100,7.200,2.900
'260',1,7,1980,11080.000,11.600,16.600,1.380,2.600,13.800,1.800
'260',2,7,1980,12770.000,12.500,18.900,1.464,3.600,4.800,2.100
'260',3,7,1980,11050.000,11.700,17.400,1.285,2.600,13.200,1.800
'260',4,7,1980,9070.000,8.600,16.800,1.200,1.500,0.000,1.500
'260',5,7,1980,13760.000,11.400,18.200,1.279,3.100,1.200,2.300
'260',6,7,1980,20300.000,10.200,20.800,1.206,1.500,0.000,3.400
'260',7,7,1980,8410.000,13.700,18.200,1.541,3.100,1.400,1.400
'260',8,7,1980,6830.000,13.700,17.000,1.595,2.100,1.800,1.100
'260',9,7,1980,7510.000,13.600,17.100,1.611,2.100,18.900,1.200
'260',10,7,1980,7630.000,13.500,17.700,1.597,2.600,6.700,1.300
'260',11,7,1980,7790.000,12.600,16.000,1.296,2.600,22.600,1.200
'260',12,7,1980,13910.000,11.600,16.900,1.263,3.100,2.700,2.200
'260',13,7,1980,14460.000,10.100,17.500,1.253,2.100,8.400,2.300
'260',14,7,1980,7530.000,10.300,18.400,1.386,3.600,11.700,1.200
'260',15,7,1980,20000.000,12.300,18.100,1.254,3.100,5.100,3.300
'260',16,7,1980,12810.000,9.000,15.300,1.051,3.100,0.500,2.000
'260',17,7,1980,12760.000,7.900,17.300,1.066,2.600,2.000,2.000
'260',18,7,1980,9650.000,12.800,18.900,1.464,4.100,0.800,1.600
'260',19,7,1980,3710.000,14.300,16.900,1.607,4.600,1.500,0.600
'260',20,7,1980,4440.000,12.300,16.600,1.417,3.100,5.300,0.700
'260',21,7,1980,5700.000,7.800,15.100,1.074,4.100,22.600,0.900
'260',22,7,1980,21820.000,5.400,20.300,0.939,1.000,3.200,3.500
'260',23,7,1980,25130.000,9.900,23.500,1.150,1.500,0.000,4.400
'260',24,7,1980,20800.000,11.000,24.300,1.339,2.100,0.000,3.600
'260',25,7,1980,23430.000,12.200,26.800,1.398,2.600,0.000,4.300
'260',26,7,1980,21920.000,17.200,29.200,1.772,2.600,0.000,4.200
'260',27,7,1980,15000.000,14.500,24.500,1.676,1.500,0.000,2.700
'260',28,7,1980,19620.000,13.600,24.300,1.710,2.600,0.000,3.600
'260',29,7,1980,21240.000,17.000,26.900,1.905,3.600,0.000,4.000
'260',30,7,1980,7230.000,12.600,20.300,1.484,2.600,1.000,1.300
'260',31,7,1980,20380.000,10.600,24.200,1.276,1.000,4.200,3.600
'260',1,8,1980,15970.000,14.500,25.300,1.420,2.100,0.000,2.900
'260',2,8,1980,20550.000,13.200,27.700,1.509,2.100,0.600,3.900
'260',3,8,1980,16720.000,15.900,29.300,1.753,2.600,2.100,3.200
'260',4,8,1980,12520.000,13.900,23.500,1.560,3.600,0.000,2.200
'260',5,8,1980,14570.000,16.900,21.200,1.637,5.100,0.400,2.600
'260',6,8,1980,13640.000,16.300,21.700,1.579,4.600,0.000,2.400
'260',7,8,1980,10240.000,15.100,22.700,1.736,2.100,0.000,1.800
'260',8,8,1980,13790.000,10.100,21.900,1.346,3.100,0.000,2.400
'260',9,8,1980,13190.000,6.800,19.800,1.038,1.000,0.000,2.200
'260',10,8,1980,16100.000,11.000,21.500,1.251,1.000,0.000,2.700
'260',11,8,1980,11130.000,13.000,24.000,1.596,2.600,0.000,2.000
'260',12,8,1980,11560.000,13.700,17.700,1.450,3.600,4.000,1.900
'260',13,8,1980,11530.000,13.300,19.600,1.574,2.600,7.600,2.000
'260',14,8,1980,9630.000,15.900,21.700,1.918,2.100,0.000,1.700
'260',15,8,1980,18310.000,14.500,25.900,1.747,2.600,0.000,3.300
'260',16,8,1980,8270.000,17.000,22.300,2.006,1.400,0.000,1.500
'260',17,8,1980,17330.000,15.900,24.200,1.854,1.000,0.000,3.100
'260',18,8,1980,10150.000,16.100,22.200,1.761,1.500,0.700,1.800
'260',19,8,1980,13420.000,11.200,20.400,1.352,2.100,0.000,2.300
'260',20,8,1980,12210.000,14.400,21.500,1.641,5.100,3.100,2.200
'260',21,8,1980,16250.000,13.500,19.500,1.380,5.100,0.000,2.800
'260',22,8,1980,11910.000,11.200,16.700,1.221,3.600,2.800,1.900
'260',23,8,1980,9470.000,10.500,15.700,1.172,2.600,3.000,1.500
'260',24,8,1980,6110.000,7.900,15.700,1.161,1.500,3.000,0.900
'260',25,8,1980,18680.000,4.600,19.300,0.923,1.000,1.700,2.900
'260',26,8,1980,19900.000,8.200,22.300,0.992,2.100,0.000,3.300
'260',27,8,1980,17450.000,8.300,24.800,1.233,1.000,0.000,3.000
'260',28,8,1980,5390.000,11.000,19.500,1.480,2.600,0.000,0.900
'260',29,8,1980,8210.000,15.300,21.100,1.786,3.100,0.000,1.400
'260',30,8,1980,8100.000,14.000,18.600,1.557,4.100,9.400,1.400
'260',31,8,1980,6560.000,10.700,17.400,1.375,3.100,12.200,1.100
'260',1,9,1980,17840.000,8.900,20.100,1.229,1.500,0.000,2.900
'260',2,9,1980,17650.000,7.300,20.500,1.135,1.500,0.000,2.900
'260',3,9,1980,18550.000,9.000,22.500,1.212,1.500,0.000,3.100
'260',4,9,1980,9010.000,10.100,18.800,1.465,1.500,0.000,1.500
'260',5,9,1980,7930.000,12.100,19.300,1.472,1.500,0.000,1.300
'260',6,9,1980,14740.000,12.400,20.300,1.400,2.600,0.000,2.500
'260',7,9,1980,17690.000,11.200,22.500,1.306,2.100,0.700,3.100
'260',8,9,1980,14750.000,11.500,22.400,1.465,2.100,0.000,2.500
'260',9,9,1980,13580.000,9.300,17.600,1.156,2.600,18.200,2.200
'260',10,9,1980,2750.000,11.100,16.800,1.360,4.600,0.000,0.400
'260',11,9,1980,13760.000,13.100,18.800,1.424,3.600,5.400,2.300
'260',12,9,1980,7850.000,13.400,19.300,1.532,5.700,0.000,1.300
'260',13,9,1980,11250.000,12.400,17.300,1.250,4.100,1.100,1.800
'260',14,9,1980,5260.000,12.300,17.900,1.450,3.600,5.300,0.900
'260',15,9,1980,7720.000,11.500,18.500,1.443,1.500,8.600,1.300
'260',16,9,1980,11600.000,10.600,20.400,1.384,1.500,0.000,1.900
'260',17,9,1980,11500.000,13.200,19.100,1.458,2.600,2.200,1.900
'260',18,9,1980,13510.000,12.300,20.000,1.350,1.500,3.100,2.300
'260',19,9,1980,8810.000,13.900,22.800,1.698,2.100,0.000,1.500
'260',20,9,1980,13310.000,16.000,25.000,1.872,2.100,0.000,2.400
'260',21,9,1980,6950.000,16.200,21.400,1.754,1.500,0.000,1.200
'260',22,9,1980,5410.000,12.800,20.800,1.643,1.000,1.400,0.900
'260',23,9,1980,10190.000,9.900,20.900,1.454,1.000,0.300,1.700
'260',24,9,1980,3290.000,8.100,17.100,1.279,1.000,0.000,0.500
'260',25,9,1980,7770.000,6.000,16.400,1.134,0.500,2.400,1.200
'260',26,9,1980,13120.000,5.500,17.900,1.041,1.500,0.000,2.000
'260',27,9,1980,9100.000,9.400,17.600,1.339,1.000,0.000,1.400
'260',28,9,1980,10260.000,11.100,23.100,1.585,1.000,0.000,1.700
'260',29,9,1980,7150.000,12.400,19.100,1.588,1.000,0.000,1.200
'260',30,9,1980,10690.000,7.300,18.100,1.110,2.100,0.200,1.700
'260',1,10,1980,9340.000,4.900,17.400,1.014,2.600,0.000,1.500
'260',2,10,1980,7130.000,5.100,16.300,0.990,1.500,0.300,1.100
'260',3,10,1980,10640.000,2.900,16.000,0.894,1.000,0.000,1.500
'260',4,10,1980,5260.000,5.200,14.900,1.058,1.500,0.000,0.800
'260',5,10,1980,6420.000,4.400,15.900,0.949,2.100,0.000,0.900
'260',6,10,1980,3010.000,10.400,15.200,1.298,5.100,0.000,0.500
'260',7,10,1980,8250.000,7.800,14.800,1.001,7.200,15.700,1.300
'260',8,10,1980,6870.000,7.200,13.700,1.036,5.700,1.000,1.000
'260',9,10,1980,6670.000,4.700,13.000,0.925,3.100,2.300,0.900
'260',10,10,1980,9540.000,6.000,12.600,0.923,3.100,1.500,1.300
'260',11,10,1980,3140.000,6.100,10.300,0.817,6.200,0.000,0.400
'260',12,10,1980,10590.000,5.300,12.500,0.927,3.100,0.000,1.500
'260',13,10,1980,9820.000,1.300,14.200,0.797,0.500,0.000,1.300
'260',14,10,1980,7200.000,0.100,13.300,0.781,0.500,0.000,0.900
'260',15,10,1980,6220.000,-0.200,12.700,0.760,0.500,0.000,0.800
'260',16,10,1980,3910.000,4.600,14.100,0.978,3.100,0.000,0.600
'260',17,10,1980,1920.000,10.000,13.000,1.242,3.600,4.900,0.300
'260',18,10,1980,5480.000,5.400,12.200,0.913,3.600,0.000,0.800
'260',19,10,1980,5430.000,1.700,10.500,0.805,3.600,0.700,0.700
'260',20,10,1980,5480.000,0.100,11.600,0.730,1.500,6.100,0.700
'260',21,10,1980,4760.000,7.600,13.000,1.095,2.600,0.000,0.700
'260',22,10,1980,3090.000,6.200,14.300,1.031,2.600,0.000,0.500
'260',23,10,1980,4870.000,9.900,13.900,1.201,5.100,4.500,0.800
'260',24,10,1980,6160.000,8.400,13.300,1.063,4.100,0.600,0.900
'260',25,10,1980,5140.000,3.000,12.100,0.839,2.100,0.500,0.700
'260',26,10,1980,4240.000,3.700,11.100,0.885,2.600,0.200,0.600
'260',27,10,1980,2340.000,10.200,17.700,1.403,5.700,2.300,0.400
'260',28,10,1980,3440.000,10.500,18.100,1.403,4.600,0.000,0.600
'260',29,10,1980,2470.000,8.300,12.900,0.997,4.600,6.100,0.400
'260',30,10,1980,6810.000,0.900,12.300,0.744,1.500,2.200,0.900
'260',31,10,1980,6980.000,-0.100,9.500,0.747,2.100,0.100,0.900
'260',1,11,1980,7150.000,-0.800,5.800,0.490,4.100,0.000,0.800
'260',2,11,1980,7830.000,-3.800,1.500,0.363,5.100,0.000,0.800
'260',3,11,1980,7080.000,-5.400,-0.900,0.339,4.600,0.000,0.600
'260',4,11,1980,3070.000,-6.200,0.700,0.375,3.100,0.000,0.300
'260',5,11,1980,5830.000,-4.000,1.400,0.359,6.200,0.000,0.600
'260',6,11,1980,1290.000,-1.200,0.700,0.485,5.700,0.000,0.100
'260',7,11,1980,2710.000,-0.600,0.600,0.580,2.100,15.800,0.300
'260',8,11,1980,5860.000,-1.200,2.200,0.572,1.500,1.500,0.600
'260',9,11,1980,6150.000,-3.100,7.600,0.571,1.000,0.000,0.700
'260',10,11,1980,3340.000,-1.100,6.700,0.630,1.000,0.000,0.400
'260',11,11,1980,1430.000,2.600,5.800,0.713,3.600,0.900,0.200
'260',12,11,1980,4290.000,1.100,8.600,0.715,2.100,1.800,0.500
'260',13,11,1980,2130.000,0.100,7.800,0.685,3.100,0.000,0.300
'260',14,11,1980,1430.000,5.300,8.200,0.813,5.700,0.000,0.200
'260',15,11,1980,470.000,6.400,14.400,1.116,6.700,8.100,0.100
'260',16,11,1980,1270.000,10.300,13.700,1.240,6.200,15.300,0.200
'260',17,11,1980,1830.000,10.200,14.900,1.206,6.700,3.000,0.300
'260',18,11,1980,2360.000,6.700,12.200,0.767,7.700,2.800,0.300
'260',19,11,1980,1780.000,3.900,10.800,0.836,3.600,3.000,0.200
'260',20,11,1980,3920.000,8.400,12.600,1.018,4.100,1.700,0.600
'260',21,11,1980,2260.000,10.900,12.600,1.116,6.200,0.000,0.300
'260',22,11,1980,780.000,10.400,13.200,1.158,6.200,0.000,0.100
'260',23,11,1980,600.000,12.100,14.400,1.260,5.700,9.400,0.100
'260',24,11,1980,1060.000,12.200,14.400,1.325,5.100,1.200,0.200
'260',25,11,1980,1820.000,6.500,12.200,0.933,3.100,1.800,0.300
'260',26,11,1980,2760.000,-1.000,7.200,0.619,2.100,0.000,0.300
'260',27,11,1980,1130.000,-0.900,4.900,0.606,4.100,0.000,0.100
'260',28,11,1980,2330.000,0.800,5.600,0.658,4.100,5.800,0.300
'260',29,11,1980,2360.000,-0.200,3.900,0.483,5.700,5.800,0.300
'260',30,11,1980,4250.000,-3.700,0.400,0.353,4.600,0.200,0.400
'260',1,12,1980,4290.000,-7.000,2.100,0.364,1.500,0.000,0.400
'260',2,12,1980,670.000,-0.700,3.500,0.601,3.600,1.200,0.100
'260',3,12,1980,3790.000,-0.400,4.300,0.519,3.100,1.800,0.400
'260',4,12,1980,2430.000,-1.000,4.100,0.570,2.600,0.800,0.300
'260',5,12,1980,400.000,-0.700,7.300,0.659,3.600,2.200,0.000
'260',6,12,1980,2800.000,-4.000,3.700,0.469,3.600,8.400,0.300
'260',7,12,1980,2790.000,-11.000,-0.300,0.322,1.500,0.100,0.300
'260',8,12,1980,3530.000,-8.900,2.800,0.370,1.500,0.000,0.300
'260',9,12,1980,2460.000,-3.100,0.800,0.394,6.200,0.000,0.300
'260',10,12,1980,1620.000,-1.700,5.600,0.508,6.700,0.000,0.200
'260',11,12,1980,270.000,5.400,8.500,0.883,6.200,0.000,0.000
'260',12,12,1980,510.000,4.700,7.500,0.843,3.600,3.200,0.100
'260',13,12,1980,340.000,5.200,10.800,0.841,6.200,0.000,0.000
'260',14,12,1980,690.000,6.500,12.100,1.000,5.700,0.800,0.100
'260',15,12,1980,3230.000,4.400,8.700,0.758,4.600,4.700,0.400
'260',16,12,1980,3470.000,1.400,7.800,0.685,2.600,7.200,0.400
'260',17,12,1980,1570.000,0.900,5.000,0.634,6.200,0.400,0.200
'260',18,12,1980,1940.000,1.600,6.000,0.681,3.100,15.300,0.200
'260',19,12,1980,1230.000,0.200,2.300,0.580,4.100,0.700,0.100
'260',20,12,1980,640.000,-0.300,2.800,0.598,4.600,0.800,0.100
'260',21,12,1980,780.000,0.300,4.300,0.649,2.100,2.900,0.100
'260',22,12,1980,910.000,-0.500,8.000,0.692,3.100,0.000,0.100
'260',23,12,1980,980.000,7.200,11.300,1.052,4.600,2.200,0.100
'260',24,12,1980,990.000,8.100,11.500,0.975,6.200,0.400,0.100
'260',25,12,1980,2020.000,3.400,9.900,0.733,5.100,0.600,0.300
'260',26,12,1980,3080.000,1.400,6.300,0.633,3.600,2.000,0.400
'260',27,12,1980,3700.000,-2.900,5.300,0.565,1.500,3.000,0.400
'260',28,12,1980,1380.000,-3.600,4.100,0.536,3.600,0.900,0.200
'260',29,12,1980,350.000,4.100,8.100,0.839,4.100,1.100,0.000
'260',30,12,1980,580.000,7.000,8.400,0.914,4.600,0.200,0.100
'260',31,12,1980,530.000,6.000,9.100,0.858,7.700,0.000,0.100
