* Source of data    : Royal Netherlands Meterological Institute (www.knmi.nl)  
* File content      : Input file for Swap 3.2 (www.swap.alterra.nl)  
* File generated by : Alterra - Wageningen-UR (www.alterra.wur.nl)  
* File generated at :  Fri Feb 20 00:19:39 2009  
station,DD,MM,YYYY,Rad,Tmin,Tmax,Hum,Wind,Rain,ETref
'260',1,1,1981,2300.000,0.700,8.000,0.635,6.200,3.400,0.300
'260',2,1,1981,290.000,3.400,8.400,0.850,5.700,8.600,0.000
'260',3,1,1981,1520.000,3.800,10.400,0.775,7.700,17.400,0.200
'260',4,1,1981,2100.000,0.300,6.300,0.619,4.600,5.700,0.300
'260',5,1,1981,3180.000,0.200,4.500,0.600,2.600,6.000,0.400
'260',6,1,1981,2600.000,-2.400,2.300,0.569,2.600,5.600,0.300
'260',7,1,1981,4000.000,-3.100,2.900,0.549,1.500,1.000,0.400
'260',8,1,1981,870.000,-4.000,2.700,0.547,2.600,0.600,0.100
'260',9,1,1981,1140.000,2.700,7.000,0.819,3.600,0.900,0.100
'260',10,1,1981,2960.000,1.100,4.900,0.630,3.600,10.100,0.300
'260',11,1,1981,4620.000,-3.600,3.600,0.512,2.100,0.000,0.500
'260',12,1,1981,570.000,-3.500,1.300,0.521,4.100,0.000,0.100
'260',13,1,1981,4100.000,-2.500,2.500,0.540,2.600,7.100,0.400
'260',14,1,1981,380.000,-0.500,7.500,0.676,6.700,1.200,0.000
'260',15,1,1981,2550.000,-0.900,4.300,0.617,4.100,18.400,0.300
'260',16,1,1981,2870.000,-2.700,3.700,0.554,3.100,4.000,0.300
'260',17,1,1981,2110.000,2.300,5.700,0.726,3.600,6.400,0.300
'260',18,1,1981,3370.000,-0.100,3.000,0.553,2.600,1.100,0.400
'260',19,1,1981,1410.000,-0.100,6.300,0.675,5.100,2.500,0.200
'260',20,1,1981,2760.000,-1.100,2.800,0.598,2.100,2.400,0.300
'260',21,1,1981,2200.000,-1.600,1.600,0.558,2.600,0.000,0.200
'260',22,1,1981,800.000,1.300,3.800,0.709,2.100,0.000,0.100
'260',23,1,1981,1010.000,3.800,6.000,0.864,1.500,0.000,0.100
'260',24,1,1981,570.000,1.700,6.500,0.798,2.600,0.000,0.100
'260',25,1,1981,1860.000,1.100,6.500,0.723,2.600,0.400,0.200
'260',26,1,1981,4840.000,-2.400,7.000,0.637,1.000,0.400,0.600
'260',27,1,1981,970.000,3.300,7.400,0.884,1.500,0.000,0.100
'260',28,1,1981,1380.000,4.000,6.100,0.856,1.000,0.200,0.200
'260',29,1,1981,1260.000,3.200,5.300,0.776,1.000,0.000,0.200
'260',30,1,1981,1130.000,-0.600,4.800,0.662,1.500,0.000,0.100
'260',31,1,1981,4350.000,0.300,8.300,0.732,2.100,0.000,0.500
'260',1,2,1981,1590.000,-1.500,5.600,0.663,2.100,0.000,0.200
'260',2,2,1981,5750.000,-0.400,8.000,0.634,4.100,0.000,0.700
'260',3,2,1981,3890.000,4.800,9.300,0.843,5.700,10.500,0.500
'260',4,2,1981,2190.000,0.900,5.400,0.650,3.100,3.800,0.300
'260',5,2,1981,2210.000,-0.700,4.400,0.610,2.600,1.400,0.300
'260',6,2,1981,1350.000,3.800,9.400,0.888,3.600,2.600,0.200
'260',7,2,1981,2200.000,7.600,10.700,1.049,4.600,1.700,0.300
'260',8,2,1981,1740.000,7.300,9.600,0.981,4.100,0.200,0.200
'260',9,2,1981,1760.000,5.300,8.300,0.855,2.600,2.200,0.200
'260',10,2,1981,2630.000,0.400,5.600,0.625,6.200,0.500,0.300
'260',11,2,1981,5940.000,-2.400,4.200,0.544,2.100,8.300,0.600
'260',12,2,1981,4490.000,-4.200,3.100,0.519,1.000,0.900,0.500
'260',13,2,1981,8280.000,-4.100,2.200,0.448,2.100,0.000,0.800
'260',14,2,1981,7820.000,-6.500,2.300,0.450,0.500,0.000,0.700
'260',15,2,1981,6550.000,-4.000,3.600,0.525,0.500,0.000,0.700
'260',16,2,1981,6090.000,-6.100,3.300,0.423,1.000,0.000,0.600
'260',17,2,1981,2530.000,0.400,3.500,0.615,2.600,0.000,0.300
'260',18,2,1981,1940.000,-1.700,2.000,0.514,4.100,1.000,0.200
'260',19,2,1981,2040.000,-1.500,0.800,0.510,4.100,0.300,0.200
'260',20,2,1981,4460.000,-4.700,-0.200,0.437,3.600,1.500,0.400
'260',21,2,1981,9030.000,-6.900,-0.300,0.380,2.100,0.000,0.800
'260',22,2,1981,8450.000,-6.800,1.400,0.395,3.600,0.000,0.800
'260',23,2,1981,7760.000,-6.400,1.500,0.409,3.100,0.000,0.700
'260',24,2,1981,3110.000,-4.200,0.100,0.482,4.100,0.300,0.300
'260',25,2,1981,7660.000,-1.900,3.000,0.562,2.600,1.100,0.800
'260',26,2,1981,5860.000,-2.300,3.900,0.554,3.100,0.000,0.600
'260',27,2,1981,10010.000,-2.900,7.400,0.360,6.200,0.000,1.200
'260',28,2,1981,3430.000,0.000,3.600,0.483,6.700,0.000,0.400
'260',1,3,1981,7470.000,1.800,8.600,0.772,3.100,5.700,0.900
'260',2,3,1981,3200.000,4.800,8.500,0.921,2.600,1.200,0.400
'260',3,3,1981,1990.000,0.200,5.400,0.719,4.100,2.100,0.200
'260',4,3,1981,5230.000,-0.700,1.900,0.508,3.100,0.700,0.600
'260',5,3,1981,4760.000,-0.100,5.400,0.594,2.100,0.000,0.500
'260',6,3,1981,3000.000,1.900,8.300,0.778,3.100,0.200,0.400
'260',7,3,1981,1270.000,7.800,13.300,1.138,6.700,0.600,0.200
'260',8,3,1981,2300.000,9.200,14.000,1.213,6.700,2.800,0.300
'260',9,3,1981,1700.000,8.400,10.900,1.159,4.600,6.100,0.200
'260',10,3,1981,1180.000,7.900,14.700,1.263,3.600,21.100,0.200
'260',11,3,1981,1510.000,9.800,14.300,1.293,7.700,12.700,0.200
'260',12,3,1981,2960.000,8.300,11.200,1.105,4.100,17.500,0.400
'260',13,3,1981,4900.000,6.900,11.800,1.031,3.600,3.400,0.700
'260',14,3,1981,2250.000,6.300,8.700,0.951,3.600,7.200,0.300
'260',15,3,1981,2140.000,3.600,7.500,0.835,2.100,8.500,0.300
'260',16,3,1981,6580.000,0.100,8.000,0.688,1.500,1.400,0.800
'260',17,3,1981,9540.000,-1.700,6.400,0.622,1.000,5.600,1.100
'260',18,3,1981,5800.000,-1.300,6.700,0.653,3.600,0.100,0.700
'260',19,3,1981,4840.000,6.200,9.500,0.780,6.700,0.100,0.700
'260',20,3,1981,11390.000,6.100,12.100,0.836,4.600,0.000,1.600
'260',21,3,1981,9640.000,6.800,15.700,0.903,5.700,0.000,1.500
'260',22,3,1981,3710.000,2.000,14.200,0.669,6.200,0.000,0.500
'260',23,3,1981,3210.000,0.400,12.400,0.762,4.600,1.000,0.400
'260',24,3,1981,6270.000,9.200,12.800,1.107,5.700,5.600,0.900
'260',25,3,1981,4250.000,11.300,16.600,1.364,4.100,4.300,0.700
'260',26,3,1981,6520.000,4.600,15.100,0.943,4.100,17.000,0.900
'260',27,3,1981,17230.000,1.900,15.500,0.632,3.600,2.500,2.500
'260',28,3,1981,8940.000,8.900,16.100,0.787,3.100,0.000,1.400
'260',29,3,1981,10300.000,9.500,17.600,1.001,2.600,0.000,1.600
'260',30,3,1981,6200.000,7.500,15.100,1.073,2.100,0.000,0.900
'260',31,3,1981,5520.000,6.900,14.000,1.031,2.600,0.000,0.800
'260',1,4,1981,2660.000,7.800,11.200,1.061,2.100,0.000,0.400
'260',2,4,1981,3070.000,7.200,9.800,1.017,1.500,0.200,0.400
'260',3,4,1981,3620.000,7.500,10.500,1.051,3.100,0.000,0.500
'260',4,4,1981,2500.000,5.500,7.500,0.811,2.600,0.000,0.300
'260',5,4,1981,8410.000,4.300,9.500,0.792,2.600,0.000,1.100
'260',6,4,1981,11000.000,2.600,11.300,0.694,2.600,0.000,1.500
'260',7,4,1981,10170.000,3.600,14.900,0.820,1.500,0.000,1.500
'260',8,4,1981,11810.000,5.900,15.800,0.882,1.500,1.900,1.700
'260',9,4,1981,15600.000,4.100,19.100,0.861,1.000,0.000,2.400
'260',10,4,1981,18370.000,5.000,20.600,0.745,2.600,0.000,3.000
'260',11,4,1981,16030.000,9.200,20.900,1.061,3.100,0.000,2.600
'260',12,4,1981,9070.000,8.200,16.100,1.174,1.500,0.000,1.400
'260',13,4,1981,13700.000,4.200,14.800,0.786,4.600,0.000,2.000
'260',14,4,1981,21090.000,3.100,18.300,0.650,3.600,0.000,3.100
'260',15,4,1981,21990.000,4.100,17.200,0.705,3.600,0.000,3.200
'260',16,4,1981,20650.000,4.700,16.900,0.698,4.100,0.000,3.000
'260',17,4,1981,20130.000,1.300,10.400,0.473,4.100,0.000,2.600
'260',18,4,1981,14180.000,0.100,10.400,0.563,3.100,0.000,1.800
'260',19,4,1981,8800.000,3.900,8.800,0.745,5.100,0.700,1.100
'260',20,4,1981,19420.000,1.300,11.200,0.625,4.600,2.700,2.500
'260',21,4,1981,6920.000,0.400,8.200,0.582,2.600,0.000,0.900
'260',22,4,1981,14060.000,2.000,8.800,0.618,2.600,0.000,1.800
'260',23,4,1981,18200.000,-3.300,7.600,0.473,2.100,0.400,2.100
'260',24,4,1981,20150.000,-4.400,9.300,0.346,3.600,0.100,2.500
'260',25,4,1981,7770.000,4.500,13.500,0.535,3.100,0.000,1.100
'260',26,4,1981,8120.000,5.300,10.900,0.847,2.100,0.000,1.100
'260',27,4,1981,16650.000,3.500,13.200,0.735,4.600,0.000,2.300
'260',28,4,1981,7420.000,0.400,8.100,0.684,2.600,0.000,0.900
'260',29,4,1981,8540.000,6.600,12.600,0.982,3.100,2.200,1.200
'260',30,4,1981,2680.000,7.600,10.300,1.071,3.600,2.000,0.400
'260',1,5,1981,18370.000,2.200,10.400,0.640,3.600,3.900,2.400
'260',2,5,1981,17900.000,0.800,10.400,0.599,3.100,1.800,2.300
'260',3,5,1981,13110.000,-2.000,10.300,0.527,3.600,0.200,1.700
'260',4,5,1981,7520.000,4.200,10.800,0.877,3.100,3.600,1.000
'260',5,5,1981,7930.000,0.600,9.400,0.679,3.100,3.600,1.000
'260',6,5,1981,6820.000,1.000,15.300,0.801,2.600,2.700,1.000
'260',7,5,1981,20210.000,5.000,20.400,0.870,4.100,0.800,3.300
'260',8,5,1981,7980.000,10.300,17.000,1.279,2.600,0.000,1.300
'260',9,5,1981,18120.000,11.000,23.100,1.291,2.100,0.000,3.100
'260',10,5,1981,22810.000,13.200,27.100,1.131,2.600,0.000,4.200
'260',11,5,1981,23340.000,14.500,25.400,1.314,3.100,0.000,4.200
'260',12,5,1981,22140.000,13.000,21.500,1.381,2.100,0.000,3.800
'260',13,5,1981,17840.000,11.000,19.700,1.236,1.500,5.900,3.000
'260',14,5,1981,8160.000,11.200,15.900,1.257,1.500,0.200,1.300
'260',15,5,1981,20430.000,10.600,18.800,1.159,2.100,2.900,3.300
'260',16,5,1981,11310.000,7.800,17.900,1.145,2.600,0.100,1.800
'260',17,5,1981,18010.000,6.000,15.900,0.986,2.600,3.100,2.700
'260',18,5,1981,22040.000,4.900,18.100,0.856,2.100,0.000,3.500
'260',19,5,1981,14020.000,11.600,22.700,1.316,2.100,0.000,2.400
'260',20,5,1981,22250.000,13.100,27.200,1.319,2.600,1.000,4.100
'260',21,5,1981,19870.000,13.300,25.600,1.543,1.500,0.000,3.600
'260',22,5,1981,14310.000,9.100,17.500,1.246,2.100,5.000,2.300
'260',23,5,1981,11050.000,8.300,17.300,1.240,3.100,1.500,1.700
'260',24,5,1981,15030.000,8.300,14.100,1.134,3.100,4.800,2.300
'260',25,5,1981,11560.000,7.200,14.600,1.097,2.600,1.000,1.700
'260',26,5,1981,16090.000,7.100,16.000,1.025,2.100,1.300,2.500
'260',27,5,1981,16190.000,5.700,18.600,0.988,1.500,0.000,2.500
'260',28,5,1981,13950.000,8.900,17.000,1.135,2.600,0.000,2.100
'260',29,5,1981,19910.000,6.300,18.800,1.035,1.000,0.200,3.200
'260',30,5,1981,19590.000,12.800,20.900,1.388,1.500,0.000,3.300
'260',31,5,1981,20680.000,14.200,26.600,1.725,2.100,3.700,3.700
'260',1,6,1981,22840.000,13.500,24.900,1.598,1.000,15.000,4.100
'260',2,6,1981,20650.000,14.300,26.000,1.691,2.100,0.000,3.700
'260',3,6,1981,19360.000,13.600,20.900,1.281,2.100,1.100,3.300
'260',4,6,1981,24060.000,11.600,18.600,1.068,3.100,4.000,4.000
'260',5,6,1981,17650.000,11.400,18.400,1.236,3.100,0.000,2.900
'260',6,6,1981,19160.000,10.800,19.100,1.258,3.100,8.200,3.200
'260',7,6,1981,16670.000,11.200,18.200,1.155,2.600,0.000,2.800
'260',8,6,1981,10300.000,14.200,21.000,1.707,2.600,0.000,1.800
'260',9,6,1981,13860.000,12.800,18.200,1.265,3.600,0.500,2.300
'260',10,6,1981,18400.000,10.600,17.400,1.074,4.100,0.200,3.000
'260',11,6,1981,7010.000,10.600,17.400,1.338,2.600,0.000,1.100
'260',12,6,1981,14530.000,6.200,15.900,0.958,2.600,1.300,2.300
'260',13,6,1981,25130.000,4.200,20.100,0.806,2.100,0.000,4.000
'260',14,6,1981,11240.000,13.200,20.900,1.467,2.100,0.000,2.000
'260',15,6,1981,12850.000,13.600,21.700,1.558,3.100,0.000,2.200
'260',16,6,1981,17720.000,10.200,16.200,0.981,3.600,0.100,2.800
'260',17,6,1981,12710.000,9.100,15.200,1.108,3.100,1.200,1.900
'260',18,6,1981,9030.000,9.200,13.000,0.917,2.600,5.200,1.400
'260',19,6,1981,19370.000,9.000,16.100,0.960,1.500,0.000,3.000
'260',20,6,1981,7830.000,9.200,14.800,1.087,1.500,0.100,1.200
'260',21,6,1981,12580.000,7.200,14.000,0.920,2.600,0.700,1.900
'260',22,6,1981,18430.000,8.700,18.800,1.156,3.100,0.000,3.000
'260',23,6,1981,19430.000,8.800,20.900,1.103,1.500,0.000,3.200
'260',24,6,1981,21390.000,9.200,22.300,1.187,1.000,0.000,3.600
'260',25,6,1981,11380.000,12.000,17.300,1.345,2.600,1.600,1.900
'260',26,6,1981,2080.000,11.000,13.000,1.274,3.100,3.200,0.300
'260',27,6,1981,9510.000,10.800,16.100,1.320,2.100,1.800,1.500
'260',28,6,1981,2440.000,11.500,12.700,1.341,3.600,1.400,0.400
'260',29,6,1981,5560.000,9.000,12.600,1.105,4.100,28.800,0.800
'260',30,6,1981,6090.000,8.600,15.100,1.205,3.600,22.100,1.000
'260',1,7,1981,11890.000,12.400,18.000,1.341,3.600,1.600,2.000
'260',2,7,1981,7940.000,12.100,18.400,1.457,1.500,0.000,1.300
'260',3,7,1981,16570.000,12.000,18.000,1.403,3.100,4.200,2.700
'260',4,7,1981,15610.000,12.200,19.900,1.411,3.100,0.500,2.600
'260',5,7,1981,18260.000,12.200,22.100,1.390,2.100,0.000,3.200
'260',6,7,1981,17020.000,13.100,22.000,1.421,2.600,0.100,3.000
'260',7,7,1981,20940.000,12.900,22.600,1.486,1.500,0.000,3.600
'260',8,7,1981,25860.000,13.800,28.000,1.448,1.500,0.000,4.900
'260',9,7,1981,20080.000,17.800,28.900,1.996,1.500,0.000,3.800
'260',10,7,1981,13360.000,16.900,23.300,2.026,1.500,1.600,2.400
'260',11,7,1981,15670.000,15.200,22.200,1.701,2.100,19.500,2.800
'260',12,7,1981,13360.000,11.500,19.600,1.396,2.600,7.600,2.200
'260',13,7,1981,15670.000,11.300,21.800,1.452,1.500,0.000,2.600
'260',14,7,1981,12940.000,11.200,19.600,1.328,2.600,0.900,2.200
'260',15,7,1981,16670.000,13.200,20.600,1.382,1.500,0.000,2.800
'260',16,7,1981,7070.000,12.300,19.000,1.560,3.100,0.200,1.200
'260',17,7,1981,22650.000,9.300,17.700,1.129,2.600,4.700,3.700
'260',18,7,1981,17390.000,9.400,17.500,1.143,1.500,0.100,2.800
'260',19,7,1981,21080.000,12.000,19.900,1.242,2.600,0.000,3.500
'260',20,7,1981,11450.000,14.400,18.900,1.537,2.100,0.300,2.000
'260',21,7,1981,8420.000,12.100,18.500,1.546,2.100,1.300,1.400
'260',22,7,1981,12650.000,12.300,20.600,1.440,2.600,2.100,2.200
'260',23,7,1981,18680.000,10.900,19.800,1.234,2.600,7.800,3.100
'260',24,7,1981,6150.000,10.100,15.000,1.305,3.100,0.000,1.000
'260',25,7,1981,8590.000,11.900,17.000,1.476,2.600,0.200,1.400
'260',26,7,1981,10880.000,8.000,18.000,1.186,2.600,24.700,1.800
'260',27,7,1981,24780.000,11.600,20.900,1.303,3.100,0.000,4.200
'260',28,7,1981,20410.000,12.000,23.400,1.509,1.500,0.000,3.600
'260',29,7,1981,17360.000,12.500,23.900,1.578,2.100,0.000,3.000
'260',30,7,1981,19090.000,9.400,19.200,1.172,1.500,0.000,3.100
'260',31,7,1981,17990.000,8.000,22.000,1.130,1.500,0.000,3.100
'260',1,8,1981,6710.000,13.300,18.200,1.501,2.600,0.900,1.100
'260',2,8,1981,18940.000,11.000,19.600,1.250,2.600,0.000,3.100
'260',3,8,1981,24920.000,8.800,23.000,1.340,1.000,0.000,4.200
'260',4,8,1981,24120.000,10.900,28.000,1.494,1.000,0.000,4.400
'260',5,8,1981,21280.000,15.600,28.900,1.718,1.500,0.000,4.000
'260',6,8,1981,19920.000,17.600,29.200,1.964,2.100,0.000,3.800
'260',7,8,1981,17750.000,17.800,26.900,2.045,1.500,0.000,3.300
'260',8,8,1981,5210.000,15.900,19.700,1.780,2.100,0.000,0.900
'260',9,8,1981,8970.000,15.200,20.400,1.707,1.500,0.000,1.500
'260',10,8,1981,4110.000,14.800,17.900,1.720,2.600,0.000,0.700
'260',11,8,1981,5710.000,14.200,18.000,1.561,2.100,0.000,1.000
'260',12,8,1981,20780.000,11.200,23.400,1.365,1.000,0.000,3.600
'260',13,8,1981,15880.000,10.700,23.800,1.434,0.500,0.000,2.800
'260',14,8,1981,19930.000,13.800,26.500,1.583,1.000,0.000,3.600
'260',15,8,1981,15130.000,15.300,27.000,1.730,1.000,0.000,2.800
'260',16,8,1981,18100.000,10.800,20.300,1.209,2.600,0.000,3.000
'260',17,8,1981,19000.000,7.800,19.200,0.990,2.100,0.100,3.000
'260',18,8,1981,16660.000,7.800,22.800,0.996,2.600,0.000,2.900
'260',19,8,1981,10010.000,14.200,19.800,1.524,2.600,0.200,1.700
'260',20,8,1981,12150.000,11.600,18.100,1.418,3.600,6.300,2.000
'260',21,8,1981,13530.000,11.600,17.600,1.254,2.600,4.900,2.200
'260',22,8,1981,10920.000,11.000,16.800,1.246,3.100,2.000,1.800
'260',23,8,1981,14350.000,10.000,18.900,1.227,2.100,0.300,2.300
'260',24,8,1981,10610.000,8.200,17.400,1.167,1.000,0.000,1.700
'260',25,8,1981,16260.000,6.600,21.900,1.138,1.000,0.000,2.700
'260',26,8,1981,15340.000,11.100,20.800,1.375,2.100,0.000,2.600
'260',27,8,1981,13570.000,10.000,21.300,1.340,1.500,0.000,2.300
'260',28,8,1981,11340.000,14.400,19.400,1.538,1.500,0.000,1.900
'260',29,8,1981,9860.000,11.100,19.100,1.340,1.500,0.000,1.600
'260',30,8,1981,18140.000,10.800,20.900,1.275,1.500,0.700,3.000
'260',31,8,1981,12360.000,9.100,20.200,1.243,1.000,0.000,2.000
'260',1,9,1981,16300.000,12.100,19.100,1.258,1.500,0.000,2.700
'260',2,9,1981,18150.000,8.400,21.600,1.066,2.100,0.000,3.000
'260',3,9,1981,17310.000,9.200,20.600,1.212,2.600,0.000,2.800
'260',4,9,1981,19040.000,6.400,22.600,0.997,1.000,0.000,3.100
'260',5,9,1981,18740.000,6.300,23.800,1.010,1.000,0.000,3.100
'260',6,9,1981,17570.000,5.100,24.100,0.992,0.500,0.000,2.900
'260',7,9,1981,14590.000,8.500,24.800,1.115,1.500,0.000,2.500
'260',8,9,1981,11250.000,14.100,23.300,1.751,2.100,0.000,2.000
'260',9,9,1981,4790.000,11.200,19.300,1.553,1.000,6.500,0.800
'260',10,9,1981,15700.000,10.300,24.200,1.400,1.500,0.000,2.700
'260',11,9,1981,6810.000,11.200,20.000,1.442,1.500,0.000,1.100
'260',12,9,1981,12360.000,11.300,21.100,1.466,2.100,0.100,2.100
'260',13,9,1981,14560.000,11.000,17.800,1.230,3.100,8.200,2.300
'260',14,9,1981,12730.000,9.300,17.600,1.156,2.600,1.000,2.000
'260',15,9,1981,3820.000,11.000,16.600,1.457,2.100,0.000,0.600
'260',16,9,1981,9280.000,11.000,20.200,1.504,1.500,0.000,1.600
'260',17,9,1981,6720.000,9.700,17.900,1.275,1.500,0.000,1.100
'260',18,9,1981,6490.000,12.200,18.500,1.501,2.600,0.000,1.100
'260',19,9,1981,10020.000,11.100,19.000,1.387,3.100,6.200,1.600
'260',20,9,1981,4310.000,13.200,17.100,1.520,4.100,8.000,0.700
'260',21,9,1981,9690.000,11.700,19.100,1.459,2.100,12.500,1.600
'260',22,9,1981,8330.000,11.100,19.400,1.383,1.500,0.800,1.400
'260',23,9,1981,11130.000,9.100,17.100,1.161,2.100,0.000,1.800
'260',24,9,1981,14170.000,9.000,18.300,1.085,3.100,0.000,2.300
'260',25,9,1981,3890.000,10.600,16.300,1.241,2.600,0.000,0.600
'260',26,9,1981,5330.000,10.600,19.300,1.302,4.100,0.000,0.900
'260',27,9,1981,10600.000,8.600,17.900,1.187,2.600,0.000,1.700
'260',28,9,1981,11480.000,6.000,18.300,1.101,1.000,0.000,1.700
'260',29,9,1981,13000.000,4.800,18.100,0.998,1.000,0.300,2.000
'260',30,9,1981,9290.000,8.300,17.200,1.040,3.100,0.000,1.500
'260',1,10,1981,12810.000,9.300,19.500,1.159,3.100,0.000,2.100
'260',2,10,1981,5640.000,11.000,17.000,1.346,2.100,0.000,0.900
'260',3,10,1981,8040.000,8.000,13.100,0.966,4.100,6.500,1.200
'260',4,10,1981,2340.000,6.100,12.100,1.006,4.100,4.000,0.300
'260',5,10,1981,11690.000,8.900,16.900,1.218,2.600,8.000,1.800
'260',6,10,1981,2690.000,9.700,16.100,1.336,3.100,1.800,0.400
'260',7,10,1981,10020.000,9.200,14.600,1.000,5.100,1.300,1.500
'260',8,10,1981,4680.000,8.900,14.700,1.167,4.100,0.500,0.700
'260',9,10,1981,3990.000,10.100,16.700,1.244,5.100,0.000,0.600
'260',10,10,1981,7090.000,6.900,12.600,0.947,5.100,9.800,1.000
'260',11,10,1981,6920.000,5.800,12.100,0.882,4.100,10.500,1.000
'260',12,10,1981,3530.000,3.600,9.100,0.836,2.600,1.900,0.500
'260',13,10,1981,3640.000,3.400,10.900,0.888,3.600,9.800,0.500
'260',14,10,1981,6570.000,1.400,11.400,0.811,2.100,3.400,0.900
'260',15,10,1981,3540.000,0.100,8.800,0.718,1.000,0.000,0.400
'260',16,10,1981,4180.000,-0.400,10.300,0.733,1.000,0.100,0.500
'260',17,10,1981,4480.000,2.300,9.700,0.776,2.100,0.000,0.600
'260',18,10,1981,1000.000,3.600,7.500,0.862,1.500,5.900,0.100
'260',19,10,1981,2700.000,0.600,11.900,0.814,3.600,0.300,0.400
'260',20,10,1981,1400.000,4.200,13.200,0.984,4.600,7.200,0.200
'260',21,10,1981,5150.000,2.100,9.200,0.768,2.100,2.800,0.700
'260',22,10,1981,3540.000,3.800,8.600,0.859,3.600,1.300,0.500
'260',23,10,1981,8420.000,-0.300,11.100,0.724,1.000,0.300,1.100
'260',24,10,1981,3130.000,-0.500,8.500,0.685,2.100,0.000,0.400
'260',25,10,1981,2930.000,1.900,9.200,0.814,2.100,3.700,0.400
'260',26,10,1981,4080.000,0.900,7.900,0.785,0.500,0.400,0.500
'260',27,10,1981,3110.000,3.500,7.800,0.839,2.600,0.900,0.400
'260',28,10,1981,6160.000,3.700,10.800,0.858,3.600,0.000,0.900
'260',29,10,1981,3910.000,7.100,11.500,1.007,3.600,8.500,0.600
'260',30,10,1981,6270.000,6.600,11.500,0.942,3.600,7.000,0.900
'260',31,10,1981,3940.000,6.300,14.200,0.973,4.100,3.800,0.600
'260',1,11,1981,1050.000,7.100,13.500,1.148,3.100,0.600,0.200
'260',2,11,1981,1300.000,10.000,14.200,1.202,3.600,1.000,0.200
'260',3,11,1981,2030.000,11.500,13.300,1.251,2.600,0.500,0.300
'260',4,11,1981,3480.000,4.100,12.500,0.921,2.600,1.800,0.500
'260',5,11,1981,5300.000,1.900,11.700,0.752,2.100,0.600,0.700
'260',6,11,1981,5350.000,2.200,10.900,0.721,2.100,0.000,0.700
'260',7,11,1981,6590.000,-2.700,9.200,0.560,1.500,0.600,0.800
'260',8,11,1981,7100.000,-3.700,6.100,0.498,1.000,0.000,0.800
'260',9,11,1981,2160.000,-2.300,6.400,0.604,1.000,0.000,0.300
'260',10,11,1981,1930.000,-3.100,5.000,0.581,3.100,0.000,0.200
'260',11,11,1981,990.000,3.500,7.600,0.789,4.600,8.900,0.100
'260',12,11,1981,2260.000,5.700,10.900,0.969,1.500,4.000,0.300
'260',13,11,1981,3580.000,4.400,9.700,0.790,3.100,0.200,0.500
'260',14,11,1981,4150.000,0.000,10.000,0.669,2.100,2.000,0.500
'260',15,11,1981,5980.000,-1.400,6.600,0.613,1.500,0.100,0.700
'260',16,11,1981,3040.000,-1.000,3.800,0.552,3.100,0.000,0.300
'260',17,11,1981,730.000,1.200,7.500,0.698,3.600,0.000,0.100
'260',18,11,1981,2670.000,6.600,11.600,1.013,5.700,1.700,0.400
'260',19,11,1981,5290.000,2.600,10.900,0.829,2.100,6.900,0.700
'260',20,11,1981,1190.000,4.400,15.300,0.938,7.700,1.600,0.200
'260',21,11,1981,1670.000,6.100,12.700,0.964,3.100,1.000,0.200
'260',22,11,1981,1460.000,10.800,12.700,1.198,4.100,2.400,0.200
'260',23,11,1981,2360.000,5.500,13.700,0.917,5.700,0.000,0.300
'260',24,11,1981,2690.000,2.000,7.100,0.557,5.100,4.100,0.300
'260',25,11,1981,1300.000,2.100,6.200,0.650,4.600,3.700,0.200
'260',26,11,1981,1400.000,5.600,10.500,0.933,4.600,6.300,0.200
'260',27,11,1981,360.000,6.100,10.600,0.911,5.700,2.300,0.100
'260',28,11,1981,1360.000,1.700,7.700,0.717,3.100,12.500,0.200
'260',29,11,1981,2850.000,3.200,8.200,0.757,3.600,4.800,0.400
'260',30,11,1981,460.000,0.900,8.700,0.768,3.600,1.000,0.100
'260',1,12,1981,2180.000,0.900,6.900,0.638,3.100,23.800,0.300
'260',2,12,1981,2330.000,1.100,7.900,0.727,1.000,0.000,0.300
'260',3,12,1981,2260.000,-0.500,9.100,0.757,2.100,0.600,0.300
'260',4,12,1981,690.000,1.400,9.000,0.749,4.100,15.500,0.100
'260',5,12,1981,1850.000,1.000,4.600,0.652,2.100,1.000,0.200
'260',6,12,1981,1400.000,2.100,5.200,0.733,2.100,3.400,0.200
'260',7,12,1981,1750.000,-0.700,4.500,0.646,2.100,3.500,0.200
'260',8,12,1981,720.000,-0.400,2.100,0.621,1.500,1.900,0.100
'260',9,12,1981,3180.000,-1.200,2.600,0.566,2.600,1.600,0.300
'260',10,12,1981,3120.000,-4.400,1.600,0.526,1.500,2.400,0.300
'260',11,12,1981,890.000,-4.200,0.000,0.506,2.100,0.000,0.100
'260',12,12,1981,3770.000,-7.300,0.600,0.446,1.000,0.300,0.300
'260',13,12,1981,3490.000,-4.700,-1.500,0.434,3.600,0.300,0.300
'260',14,12,1981,940.000,-3.100,2.500,0.537,5.100,4.700,0.100
'260',15,12,1981,3840.000,-7.100,-1.400,0.413,2.600,6.200,0.300
'260',16,12,1981,4760.000,-10.700,-5.300,0.317,1.500,0.000,0.400
'260',17,12,1981,3350.000,-11.600,-7.900,0.282,1.500,0.000,0.200
'260',18,12,1981,1640.000,-12.300,-6.700,0.284,2.600,0.000,0.100
'260',19,12,1981,3200.000,-6.800,0.500,0.460,1.000,0.000,0.300
'260',20,12,1981,2620.000,-6.400,-1.300,0.423,3.100,0.000,0.200
'260',21,12,1981,2190.000,-6.900,-2.400,0.370,4.100,0.000,0.200
'260',22,12,1981,920.000,-7.100,-4.900,0.385,2.100,4.100,0.100
'260',23,12,1981,1090.000,-5.100,0.500,0.499,1.000,0.100,0.100
'260',24,12,1981,1780.000,-3.300,0.700,0.516,2.600,0.000,0.200
'260',25,12,1981,2750.000,-4.000,3.400,0.534,1.500,0.000,0.300
'260',26,12,1981,1870.000,-5.000,-0.500,0.486,1.000,0.000,0.200
'260',27,12,1981,1680.000,-3.600,-0.600,0.489,3.100,0.000,0.200
'260',28,12,1981,1530.000,-1.300,2.000,0.547,2.600,0.000,0.200
'260',29,12,1981,490.000,1.500,5.500,0.691,4.600,1.700,0.100
'260',30,12,1981,2440.000,3.800,7.100,0.715,4.600,1.000,0.300
'260',31,12,1981,1040.000,0.100,8.000,0.728,2.600,7.200,0.100
